,Y_test,Y_pred_test,script,predictors,outcome,summary,time,cv_iter,slurmid,arrayid,fn
0,54.0,46.69028149401093,abcd-ml,pasleep,scale,weekly,3,s012,41284804,60,out/abcd-ml_pasleep_scale_weekly_3_s012_41284804_60.pkl
1,40.0,44.08989339053493,abcd-ml,pasleep,scale,weekly,3,s012,41284804,60,out/abcd-ml_pasleep_scale_weekly_3_s012_41284804_60.pkl
2,54.0,46.707382489132904,abcd-ml,pasleep,scale,weekly,3,s012,41284804,60,out/abcd-ml_pasleep_scale_weekly_3_s012_41284804_60.pkl
3,40.0,44.094434698909986,abcd-ml,pasleep,scale,weekly,3,s012,41284804,60,out/abcd-ml_pasleep_scale_weekly_3_s012_41284804_60.pkl
4,54.0,46.78913998991705,abcd-ml,pasleep,scale,weekly,3,s012,41284804,60,out/abcd-ml_pasleep_scale_weekly_3_s012_41284804_60.pkl
5,40.0,44.00386393237551,abcd-ml,pasleep,scale,weekly,3,s012,41284804,60,out/abcd-ml_pasleep_scale_weekly_3_s012_41284804_60.pkl
6,54.0,47.22958829100976,abcd-ml,pasleep,scale,weekly,3,s012,41284804,60,out/abcd-ml_pasleep_scale_weekly_3_s012_41284804_60.pkl
7,40.0,43.949341467173575,abcd-ml,pasleep,scale,weekly,3,s012,41284804,60,out/abcd-ml_pasleep_scale_weekly_3_s012_41284804_60.pkl
8,54.0,47.12719977039168,abcd-ml,pasleep,scale,weekly,3,s012,41284804,60,out/abcd-ml_pasleep_scale_weekly_3_s012_41284804_60.pkl
9,40.0,44.06320719670687,abcd-ml,pasleep,scale,weekly,3,s012,41284804,60,out/abcd-ml_pasleep_scale_weekly_3_s012_41284804_60.pkl
10,59.0,49.0618549301274,abcd-ml,pasleep,scale,weekly,3,s012,41284804,60,out/abcd-ml_pasleep_scale_weekly_3_s012_41284804_60.pkl
11,50.0,44.62970125554599,abcd-ml,pasleep,scale,weekly,3,s012,41284804,60,out/abcd-ml_pasleep_scale_weekly_3_s012_41284804_60.pkl
12,59.0,48.01812258431427,abcd-ml,pasleep,scale,weekly,3,s012,41284804,60,out/abcd-ml_pasleep_scale_weekly_3_s012_41284804_60.pkl
13,50.0,44.21036371781828,abcd-ml,pasleep,scale,weekly,3,s012,41284804,60,out/abcd-ml_pasleep_scale_weekly_3_s012_41284804_60.pkl
14,59.0,47.901013240332794,abcd-ml,pasleep,scale,weekly,3,s012,41284804,60,out/abcd-ml_pasleep_scale_weekly_3_s012_41284804_60.pkl
15,50.0,44.340447991337456,abcd-ml,pasleep,scale,weekly,3,s012,41284804,60,out/abcd-ml_pasleep_scale_weekly_3_s012_41284804_60.pkl
16,59.0,48.052081239101206,abcd-ml,pasleep,scale,weekly,3,s012,41284804,60,out/abcd-ml_pasleep_scale_weekly_3_s012_41284804_60.pkl
17,50.0,44.295578682912264,abcd-ml,pasleep,scale,weekly,3,s012,41284804,60,out/abcd-ml_pasleep_scale_weekly_3_s012_41284804_60.pkl
18,59.0,48.38911816567999,abcd-ml,pasleep,scale,weekly,3,s012,41284804,60,out/abcd-ml_pasleep_scale_weekly_3_s012_41284804_60.pkl
19,50.0,44.596663231491945,abcd-ml,pasleep,scale,weekly,3,s012,41284804,60,out/abcd-ml_pasleep_scale_weekly_3_s012_41284804_60.pkl
20,59.0,48.253369184330126,abcd-ml,pasleep,scale,weekly,3,s012,41284804,60,out/abcd-ml_pasleep_scale_weekly_3_s012_41284804_60.pkl
21,50.0,44.747603286914654,abcd-ml,pasleep,scale,weekly,3,s012,41284804,60,out/abcd-ml_pasleep_scale_weekly_3_s012_41284804_60.pkl
22,52.0,48.22767621086979,abcd-ml,pasleep,scale,weekly,3,s012,41284804,60,out/abcd-ml_pasleep_scale_weekly_3_s012_41284804_60.pkl
23,55.0,44.71263176060506,abcd-ml,pasleep,scale,weekly,3,s012,41284804,60,out/abcd-ml_pasleep_scale_weekly_3_s012_41284804_60.pkl
24,52.0,48.217900592502765,abcd-ml,pasleep,scale,weekly,3,s012,41284804,60,out/abcd-ml_pasleep_scale_weekly_3_s012_41284804_60.pkl
25,55.0,44.72307242761723,abcd-ml,pasleep,scale,weekly,3,s012,41284804,60,out/abcd-ml_pasleep_scale_weekly_3_s012_41284804_60.pkl
26,52.0,47.462804014225355,abcd-ml,pasleep,scale,weekly,3,s012,41284804,60,out/abcd-ml_pasleep_scale_weekly_3_s012_41284804_60.pkl
27,55.0,44.555862929578105,abcd-ml,pasleep,scale,weekly,3,s012,41284804,60,out/abcd-ml_pasleep_scale_weekly_3_s012_41284804_60.pkl
28,52.0,47.36785642034998,abcd-ml,pasleep,scale,weekly,3,s012,41284804,60,out/abcd-ml_pasleep_scale_weekly_3_s012_41284804_60.pkl
29,55.0,44.351122524968545,abcd-ml,pasleep,scale,weekly,3,s012,41284804,60,out/abcd-ml_pasleep_scale_weekly_3_s012_41284804_60.pkl
30,34.0,47.962814441009215,abcd-ml,pasleep,scale,weekly,3,s012,41284804,60,out/abcd-ml_pasleep_scale_weekly_3_s012_41284804_60.pkl
31,34.0,44.41801729534484,abcd-ml,pasleep,scale,weekly,3,s012,41284804,60,out/abcd-ml_pasleep_scale_weekly_3_s012_41284804_60.pkl
32,34.0,47.993705051253926,abcd-ml,pasleep,scale,weekly,3,s012,41284804,60,out/abcd-ml_pasleep_scale_weekly_3_s012_41284804_60.pkl
33,34.0,44.38418764418651,abcd-ml,pasleep,scale,weekly,3,s012,41284804,60,out/abcd-ml_pasleep_scale_weekly_3_s012_41284804_60.pkl
34,34.0,47.56634179728644,abcd-ml,pasleep,scale,weekly,3,s012,41284804,60,out/abcd-ml_pasleep_scale_weekly_3_s012_41284804_60.pkl
35,34.0,44.38230162978725,abcd-ml,pasleep,scale,weekly,3,s012,41284804,60,out/abcd-ml_pasleep_scale_weekly_3_s012_41284804_60.pkl
36,34.0,47.57704351568876,abcd-ml,pasleep,scale,weekly,3,s012,41284804,60,out/abcd-ml_pasleep_scale_weekly_3_s012_41284804_60.pkl
37,34.0,44.370853790215094,abcd-ml,pasleep,scale,weekly,3,s012,41284804,60,out/abcd-ml_pasleep_scale_weekly_3_s012_41284804_60.pkl
38,34.0,47.96070482749375,abcd-ml,pasleep,scale,weekly,3,s012,41284804,60,out/abcd-ml_pasleep_scale_weekly_3_s012_41284804_60.pkl
39,34.0,44.438432616655035,abcd-ml,pasleep,scale,weekly,3,s012,41284804,60,out/abcd-ml_pasleep_scale_weekly_3_s012_41284804_60.pkl
40,34.0,47.914149032643444,abcd-ml,pasleep,scale,weekly,3,s012,41284804,60,out/abcd-ml_pasleep_scale_weekly_3_s012_41284804_60.pkl
41,34.0,44.48973325590069,abcd-ml,pasleep,scale,weekly,3,s012,41284804,60,out/abcd-ml_pasleep_scale_weekly_3_s012_41284804_60.pkl
42,50.0,47.83732437226317,abcd-ml,pasleep,scale,weekly,3,s012,41284804,60,out/abcd-ml_pasleep_scale_weekly_3_s012_41284804_60.pkl
43,34.0,44.40013959130215,abcd-ml,pasleep,scale,weekly,3,s012,41284804,60,out/abcd-ml_pasleep_scale_weekly_3_s012_41284804_60.pkl
44,50.0,47.86108245542612,abcd-ml,pasleep,scale,weekly,3,s012,41284804,60,out/abcd-ml_pasleep_scale_weekly_3_s012_41284804_60.pkl
45,34.0,44.37404976992788,abcd-ml,pasleep,scale,weekly,3,s012,41284804,60,out/abcd-ml_pasleep_scale_weekly_3_s012_41284804_60.pkl
46,50.0,47.83319995982701,abcd-ml,pasleep,scale,weekly,3,s012,41284804,60,out/abcd-ml_pasleep_scale_weekly_3_s012_41284804_60.pkl
47,34.0,44.368423702372354,abcd-ml,pasleep,scale,weekly,3,s012,41284804,60,out/abcd-ml_pasleep_scale_weekly_3_s012_41284804_60.pkl
48,50.0,47.81825439225704,abcd-ml,pasleep,scale,weekly,3,s012,41284804,60,out/abcd-ml_pasleep_scale_weekly_3_s012_41284804_60.pkl
49,34.0,44.3852707749744,abcd-ml,pasleep,scale,weekly,3,s012,41284804,60,out/abcd-ml_pasleep_scale_weekly_3_s012_41284804_60.pkl
50,50.0,47.926299451030445,abcd-ml,pasleep,scale,weekly,3,s012,41284804,60,out/abcd-ml_pasleep_scale_weekly_3_s012_41284804_60.pkl
51,34.0,44.406882416759714,abcd-ml,pasleep,scale,weekly,3,s012,41284804,60,out/abcd-ml_pasleep_scale_weekly_3_s012_41284804_60.pkl
52,50.0,47.91312454492359,abcd-ml,pasleep,scale,weekly,3,s012,41284804,60,out/abcd-ml_pasleep_scale_weekly_3_s012_41284804_60.pkl
53,34.0,44.42172052828781,abcd-ml,pasleep,scale,weekly,3,s012,41284804,60,out/abcd-ml_pasleep_scale_weekly_3_s012_41284804_60.pkl
54,60.0,47.9518300161025,abcd-ml,pasleep,scale,weekly,3,s012,41284804,60,out/abcd-ml_pasleep_scale_weekly_3_s012_41284804_60.pkl
55,60.0,44.33379181720794,abcd-ml,pasleep,scale,weekly,3,s012,41284804,60,out/abcd-ml_pasleep_scale_weekly_3_s012_41284804_60.pkl
56,60.0,47.64379265041279,abcd-ml,pasleep,scale,weekly,3,s012,41284804,60,out/abcd-ml_pasleep_scale_weekly_3_s012_41284804_60.pkl
57,60.0,44.252709000233054,abcd-ml,pasleep,scale,weekly,3,s012,41284804,60,out/abcd-ml_pasleep_scale_weekly_3_s012_41284804_60.pkl
58,60.0,47.642675453260416,abcd-ml,pasleep,scale,weekly,3,s012,41284804,60,out/abcd-ml_pasleep_scale_weekly_3_s012_41284804_60.pkl
59,60.0,44.254048071278476,abcd-ml,pasleep,scale,weekly,3,s012,41284804,60,out/abcd-ml_pasleep_scale_weekly_3_s012_41284804_60.pkl
60,60.0,47.76882698562407,abcd-ml,pasleep,scale,weekly,3,s012,41284804,60,out/abcd-ml_pasleep_scale_weekly_3_s012_41284804_60.pkl
61,60.0,44.29706459572854,abcd-ml,pasleep,scale,weekly,3,s012,41284804,60,out/abcd-ml_pasleep_scale_weekly_3_s012_41284804_60.pkl
62,60.0,47.69528113917523,abcd-ml,pasleep,scale,weekly,3,s012,41284804,60,out/abcd-ml_pasleep_scale_weekly_3_s012_41284804_60.pkl
63,60.0,44.37868734735564,abcd-ml,pasleep,scale,weekly,3,s012,41284804,60,out/abcd-ml_pasleep_scale_weekly_3_s012_41284804_60.pkl
64,34.0,48.4013568036148,abcd-ml,pasleep,scale,weekly,3,s012,41284804,60,out/abcd-ml_pasleep_scale_weekly_3_s012_41284804_60.pkl
65,40.0,44.33182256412426,abcd-ml,pasleep,scale,weekly,3,s012,41284804,60,out/abcd-ml_pasleep_scale_weekly_3_s012_41284804_60.pkl
66,34.0,48.3828182728939,abcd-ml,pasleep,scale,weekly,3,s012,41284804,60,out/abcd-ml_pasleep_scale_weekly_3_s012_41284804_60.pkl
67,40.0,44.24450285596282,abcd-ml,pasleep,scale,weekly,3,s012,41284804,60,out/abcd-ml_pasleep_scale_weekly_3_s012_41284804_60.pkl
68,34.0,48.2247435651532,abcd-ml,pasleep,scale,weekly,3,s012,41284804,60,out/abcd-ml_pasleep_scale_weekly_3_s012_41284804_60.pkl
69,40.0,44.419286422951984,abcd-ml,pasleep,scale,weekly,3,s012,41284804,60,out/abcd-ml_pasleep_scale_weekly_3_s012_41284804_60.pkl
70,34.0,48.44079784192787,abcd-ml,pasleep,scale,weekly,3,s012,41284804,60,out/abcd-ml_pasleep_scale_weekly_3_s012_41284804_60.pkl
71,40.0,44.3098490314086,abcd-ml,pasleep,scale,weekly,3,s012,41284804,60,out/abcd-ml_pasleep_scale_weekly_3_s012_41284804_60.pkl
72,50.0,46.43463189483684,abcd-ml,pasleep,scale,weekly,3,s012,41284804,60,out/abcd-ml_pasleep_scale_weekly_3_s012_41284804_60.pkl
73,63.0,44.401485845210715,abcd-ml,pasleep,scale,weekly,3,s012,41284804,60,out/abcd-ml_pasleep_scale_weekly_3_s012_41284804_60.pkl
74,50.0,46.674364248157715,abcd-ml,pasleep,scale,weekly,3,s012,41284804,60,out/abcd-ml_pasleep_scale_weekly_3_s012_41284804_60.pkl
75,63.0,44.13656778582083,abcd-ml,pasleep,scale,weekly,3,s012,41284804,60,out/abcd-ml_pasleep_scale_weekly_3_s012_41284804_60.pkl
76,50.0,47.27996575250613,abcd-ml,pasleep,scale,weekly,3,s012,41284804,60,out/abcd-ml_pasleep_scale_weekly_3_s012_41284804_60.pkl
77,63.0,44.13706566744178,abcd-ml,pasleep,scale,weekly,3,s012,41284804,60,out/abcd-ml_pasleep_scale_weekly_3_s012_41284804_60.pkl
78,50.0,47.108018583936214,abcd-ml,pasleep,scale,weekly,3,s012,41284804,60,out/abcd-ml_pasleep_scale_weekly_3_s012_41284804_60.pkl
79,63.0,44.3292481431626,abcd-ml,pasleep,scale,weekly,3,s012,41284804,60,out/abcd-ml_pasleep_scale_weekly_3_s012_41284804_60.pkl
80,50.0,47.03644652626181,abcd-ml,pasleep,scale,weekly,3,s012,41284804,60,out/abcd-ml_pasleep_scale_weekly_3_s012_41284804_60.pkl
81,63.0,44.34331380999264,abcd-ml,pasleep,scale,weekly,3,s012,41284804,60,out/abcd-ml_pasleep_scale_weekly_3_s012_41284804_60.pkl
82,50.0,47.106687098694564,abcd-ml,pasleep,scale,weekly,3,s012,41284804,60,out/abcd-ml_pasleep_scale_weekly_3_s012_41284804_60.pkl
83,63.0,44.26651428817458,abcd-ml,pasleep,scale,weekly,3,s012,41284804,60,out/abcd-ml_pasleep_scale_weekly_3_s012_41284804_60.pkl
84,68.0,48.057485236199874,abcd-ml,pasleep,scale,weekly,3,s012,41284804,60,out/abcd-ml_pasleep_scale_weekly_3_s012_41284804_60.pkl
85,64.0,44.35485698407982,abcd-ml,pasleep,scale,weekly,3,s012,41284804,60,out/abcd-ml_pasleep_scale_weekly_3_s012_41284804_60.pkl
86,68.0,47.93908010123905,abcd-ml,pasleep,scale,weekly,3,s012,41284804,60,out/abcd-ml_pasleep_scale_weekly_3_s012_41284804_60.pkl
87,64.0,44.485782280365264,abcd-ml,pasleep,scale,weekly,3,s012,41284804,60,out/abcd-ml_pasleep_scale_weekly_3_s012_41284804_60.pkl
88,68.0,47.23956635993456,abcd-ml,pasleep,scale,weekly,3,s012,41284804,60,out/abcd-ml_pasleep_scale_weekly_3_s012_41284804_60.pkl
89,64.0,44.11374928551328,abcd-ml,pasleep,scale,weekly,3,s012,41284804,60,out/abcd-ml_pasleep_scale_weekly_3_s012_41284804_60.pkl
90,68.0,47.70997937132395,abcd-ml,pasleep,scale,weekly,3,s012,41284804,60,out/abcd-ml_pasleep_scale_weekly_3_s012_41284804_60.pkl
91,64.0,44.075334636109474,abcd-ml,pasleep,scale,weekly,3,s012,41284804,60,out/abcd-ml_pasleep_scale_weekly_3_s012_41284804_60.pkl
92,68.0,47.56278411715406,abcd-ml,pasleep,scale,weekly,3,s012,41284804,60,out/abcd-ml_pasleep_scale_weekly_3_s012_41284804_60.pkl
93,64.0,44.2381465931216,abcd-ml,pasleep,scale,weekly,3,s012,41284804,60,out/abcd-ml_pasleep_scale_weekly_3_s012_41284804_60.pkl
94,34.0,48.80794443734021,abcd-ml,pasleep,scale,weekly,3,s012,41284804,60,out/abcd-ml_pasleep_scale_weekly_3_s012_41284804_60.pkl
95,33.0,44.67366940075292,abcd-ml,pasleep,scale,weekly,3,s012,41284804,60,out/abcd-ml_pasleep_scale_weekly_3_s012_41284804_60.pkl
96,34.0,48.838838726570145,abcd-ml,pasleep,scale,weekly,3,s012,41284804,60,out/abcd-ml_pasleep_scale_weekly_3_s012_41284804_60.pkl
97,33.0,44.63946245901778,abcd-ml,pasleep,scale,weekly,3,s012,41284804,60,out/abcd-ml_pasleep_scale_weekly_3_s012_41284804_60.pkl
98,34.0,48.640284403967165,abcd-ml,pasleep,scale,weekly,3,s012,41284804,60,out/abcd-ml_pasleep_scale_weekly_3_s012_41284804_60.pkl
99,33.0,44.61180136665794,abcd-ml,pasleep,scale,weekly,3,s012,41284804,60,out/abcd-ml_pasleep_scale_weekly_3_s012_41284804_60.pkl
100,34.0,48.6387687645198,abcd-ml,pasleep,scale,weekly,3,s012,41284804,60,out/abcd-ml_pasleep_scale_weekly_3_s012_41284804_60.pkl
101,33.0,44.61342502274522,abcd-ml,pasleep,scale,weekly,3,s012,41284804,60,out/abcd-ml_pasleep_scale_weekly_3_s012_41284804_60.pkl
102,34.0,49.15916825088105,abcd-ml,pasleep,scale,weekly,3,s012,41284804,60,out/abcd-ml_pasleep_scale_weekly_3_s012_41284804_60.pkl
103,33.0,44.69611695730748,abcd-ml,pasleep,scale,weekly,3,s012,41284804,60,out/abcd-ml_pasleep_scale_weekly_3_s012_41284804_60.pkl
104,50.0,48.464271203233885,abcd-ml,pasleep,scale,weekly,3,s012,41284804,60,out/abcd-ml_pasleep_scale_weekly_3_s012_41284804_60.pkl
105,59.0,44.61254707890043,abcd-ml,pasleep,scale,weekly,3,s012,41284804,60,out/abcd-ml_pasleep_scale_weekly_3_s012_41284804_60.pkl
106,50.0,47.90929326706497,abcd-ml,pasleep,scale,weekly,3,s012,41284804,60,out/abcd-ml_pasleep_scale_weekly_3_s012_41284804_60.pkl
107,59.0,44.33130582409089,abcd-ml,pasleep,scale,weekly,3,s012,41284804,60,out/abcd-ml_pasleep_scale_weekly_3_s012_41284804_60.pkl
108,50.0,47.73026867117938,abcd-ml,pasleep,scale,weekly,3,s012,41284804,60,out/abcd-ml_pasleep_scale_weekly_3_s012_41284804_60.pkl
109,59.0,44.20308490700668,abcd-ml,pasleep,scale,weekly,3,s012,41284804,60,out/abcd-ml_pasleep_scale_weekly_3_s012_41284804_60.pkl
110,50.0,47.64391367091554,abcd-ml,pasleep,scale,weekly,3,s012,41284804,60,out/abcd-ml_pasleep_scale_weekly_3_s012_41284804_60.pkl
111,59.0,44.29535734119442,abcd-ml,pasleep,scale,weekly,3,s012,41284804,60,out/abcd-ml_pasleep_scale_weekly_3_s012_41284804_60.pkl
112,50.0,47.651475509521234,abcd-ml,pasleep,scale,weekly,3,s012,41284804,60,out/abcd-ml_pasleep_scale_weekly_3_s012_41284804_60.pkl
113,59.0,44.28724278163194,abcd-ml,pasleep,scale,weekly,3,s012,41284804,60,out/abcd-ml_pasleep_scale_weekly_3_s012_41284804_60.pkl
114,34.0,48.563229669889274,abcd-ml,pasleep,scale,weekly,3,s012,41284804,60,out/abcd-ml_pasleep_scale_weekly_3_s012_41284804_60.pkl
115,46.0,44.3646584768566,abcd-ml,pasleep,scale,weekly,3,s012,41284804,60,out/abcd-ml_pasleep_scale_weekly_3_s012_41284804_60.pkl
116,34.0,48.410626609586075,abcd-ml,pasleep,scale,weekly,3,s012,41284804,60,out/abcd-ml_pasleep_scale_weekly_3_s012_41284804_60.pkl
117,46.0,44.53369302169732,abcd-ml,pasleep,scale,weekly,3,s012,41284804,60,out/abcd-ml_pasleep_scale_weekly_3_s012_41284804_60.pkl
118,34.0,48.04484254659381,abcd-ml,pasleep,scale,weekly,3,s012,41284804,60,out/abcd-ml_pasleep_scale_weekly_3_s012_41284804_60.pkl
119,46.0,44.178951883667835,abcd-ml,pasleep,scale,weekly,3,s012,41284804,60,out/abcd-ml_pasleep_scale_weekly_3_s012_41284804_60.pkl
120,34.0,47.88389957403414,abcd-ml,pasleep,scale,weekly,3,s012,41284804,60,out/abcd-ml_pasleep_scale_weekly_3_s012_41284804_60.pkl
121,46.0,44.35720819434414,abcd-ml,pasleep,scale,weekly,3,s012,41284804,60,out/abcd-ml_pasleep_scale_weekly_3_s012_41284804_60.pkl
122,34.0,48.16882660121268,abcd-ml,pasleep,scale,weekly,3,s012,41284804,60,out/abcd-ml_pasleep_scale_weekly_3_s012_41284804_60.pkl
123,46.0,44.414626771390864,abcd-ml,pasleep,scale,weekly,3,s012,41284804,60,out/abcd-ml_pasleep_scale_weekly_3_s012_41284804_60.pkl
124,76.0,48.58042256218177,abcd-ml,pasleep,scale,weekly,3,s012,41284804,60,out/abcd-ml_pasleep_scale_weekly_3_s012_41284804_60.pkl
125,67.0,44.71822797752044,abcd-ml,pasleep,scale,weekly,3,s012,41284804,60,out/abcd-ml_pasleep_scale_weekly_3_s012_41284804_60.pkl
126,76.0,48.698174583241425,abcd-ml,pasleep,scale,weekly,3,s012,41284804,60,out/abcd-ml_pasleep_scale_weekly_3_s012_41284804_60.pkl
127,67.0,44.58843766364133,abcd-ml,pasleep,scale,weekly,3,s012,41284804,60,out/abcd-ml_pasleep_scale_weekly_3_s012_41284804_60.pkl
128,76.0,48.36840850612272,abcd-ml,pasleep,scale,weekly,3,s012,41284804,60,out/abcd-ml_pasleep_scale_weekly_3_s012_41284804_60.pkl
129,67.0,44.56795905076291,abcd-ml,pasleep,scale,weekly,3,s012,41284804,60,out/abcd-ml_pasleep_scale_weekly_3_s012_41284804_60.pkl
130,76.0,48.44548822194652,abcd-ml,pasleep,scale,weekly,3,s012,41284804,60,out/abcd-ml_pasleep_scale_weekly_3_s012_41284804_60.pkl
131,67.0,44.483289568607844,abcd-ml,pasleep,scale,weekly,3,s012,41284804,60,out/abcd-ml_pasleep_scale_weekly_3_s012_41284804_60.pkl
132,76.0,48.231218385857474,abcd-ml,pasleep,scale,weekly,3,s012,41284804,60,out/abcd-ml_pasleep_scale_weekly_3_s012_41284804_60.pkl
133,67.0,44.42299338487132,abcd-ml,pasleep,scale,weekly,3,s012,41284804,60,out/abcd-ml_pasleep_scale_weekly_3_s012_41284804_60.pkl
134,76.0,48.17417897057629,abcd-ml,pasleep,scale,weekly,3,s012,41284804,60,out/abcd-ml_pasleep_scale_weekly_3_s012_41284804_60.pkl
135,67.0,44.487220544886426,abcd-ml,pasleep,scale,weekly,3,s012,41284804,60,out/abcd-ml_pasleep_scale_weekly_3_s012_41284804_60.pkl
136,34.0,47.12322128255503,abcd-ml,pasleep,scale,weekly,3,s012,41284804,60,out/abcd-ml_pasleep_scale_weekly_3_s012_41284804_60.pkl
137,34.0,44.13239887653346,abcd-ml,pasleep,scale,weekly,3,s012,41284804,60,out/abcd-ml_pasleep_scale_weekly_3_s012_41284804_60.pkl
138,34.0,47.01585966903149,abcd-ml,pasleep,scale,weekly,3,s012,41284804,60,out/abcd-ml_pasleep_scale_weekly_3_s012_41284804_60.pkl
139,34.0,44.251232099204884,abcd-ml,pasleep,scale,weekly,3,s012,41284804,60,out/abcd-ml_pasleep_scale_weekly_3_s012_41284804_60.pkl
140,34.0,47.629659214255774,abcd-ml,pasleep,scale,weekly,3,s012,41284804,60,out/abcd-ml_pasleep_scale_weekly_3_s012_41284804_60.pkl
141,34.0,44.3267711565113,abcd-ml,pasleep,scale,weekly,3,s012,41284804,60,out/abcd-ml_pasleep_scale_weekly_3_s012_41284804_60.pkl
142,34.0,47.566105233583365,abcd-ml,pasleep,scale,weekly,3,s012,41284804,60,out/abcd-ml_pasleep_scale_weekly_3_s012_41284804_60.pkl
143,34.0,44.39692377749382,abcd-ml,pasleep,scale,weekly,3,s012,41284804,60,out/abcd-ml_pasleep_scale_weekly_3_s012_41284804_60.pkl
144,34.0,48.00805632623677,abcd-ml,pasleep,scale,weekly,3,s012,41284804,60,out/abcd-ml_pasleep_scale_weekly_3_s012_41284804_60.pkl
145,34.0,44.52948754441033,abcd-ml,pasleep,scale,weekly,3,s012,41284804,60,out/abcd-ml_pasleep_scale_weekly_3_s012_41284804_60.pkl
146,34.0,48.10476850492872,abcd-ml,pasleep,scale,weekly,3,s012,41284804,60,out/abcd-ml_pasleep_scale_weekly_3_s012_41284804_60.pkl
147,34.0,44.42256048936086,abcd-ml,pasleep,scale,weekly,3,s012,41284804,60,out/abcd-ml_pasleep_scale_weekly_3_s012_41284804_60.pkl
148,70.0,47.58474505114702,abcd-ml,pasleep,scale,weekly,3,s012,41284804,60,out/abcd-ml_pasleep_scale_weekly_3_s012_41284804_60.pkl
149,54.0,44.532882596893806,abcd-ml,pasleep,scale,weekly,3,s012,41284804,60,out/abcd-ml_pasleep_scale_weekly_3_s012_41284804_60.pkl
150,70.0,47.49035787653898,abcd-ml,pasleep,scale,weekly,3,s012,41284804,60,out/abcd-ml_pasleep_scale_weekly_3_s012_41284804_60.pkl
151,54.0,44.46951906976544,abcd-ml,pasleep,scale,weekly,3,s012,41284804,60,out/abcd-ml_pasleep_scale_weekly_3_s012_41284804_60.pkl
152,70.0,47.411977470275275,abcd-ml,pasleep,scale,weekly,3,s012,41284804,60,out/abcd-ml_pasleep_scale_weekly_3_s012_41284804_60.pkl
153,54.0,44.51570210457971,abcd-ml,pasleep,scale,weekly,3,s012,41284804,60,out/abcd-ml_pasleep_scale_weekly_3_s012_41284804_60.pkl
154,70.0,47.57173041310435,abcd-ml,pasleep,scale,weekly,3,s012,41284804,60,out/abcd-ml_pasleep_scale_weekly_3_s012_41284804_60.pkl
155,54.0,44.33922055930063,abcd-ml,pasleep,scale,weekly,3,s012,41284804,60,out/abcd-ml_pasleep_scale_weekly_3_s012_41284804_60.pkl
156,33.0,48.0420762110823,abcd-ml,pasleep,scale,weekly,3,s012,41284804,60,out/abcd-ml_pasleep_scale_weekly_3_s012_41284804_60.pkl
157,41.0,44.338104566084894,abcd-ml,pasleep,scale,weekly,3,s012,41284804,60,out/abcd-ml_pasleep_scale_weekly_3_s012_41284804_60.pkl
158,33.0,47.96650666192413,abcd-ml,pasleep,scale,weekly,3,s012,41284804,60,out/abcd-ml_pasleep_scale_weekly_3_s012_41284804_60.pkl
159,41.0,44.421325344684846,abcd-ml,pasleep,scale,weekly,3,s012,41284804,60,out/abcd-ml_pasleep_scale_weekly_3_s012_41284804_60.pkl
160,33.0,48.401680261799726,abcd-ml,pasleep,scale,weekly,3,s012,41284804,60,out/abcd-ml_pasleep_scale_weekly_3_s012_41284804_60.pkl
161,41.0,44.248420882550164,abcd-ml,pasleep,scale,weekly,3,s012,41284804,60,out/abcd-ml_pasleep_scale_weekly_3_s012_41284804_60.pkl
162,33.0,48.1557507911862,abcd-ml,pasleep,scale,weekly,3,s012,41284804,60,out/abcd-ml_pasleep_scale_weekly_3_s012_41284804_60.pkl
163,41.0,44.520773825208494,abcd-ml,pasleep,scale,weekly,3,s012,41284804,60,out/abcd-ml_pasleep_scale_weekly_3_s012_41284804_60.pkl
164,33.0,48.085627749391605,abcd-ml,pasleep,scale,weekly,3,s012,41284804,60,out/abcd-ml_pasleep_scale_weekly_3_s012_41284804_60.pkl
165,41.0,44.223043589675385,abcd-ml,pasleep,scale,weekly,3,s012,41284804,60,out/abcd-ml_pasleep_scale_weekly_3_s012_41284804_60.pkl
166,33.0,47.88212900314759,abcd-ml,pasleep,scale,weekly,3,s012,41284804,60,out/abcd-ml_pasleep_scale_weekly_3_s012_41284804_60.pkl
167,41.0,44.448243196921254,abcd-ml,pasleep,scale,weekly,3,s012,41284804,60,out/abcd-ml_pasleep_scale_weekly_3_s012_41284804_60.pkl
168,68.0,47.80584794722162,abcd-ml,pasleep,scale,weekly,3,s012,41284804,60,out/abcd-ml_pasleep_scale_weekly_3_s012_41284804_60.pkl
169,72.0,44.080124398757526,abcd-ml,pasleep,scale,weekly,3,s012,41284804,60,out/abcd-ml_pasleep_scale_weekly_3_s012_41284804_60.pkl
170,68.0,47.67279607688335,abcd-ml,pasleep,scale,weekly,3,s012,41284804,60,out/abcd-ml_pasleep_scale_weekly_3_s012_41284804_60.pkl
171,72.0,44.22724989595392,abcd-ml,pasleep,scale,weekly,3,s012,41284804,60,out/abcd-ml_pasleep_scale_weekly_3_s012_41284804_60.pkl
172,68.0,47.988239603794455,abcd-ml,pasleep,scale,weekly,3,s012,41284804,60,out/abcd-ml_pasleep_scale_weekly_3_s012_41284804_60.pkl
173,72.0,44.23280605143117,abcd-ml,pasleep,scale,weekly,3,s012,41284804,60,out/abcd-ml_pasleep_scale_weekly_3_s012_41284804_60.pkl
174,68.0,47.80101962981371,abcd-ml,pasleep,scale,weekly,3,s012,41284804,60,out/abcd-ml_pasleep_scale_weekly_3_s012_41284804_60.pkl
175,72.0,44.44003779192558,abcd-ml,pasleep,scale,weekly,3,s012,41284804,60,out/abcd-ml_pasleep_scale_weekly_3_s012_41284804_60.pkl
176,68.0,47.93188726765591,abcd-ml,pasleep,scale,weekly,3,s012,41284804,60,out/abcd-ml_pasleep_scale_weekly_3_s012_41284804_60.pkl
177,72.0,44.28117326029199,abcd-ml,pasleep,scale,weekly,3,s012,41284804,60,out/abcd-ml_pasleep_scale_weekly_3_s012_41284804_60.pkl
178,68.0,47.82382900265003,abcd-ml,pasleep,scale,weekly,3,s012,41284804,60,out/abcd-ml_pasleep_scale_weekly_3_s012_41284804_60.pkl
179,72.0,44.40046603619926,abcd-ml,pasleep,scale,weekly,3,s012,41284804,60,out/abcd-ml_pasleep_scale_weekly_3_s012_41284804_60.pkl
180,61.0,46.84684763210507,abcd-ml,pasleep,scale,weekly,3,s012,41284804,60,out/abcd-ml_pasleep_scale_weekly_3_s012_41284804_60.pkl
181,65.0,44.15379171507137,abcd-ml,pasleep,scale,weekly,3,s012,41284804,60,out/abcd-ml_pasleep_scale_weekly_3_s012_41284804_60.pkl
182,61.0,46.82126041391423,abcd-ml,pasleep,scale,weekly,3,s012,41284804,60,out/abcd-ml_pasleep_scale_weekly_3_s012_41284804_60.pkl
183,65.0,44.18265134678951,abcd-ml,pasleep,scale,weekly,3,s012,41284804,60,out/abcd-ml_pasleep_scale_weekly_3_s012_41284804_60.pkl
184,61.0,47.115666498445975,abcd-ml,pasleep,scale,weekly,3,s012,41284804,60,out/abcd-ml_pasleep_scale_weekly_3_s012_41284804_60.pkl
185,65.0,44.18162478882078,abcd-ml,pasleep,scale,weekly,3,s012,41284804,60,out/abcd-ml_pasleep_scale_weekly_3_s012_41284804_60.pkl
186,61.0,47.16271026077394,abcd-ml,pasleep,scale,weekly,3,s012,41284804,60,out/abcd-ml_pasleep_scale_weekly_3_s012_41284804_60.pkl
187,65.0,44.129789838853746,abcd-ml,pasleep,scale,weekly,3,s012,41284804,60,out/abcd-ml_pasleep_scale_weekly_3_s012_41284804_60.pkl
188,61.0,45.900963296446264,abcd-ml,pasleep,scale,weekly,3,s012,41284804,60,out/abcd-ml_pasleep_scale_weekly_3_s012_41284804_60.pkl
189,65.0,43.81879475866339,abcd-ml,pasleep,scale,weekly,3,s012,41284804,60,out/abcd-ml_pasleep_scale_weekly_3_s012_41284804_60.pkl
190,61.0,45.97753956047768,abcd-ml,pasleep,scale,weekly,3,s012,41284804,60,out/abcd-ml_pasleep_scale_weekly_3_s012_41284804_60.pkl
191,65.0,43.73412419621437,abcd-ml,pasleep,scale,weekly,3,s012,41284804,60,out/abcd-ml_pasleep_scale_weekly_3_s012_41284804_60.pkl
192,52.0,48.05862509027459,abcd-ml,pasleep,scale,weekly,3,s012,41284804,60,out/abcd-ml_pasleep_scale_weekly_3_s012_41284804_60.pkl
193,43.0,44.54762359230334,abcd-ml,pasleep,scale,weekly,3,s012,41284804,60,out/abcd-ml_pasleep_scale_weekly_3_s012_41284804_60.pkl
194,52.0,48.07977735116184,abcd-ml,pasleep,scale,weekly,3,s012,41284804,60,out/abcd-ml_pasleep_scale_weekly_3_s012_41284804_60.pkl
195,43.0,44.52426656097261,abcd-ml,pasleep,scale,weekly,3,s012,41284804,60,out/abcd-ml_pasleep_scale_weekly_3_s012_41284804_60.pkl
196,52.0,48.520284261292254,abcd-ml,pasleep,scale,weekly,3,s012,41284804,60,out/abcd-ml_pasleep_scale_weekly_3_s012_41284804_60.pkl
197,43.0,44.480591581198254,abcd-ml,pasleep,scale,weekly,3,s012,41284804,60,out/abcd-ml_pasleep_scale_weekly_3_s012_41284804_60.pkl
198,52.0,48.486723928136186,abcd-ml,pasleep,scale,weekly,3,s012,41284804,60,out/abcd-ml_pasleep_scale_weekly_3_s012_41284804_60.pkl
199,43.0,44.51795084123802,abcd-ml,pasleep,scale,weekly,3,s012,41284804,60,out/abcd-ml_pasleep_scale_weekly_3_s012_41284804_60.pkl
200,52.0,48.18551367942583,abcd-ml,pasleep,scale,weekly,3,s012,41284804,60,out/abcd-ml_pasleep_scale_weekly_3_s012_41284804_60.pkl
201,43.0,44.421019473361696,abcd-ml,pasleep,scale,weekly,3,s012,41284804,60,out/abcd-ml_pasleep_scale_weekly_3_s012_41284804_60.pkl
202,52.0,48.13813787965893,abcd-ml,pasleep,scale,weekly,3,s012,41284804,60,out/abcd-ml_pasleep_scale_weekly_3_s012_41284804_60.pkl
203,43.0,44.47367630954868,abcd-ml,pasleep,scale,weekly,3,s012,41284804,60,out/abcd-ml_pasleep_scale_weekly_3_s012_41284804_60.pkl
204,43.0,47.7711721629096,abcd-ml,pasleep,scale,weekly,3,s012,41284804,60,out/abcd-ml_pasleep_scale_weekly_3_s012_41284804_60.pkl
205,34.0,44.466007628278845,abcd-ml,pasleep,scale,weekly,3,s012,41284804,60,out/abcd-ml_pasleep_scale_weekly_3_s012_41284804_60.pkl
206,43.0,47.866275110963755,abcd-ml,pasleep,scale,weekly,3,s012,41284804,60,out/abcd-ml_pasleep_scale_weekly_3_s012_41284804_60.pkl
207,34.0,44.36094026251513,abcd-ml,pasleep,scale,weekly,3,s012,41284804,60,out/abcd-ml_pasleep_scale_weekly_3_s012_41284804_60.pkl
208,43.0,47.893625125609645,abcd-ml,pasleep,scale,weekly,3,s012,41284804,60,out/abcd-ml_pasleep_scale_weekly_3_s012_41284804_60.pkl
209,34.0,44.41288846681654,abcd-ml,pasleep,scale,weekly,3,s012,41284804,60,out/abcd-ml_pasleep_scale_weekly_3_s012_41284804_60.pkl
210,43.0,47.96258292960942,abcd-ml,pasleep,scale,weekly,3,s012,41284804,60,out/abcd-ml_pasleep_scale_weekly_3_s012_41284804_60.pkl
211,34.0,44.33681627802859,abcd-ml,pasleep,scale,weekly,3,s012,41284804,60,out/abcd-ml_pasleep_scale_weekly_3_s012_41284804_60.pkl
212,43.0,48.01171156498362,abcd-ml,pasleep,scale,weekly,3,s012,41284804,60,out/abcd-ml_pasleep_scale_weekly_3_s012_41284804_60.pkl
213,34.0,44.42230343296405,abcd-ml,pasleep,scale,weekly,3,s012,41284804,60,out/abcd-ml_pasleep_scale_weekly_3_s012_41284804_60.pkl
214,43.0,48.0718183380881,abcd-ml,pasleep,scale,weekly,3,s012,41284804,60,out/abcd-ml_pasleep_scale_weekly_3_s012_41284804_60.pkl
215,34.0,44.35601372110066,abcd-ml,pasleep,scale,weekly,3,s012,41284804,60,out/abcd-ml_pasleep_scale_weekly_3_s012_41284804_60.pkl
216,52.0,47.258881193185985,abcd-ml,pasleep,scale,weekly,3,s012,41284804,60,out/abcd-ml_pasleep_scale_weekly_3_s012_41284804_60.pkl
217,44.0,44.05529198342108,abcd-ml,pasleep,scale,weekly,3,s012,41284804,60,out/abcd-ml_pasleep_scale_weekly_3_s012_41284804_60.pkl
218,52.0,47.2914596927682,abcd-ml,pasleep,scale,weekly,3,s012,41284804,60,out/abcd-ml_pasleep_scale_weekly_3_s012_41284804_60.pkl
219,44.0,44.02215585278022,abcd-ml,pasleep,scale,weekly,3,s012,41284804,60,out/abcd-ml_pasleep_scale_weekly_3_s012_41284804_60.pkl
220,52.0,47.27301827870396,abcd-ml,pasleep,scale,weekly,3,s012,41284804,60,out/abcd-ml_pasleep_scale_weekly_3_s012_41284804_60.pkl
221,44.0,44.04286077121347,abcd-ml,pasleep,scale,weekly,3,s012,41284804,60,out/abcd-ml_pasleep_scale_weekly_3_s012_41284804_60.pkl
222,52.0,46.37043948714957,abcd-ml,pasleep,scale,weekly,3,s012,41284804,60,out/abcd-ml_pasleep_scale_weekly_3_s012_41284804_60.pkl
223,44.0,43.94756775350237,abcd-ml,pasleep,scale,weekly,3,s012,41284804,60,out/abcd-ml_pasleep_scale_weekly_3_s012_41284804_60.pkl
224,52.0,46.422155986435556,abcd-ml,pasleep,scale,weekly,3,s012,41284804,60,out/abcd-ml_pasleep_scale_weekly_3_s012_41284804_60.pkl
225,44.0,43.89032813149889,abcd-ml,pasleep,scale,weekly,3,s012,41284804,60,out/abcd-ml_pasleep_scale_weekly_3_s012_41284804_60.pkl
226,64.0,48.22149913162405,abcd-ml,pasleep,scale,weekly,3,s012,41284804,60,out/abcd-ml_pasleep_scale_weekly_3_s012_41284804_60.pkl
227,49.0,44.02486449360852,abcd-ml,pasleep,scale,weekly,3,s012,41284804,60,out/abcd-ml_pasleep_scale_weekly_3_s012_41284804_60.pkl
228,64.0,47.943529770865105,abcd-ml,pasleep,scale,weekly,3,s012,41284804,60,out/abcd-ml_pasleep_scale_weekly_3_s012_41284804_60.pkl
229,49.0,44.33285813123699,abcd-ml,pasleep,scale,weekly,3,s012,41284804,60,out/abcd-ml_pasleep_scale_weekly_3_s012_41284804_60.pkl
230,64.0,48.408496343399776,abcd-ml,pasleep,scale,weekly,3,s012,41284804,60,out/abcd-ml_pasleep_scale_weekly_3_s012_41284804_60.pkl
231,49.0,44.14901528803919,abcd-ml,pasleep,scale,weekly,3,s012,41284804,60,out/abcd-ml_pasleep_scale_weekly_3_s012_41284804_60.pkl
232,64.0,48.16186506257136,abcd-ml,pasleep,scale,weekly,3,s012,41284804,60,out/abcd-ml_pasleep_scale_weekly_3_s012_41284804_60.pkl
233,49.0,44.42216468277502,abcd-ml,pasleep,scale,weekly,3,s012,41284804,60,out/abcd-ml_pasleep_scale_weekly_3_s012_41284804_60.pkl
234,64.0,48.030575836002505,abcd-ml,pasleep,scale,weekly,3,s012,41284804,60,out/abcd-ml_pasleep_scale_weekly_3_s012_41284804_60.pkl
235,49.0,44.29483545670661,abcd-ml,pasleep,scale,weekly,3,s012,41284804,60,out/abcd-ml_pasleep_scale_weekly_3_s012_41284804_60.pkl
236,64.0,48.13946719916021,abcd-ml,pasleep,scale,weekly,3,s012,41284804,60,out/abcd-ml_pasleep_scale_weekly_3_s012_41284804_60.pkl
237,49.0,44.174685039267146,abcd-ml,pasleep,scale,weekly,3,s012,41284804,60,out/abcd-ml_pasleep_scale_weekly_3_s012_41284804_60.pkl
238,47.0,48.2110672642056,abcd-ml,pasleep,scale,weekly,3,s012,41284804,60,out/abcd-ml_pasleep_scale_weekly_3_s012_41284804_60.pkl
239,43.0,44.278880548071925,abcd-ml,pasleep,scale,weekly,3,s012,41284804,60,out/abcd-ml_pasleep_scale_weekly_3_s012_41284804_60.pkl
240,47.0,48.08402088185145,abcd-ml,pasleep,scale,weekly,3,s012,41284804,60,out/abcd-ml_pasleep_scale_weekly_3_s012_41284804_60.pkl
241,43.0,44.419063085678125,abcd-ml,pasleep,scale,weekly,3,s012,41284804,60,out/abcd-ml_pasleep_scale_weekly_3_s012_41284804_60.pkl
242,48.0,48.30703551627978,abcd-ml,pasleep,scale,weekly,3,s012,41284804,60,out/abcd-ml_pasleep_scale_weekly_3_s012_41284804_60.pkl
243,54.0,44.6284965135944,abcd-ml,pasleep,scale,weekly,3,s012,41284804,60,out/abcd-ml_pasleep_scale_weekly_3_s012_41284804_60.pkl
244,48.0,48.39619910845199,abcd-ml,pasleep,scale,weekly,3,s012,41284804,60,out/abcd-ml_pasleep_scale_weekly_3_s012_41284804_60.pkl
245,54.0,44.530512917438216,abcd-ml,pasleep,scale,weekly,3,s012,41284804,60,out/abcd-ml_pasleep_scale_weekly_3_s012_41284804_60.pkl
246,48.0,47.58669474606011,abcd-ml,pasleep,scale,weekly,3,s012,41284804,60,out/abcd-ml_pasleep_scale_weekly_3_s012_41284804_60.pkl
247,54.0,44.71476863791415,abcd-ml,pasleep,scale,weekly,3,s012,41284804,60,out/abcd-ml_pasleep_scale_weekly_3_s012_41284804_60.pkl
248,48.0,47.80614121368276,abcd-ml,pasleep,scale,weekly,3,s012,41284804,60,out/abcd-ml_pasleep_scale_weekly_3_s012_41284804_60.pkl
249,54.0,44.47208083827359,abcd-ml,pasleep,scale,weekly,3,s012,41284804,60,out/abcd-ml_pasleep_scale_weekly_3_s012_41284804_60.pkl
250,48.0,48.283874068442124,abcd-ml,pasleep,scale,weekly,3,s012,41284804,60,out/abcd-ml_pasleep_scale_weekly_3_s012_41284804_60.pkl
251,54.0,44.61130390731211,abcd-ml,pasleep,scale,weekly,3,s012,41284804,60,out/abcd-ml_pasleep_scale_weekly_3_s012_41284804_60.pkl
252,48.0,48.290045646756276,abcd-ml,pasleep,scale,weekly,3,s012,41284804,60,out/abcd-ml_pasleep_scale_weekly_3_s012_41284804_60.pkl
253,54.0,44.60539772773191,abcd-ml,pasleep,scale,weekly,3,s012,41284804,60,out/abcd-ml_pasleep_scale_weekly_3_s012_41284804_60.pkl
254,48.0,47.74758711060646,abcd-ml,pasleep,scale,weekly,3,s012,41284804,60,out/abcd-ml_pasleep_scale_weekly_3_s012_41284804_60.pkl
255,49.0,44.51447055866225,abcd-ml,pasleep,scale,weekly,3,s012,41284804,60,out/abcd-ml_pasleep_scale_weekly_3_s012_41284804_60.pkl
256,48.0,47.87736535542268,abcd-ml,pasleep,scale,weekly,3,s012,41284804,60,out/abcd-ml_pasleep_scale_weekly_3_s012_41284804_60.pkl
257,49.0,44.369849371474814,abcd-ml,pasleep,scale,weekly,3,s012,41284804,60,out/abcd-ml_pasleep_scale_weekly_3_s012_41284804_60.pkl
258,48.0,47.99770703359644,abcd-ml,pasleep,scale,weekly,3,s012,41284804,60,out/abcd-ml_pasleep_scale_weekly_3_s012_41284804_60.pkl
259,49.0,44.426639111011276,abcd-ml,pasleep,scale,weekly,3,s012,41284804,60,out/abcd-ml_pasleep_scale_weekly_3_s012_41284804_60.pkl
260,48.0,48.043427935062084,abcd-ml,pasleep,scale,weekly,3,s012,41284804,60,out/abcd-ml_pasleep_scale_weekly_3_s012_41284804_60.pkl
261,49.0,44.37643295168817,abcd-ml,pasleep,scale,weekly,3,s012,41284804,60,out/abcd-ml_pasleep_scale_weekly_3_s012_41284804_60.pkl
262,48.0,48.30007327141293,abcd-ml,pasleep,scale,weekly,3,s012,41284804,60,out/abcd-ml_pasleep_scale_weekly_3_s012_41284804_60.pkl
263,49.0,44.29762468256355,abcd-ml,pasleep,scale,weekly,3,s012,41284804,60,out/abcd-ml_pasleep_scale_weekly_3_s012_41284804_60.pkl
264,48.0,48.078967691130416,abcd-ml,pasleep,scale,weekly,3,s012,41284804,60,out/abcd-ml_pasleep_scale_weekly_3_s012_41284804_60.pkl
265,49.0,44.54254545808266,abcd-ml,pasleep,scale,weekly,3,s012,41284804,60,out/abcd-ml_pasleep_scale_weekly_3_s012_41284804_60.pkl
266,44.0,47.65554644590653,abcd-ml,pasleep,scale,weekly,3,s012,41284804,60,out/abcd-ml_pasleep_scale_weekly_3_s012_41284804_60.pkl
267,50.0,44.787161200717506,abcd-ml,pasleep,scale,weekly,3,s012,41284804,60,out/abcd-ml_pasleep_scale_weekly_3_s012_41284804_60.pkl
268,44.0,47.94781120644347,abcd-ml,pasleep,scale,weekly,3,s012,41284804,60,out/abcd-ml_pasleep_scale_weekly_3_s012_41284804_60.pkl
269,50.0,44.463252317173286,abcd-ml,pasleep,scale,weekly,3,s012,41284804,60,out/abcd-ml_pasleep_scale_weekly_3_s012_41284804_60.pkl
270,44.0,48.36248525009333,abcd-ml,pasleep,scale,weekly,3,s012,41284804,60,out/abcd-ml_pasleep_scale_weekly_3_s012_41284804_60.pkl
271,50.0,44.50033523926609,abcd-ml,pasleep,scale,weekly,3,s012,41284804,60,out/abcd-ml_pasleep_scale_weekly_3_s012_41284804_60.pkl
272,44.0,48.38436111114489,abcd-ml,pasleep,scale,weekly,3,s012,41284804,60,out/abcd-ml_pasleep_scale_weekly_3_s012_41284804_60.pkl
273,50.0,44.475465701549936,abcd-ml,pasleep,scale,weekly,3,s012,41284804,60,out/abcd-ml_pasleep_scale_weekly_3_s012_41284804_60.pkl
274,44.0,48.38889469702172,abcd-ml,pasleep,scale,weekly,3,s012,41284804,60,out/abcd-ml_pasleep_scale_weekly_3_s012_41284804_60.pkl
275,50.0,44.48446093213354,abcd-ml,pasleep,scale,weekly,3,s012,41284804,60,out/abcd-ml_pasleep_scale_weekly_3_s012_41284804_60.pkl
276,44.0,48.096126135350914,abcd-ml,pasleep,scale,weekly,3,s012,41284804,60,out/abcd-ml_pasleep_scale_weekly_3_s012_41284804_60.pkl
277,50.0,44.80902788240836,abcd-ml,pasleep,scale,weekly,3,s012,41284804,60,out/abcd-ml_pasleep_scale_weekly_3_s012_41284804_60.pkl
278,54.0,47.41392970605976,abcd-ml,pasleep,scale,weekly,3,s012,41284804,60,out/abcd-ml_pasleep_scale_weekly_3_s012_41284804_60.pkl
279,40.0,44.20298559707157,abcd-ml,pasleep,scale,weekly,3,s012,41284804,60,out/abcd-ml_pasleep_scale_weekly_3_s012_41284804_60.pkl
280,54.0,47.31015684244311,abcd-ml,pasleep,scale,weekly,3,s012,41284804,60,out/abcd-ml_pasleep_scale_weekly_3_s012_41284804_60.pkl
281,40.0,44.31728061758244,abcd-ml,pasleep,scale,weekly,3,s012,41284804,60,out/abcd-ml_pasleep_scale_weekly_3_s012_41284804_60.pkl
282,54.0,47.951735496055996,abcd-ml,pasleep,scale,weekly,3,s012,41284804,60,out/abcd-ml_pasleep_scale_weekly_3_s012_41284804_60.pkl
283,40.0,44.16338807010325,abcd-ml,pasleep,scale,weekly,3,s012,41284804,60,out/abcd-ml_pasleep_scale_weekly_3_s012_41284804_60.pkl
284,54.0,47.3453124579089,abcd-ml,pasleep,scale,weekly,3,s012,41284804,60,out/abcd-ml_pasleep_scale_weekly_3_s012_41284804_60.pkl
285,40.0,43.893949517553224,abcd-ml,pasleep,scale,weekly,3,s012,41284804,60,out/abcd-ml_pasleep_scale_weekly_3_s012_41284804_60.pkl
286,54.0,47.2274108144253,abcd-ml,pasleep,scale,weekly,3,s012,41284804,60,out/abcd-ml_pasleep_scale_weekly_3_s012_41284804_60.pkl
287,40.0,44.02385214479203,abcd-ml,pasleep,scale,weekly,3,s012,41284804,60,out/abcd-ml_pasleep_scale_weekly_3_s012_41284804_60.pkl
288,34.0,48.0914217500341,abcd-ml,pasleep,scale,weekly,3,s012,41284804,60,out/abcd-ml_pasleep_scale_weekly_3_s012_41284804_60.pkl
289,34.0,44.67179279779974,abcd-ml,pasleep,scale,weekly,3,s012,41284804,60,out/abcd-ml_pasleep_scale_weekly_3_s012_41284804_60.pkl
290,34.0,48.261657422248256,abcd-ml,pasleep,scale,weekly,3,s012,41284804,60,out/abcd-ml_pasleep_scale_weekly_3_s012_41284804_60.pkl
291,34.0,44.48345288111223,abcd-ml,pasleep,scale,weekly,3,s012,41284804,60,out/abcd-ml_pasleep_scale_weekly_3_s012_41284804_60.pkl
292,34.0,47.952303166084015,abcd-ml,pasleep,scale,weekly,3,s012,41284804,60,out/abcd-ml_pasleep_scale_weekly_3_s012_41284804_60.pkl
293,34.0,44.57065291932838,abcd-ml,pasleep,scale,weekly,3,s012,41284804,60,out/abcd-ml_pasleep_scale_weekly_3_s012_41284804_60.pkl
294,34.0,48.036911031333545,abcd-ml,pasleep,scale,weekly,3,s012,41284804,60,out/abcd-ml_pasleep_scale_weekly_3_s012_41284804_60.pkl
295,34.0,44.47736053280424,abcd-ml,pasleep,scale,weekly,3,s012,41284804,60,out/abcd-ml_pasleep_scale_weekly_3_s012_41284804_60.pkl
296,34.0,47.9872403654893,abcd-ml,pasleep,scale,weekly,3,s012,41284804,60,out/abcd-ml_pasleep_scale_weekly_3_s012_41284804_60.pkl
297,34.0,44.6914075380015,abcd-ml,pasleep,scale,weekly,3,s012,41284804,60,out/abcd-ml_pasleep_scale_weekly_3_s012_41284804_60.pkl
298,34.0,48.19303929660873,abcd-ml,pasleep,scale,weekly,3,s012,41284804,60,out/abcd-ml_pasleep_scale_weekly_3_s012_41284804_60.pkl
299,34.0,44.463497773556796,abcd-ml,pasleep,scale,weekly,3,s012,41284804,60,out/abcd-ml_pasleep_scale_weekly_3_s012_41284804_60.pkl
300,45.0,48.01312588904817,abcd-ml,pasleep,scale,weekly,3,s012,41284804,60,out/abcd-ml_pasleep_scale_weekly_3_s012_41284804_60.pkl
301,34.0,44.41180931436139,abcd-ml,pasleep,scale,weekly,3,s012,41284804,60,out/abcd-ml_pasleep_scale_weekly_3_s012_41284804_60.pkl
302,45.0,47.94914197620079,abcd-ml,pasleep,scale,weekly,3,s012,41284804,60,out/abcd-ml_pasleep_scale_weekly_3_s012_41284804_60.pkl
303,34.0,44.483600109440204,abcd-ml,pasleep,scale,weekly,3,s012,41284804,60,out/abcd-ml_pasleep_scale_weekly_3_s012_41284804_60.pkl
304,45.0,47.39478015455758,abcd-ml,pasleep,scale,weekly,3,s012,41284804,60,out/abcd-ml_pasleep_scale_weekly_3_s012_41284804_60.pkl
305,34.0,44.337898880635066,abcd-ml,pasleep,scale,weekly,3,s012,41284804,60,out/abcd-ml_pasleep_scale_weekly_3_s012_41284804_60.pkl
306,45.0,47.19853348998545,abcd-ml,pasleep,scale,weekly,3,s012,41284804,60,out/abcd-ml_pasleep_scale_weekly_3_s012_41284804_60.pkl
307,34.0,44.555122720330345,abcd-ml,pasleep,scale,weekly,3,s012,41284804,60,out/abcd-ml_pasleep_scale_weekly_3_s012_41284804_60.pkl
308,45.0,47.50357341293923,abcd-ml,pasleep,scale,weekly,3,s012,41284804,60,out/abcd-ml_pasleep_scale_weekly_3_s012_41284804_60.pkl
309,34.0,44.43199813395172,abcd-ml,pasleep,scale,weekly,3,s012,41284804,60,out/abcd-ml_pasleep_scale_weekly_3_s012_41284804_60.pkl
310,45.0,47.59996891781397,abcd-ml,pasleep,scale,weekly,3,s012,41284804,60,out/abcd-ml_pasleep_scale_weekly_3_s012_41284804_60.pkl
311,34.0,44.32563592207152,abcd-ml,pasleep,scale,weekly,3,s012,41284804,60,out/abcd-ml_pasleep_scale_weekly_3_s012_41284804_60.pkl
312,47.0,47.50333423062561,abcd-ml,pasleep,scale,weekly,3,s012,41284804,60,out/abcd-ml_pasleep_scale_weekly_3_s012_41284804_60.pkl
313,46.0,44.45879257026739,abcd-ml,pasleep,scale,weekly,3,s012,41284804,60,out/abcd-ml_pasleep_scale_weekly_3_s012_41284804_60.pkl
314,47.0,47.579638906629114,abcd-ml,pasleep,scale,weekly,3,s012,41284804,60,out/abcd-ml_pasleep_scale_weekly_3_s012_41284804_60.pkl
315,46.0,44.3747307713104,abcd-ml,pasleep,scale,weekly,3,s012,41284804,60,out/abcd-ml_pasleep_scale_weekly_3_s012_41284804_60.pkl
316,47.0,48.16872220436821,abcd-ml,pasleep,scale,weekly,3,s012,41284804,60,out/abcd-ml_pasleep_scale_weekly_3_s012_41284804_60.pkl
317,46.0,44.54932028772421,abcd-ml,pasleep,scale,weekly,3,s012,41284804,60,out/abcd-ml_pasleep_scale_weekly_3_s012_41284804_60.pkl
318,47.0,47.96225884095422,abcd-ml,pasleep,scale,weekly,3,s012,41284804,60,out/abcd-ml_pasleep_scale_weekly_3_s012_41284804_60.pkl
319,46.0,44.777967879765114,abcd-ml,pasleep,scale,weekly,3,s012,41284804,60,out/abcd-ml_pasleep_scale_weekly_3_s012_41284804_60.pkl
320,47.0,47.876128185644184,abcd-ml,pasleep,scale,weekly,3,s012,41284804,60,out/abcd-ml_pasleep_scale_weekly_3_s012_41284804_60.pkl
321,46.0,44.32009632989451,abcd-ml,pasleep,scale,weekly,3,s012,41284804,60,out/abcd-ml_pasleep_scale_weekly_3_s012_41284804_60.pkl
322,47.0,47.88111987578438,abcd-ml,pasleep,scale,weekly,3,s012,41284804,60,out/abcd-ml_pasleep_scale_weekly_3_s012_41284804_60.pkl
323,46.0,44.315140537919866,abcd-ml,pasleep,scale,weekly,3,s012,41284804,60,out/abcd-ml_pasleep_scale_weekly_3_s012_41284804_60.pkl
324,50.0,48.419331653498894,abcd-ml,pasleep,scale,weekly,3,s012,41284804,60,out/abcd-ml_pasleep_scale_weekly_3_s012_41284804_60.pkl
325,48.0,44.2201261915081,abcd-ml,pasleep,scale,weekly,3,s012,41284804,60,out/abcd-ml_pasleep_scale_weekly_3_s012_41284804_60.pkl
326,50.0,48.15316315286928,abcd-ml,pasleep,scale,weekly,3,s012,41284804,60,out/abcd-ml_pasleep_scale_weekly_3_s012_41284804_60.pkl
327,48.0,44.514708538865875,abcd-ml,pasleep,scale,weekly,3,s012,41284804,60,out/abcd-ml_pasleep_scale_weekly_3_s012_41284804_60.pkl
328,50.0,48.37381971918419,abcd-ml,pasleep,scale,weekly,3,s012,41284804,60,out/abcd-ml_pasleep_scale_weekly_3_s012_41284804_60.pkl
329,48.0,44.50724092625214,abcd-ml,pasleep,scale,weekly,3,s012,41284804,60,out/abcd-ml_pasleep_scale_weekly_3_s012_41284804_60.pkl
330,50.0,48.24471185170844,abcd-ml,pasleep,scale,weekly,3,s012,41284804,60,out/abcd-ml_pasleep_scale_weekly_3_s012_41284804_60.pkl
331,48.0,44.41899837954713,abcd-ml,pasleep,scale,weekly,3,s012,41284804,60,out/abcd-ml_pasleep_scale_weekly_3_s012_41284804_60.pkl
332,41.0,47.014171030923684,abcd-ml,pasleep,scale,weekly,3,s012,41284804,60,out/abcd-ml_pasleep_scale_weekly_3_s012_41284804_60.pkl
333,40.0,44.45716655563949,abcd-ml,pasleep,scale,weekly,3,s012,41284804,60,out/abcd-ml_pasleep_scale_weekly_3_s012_41284804_60.pkl
334,41.0,47.421890924909526,abcd-ml,pasleep,scale,weekly,3,s012,41284804,60,out/abcd-ml_pasleep_scale_weekly_3_s012_41284804_60.pkl
335,40.0,44.4871007404269,abcd-ml,pasleep,scale,weekly,3,s012,41284804,60,out/abcd-ml_pasleep_scale_weekly_3_s012_41284804_60.pkl
336,41.0,47.87633471762064,abcd-ml,pasleep,scale,weekly,3,s012,41284804,60,out/abcd-ml_pasleep_scale_weekly_3_s012_41284804_60.pkl
337,40.0,44.62350312959675,abcd-ml,pasleep,scale,weekly,3,s012,41284804,60,out/abcd-ml_pasleep_scale_weekly_3_s012_41284804_60.pkl
338,39.0,47.86899370760885,abcd-ml,pasleep,scale,weekly,3,s012,41284804,60,out/abcd-ml_pasleep_scale_weekly_3_s012_41284804_60.pkl
339,34.0,44.26922526174223,abcd-ml,pasleep,scale,weekly,3,s012,41284804,60,out/abcd-ml_pasleep_scale_weekly_3_s012_41284804_60.pkl
340,39.0,47.79761070419981,abcd-ml,pasleep,scale,weekly,3,s012,41284804,60,out/abcd-ml_pasleep_scale_weekly_3_s012_41284804_60.pkl
341,34.0,44.349101259139786,abcd-ml,pasleep,scale,weekly,3,s012,41284804,60,out/abcd-ml_pasleep_scale_weekly_3_s012_41284804_60.pkl
342,39.0,48.06487996722049,abcd-ml,pasleep,scale,weekly,3,s012,41284804,60,out/abcd-ml_pasleep_scale_weekly_3_s012_41284804_60.pkl
343,34.0,44.672464184587184,abcd-ml,pasleep,scale,weekly,3,s012,41284804,60,out/abcd-ml_pasleep_scale_weekly_3_s012_41284804_60.pkl
344,39.0,48.14739948614926,abcd-ml,pasleep,scale,weekly,3,s012,41284804,60,out/abcd-ml_pasleep_scale_weekly_3_s012_41284804_60.pkl
345,34.0,44.58141222979793,abcd-ml,pasleep,scale,weekly,3,s012,41284804,60,out/abcd-ml_pasleep_scale_weekly_3_s012_41284804_60.pkl
346,39.0,48.41020590792021,abcd-ml,pasleep,scale,weekly,3,s012,41284804,60,out/abcd-ml_pasleep_scale_weekly_3_s012_41284804_60.pkl
347,34.0,44.588945074014966,abcd-ml,pasleep,scale,weekly,3,s012,41284804,60,out/abcd-ml_pasleep_scale_weekly_3_s012_41284804_60.pkl
348,39.0,48.119537481994,abcd-ml,pasleep,scale,weekly,3,s012,41284804,60,out/abcd-ml_pasleep_scale_weekly_3_s012_41284804_60.pkl
349,34.0,44.911202804116755,abcd-ml,pasleep,scale,weekly,3,s012,41284804,60,out/abcd-ml_pasleep_scale_weekly_3_s012_41284804_60.pkl
350,40.0,48.11952481939617,abcd-ml,pasleep,scale,weekly,3,s012,41284804,60,out/abcd-ml_pasleep_scale_weekly_3_s012_41284804_60.pkl
351,46.0,44.32565567956078,abcd-ml,pasleep,scale,weekly,3,s012,41284804,60,out/abcd-ml_pasleep_scale_weekly_3_s012_41284804_60.pkl
352,40.0,48.15545308276965,abcd-ml,pasleep,scale,weekly,3,s012,41284804,60,out/abcd-ml_pasleep_scale_weekly_3_s012_41284804_60.pkl
353,46.0,44.540624317270236,abcd-ml,pasleep,scale,weekly,3,s012,41284804,60,out/abcd-ml_pasleep_scale_weekly_3_s012_41284804_60.pkl
354,40.0,48.052451310709294,abcd-ml,pasleep,scale,weekly,3,s012,41284804,60,out/abcd-ml_pasleep_scale_weekly_3_s012_41284804_60.pkl
355,46.0,44.655737843764996,abcd-ml,pasleep,scale,weekly,3,s012,41284804,60,out/abcd-ml_pasleep_scale_weekly_3_s012_41284804_60.pkl
356,40.0,47.887252084650676,abcd-ml,pasleep,scale,weekly,3,s012,41284804,60,out/abcd-ml_pasleep_scale_weekly_3_s012_41284804_60.pkl
357,46.0,44.34888364547207,abcd-ml,pasleep,scale,weekly,3,s012,41284804,60,out/abcd-ml_pasleep_scale_weekly_3_s012_41284804_60.pkl
358,40.0,48.006580506747966,abcd-ml,pasleep,scale,weekly,3,s012,41284804,60,out/abcd-ml_pasleep_scale_weekly_3_s012_41284804_60.pkl
359,46.0,44.217169418788956,abcd-ml,pasleep,scale,weekly,3,s012,41284804,60,out/abcd-ml_pasleep_scale_weekly_3_s012_41284804_60.pkl
360,40.0,47.49380076317357,abcd-ml,pasleep,scale,weekly,3,s012,41284804,60,out/abcd-ml_pasleep_scale_weekly_3_s012_41284804_60.pkl
361,46.0,44.40246109709601,abcd-ml,pasleep,scale,weekly,3,s012,41284804,60,out/abcd-ml_pasleep_scale_weekly_3_s012_41284804_60.pkl
362,40.0,47.783916372571625,abcd-ml,pasleep,scale,weekly,3,s012,41284804,60,out/abcd-ml_pasleep_scale_weekly_3_s012_41284804_60.pkl
363,46.0,44.41612839540578,abcd-ml,pasleep,scale,weekly,3,s012,41284804,60,out/abcd-ml_pasleep_scale_weekly_3_s012_41284804_60.pkl
364,40.0,47.83149113985711,abcd-ml,pasleep,scale,weekly,3,s012,41284804,60,out/abcd-ml_pasleep_scale_weekly_3_s012_41284804_60.pkl
365,46.0,44.36364416890727,abcd-ml,pasleep,scale,weekly,3,s012,41284804,60,out/abcd-ml_pasleep_scale_weekly_3_s012_41284804_60.pkl
366,40.0,47.83751945982297,abcd-ml,pasleep,scale,weekly,3,s012,41284804,60,out/abcd-ml_pasleep_scale_weekly_3_s012_41284804_60.pkl
367,46.0,44.32161293978352,abcd-ml,pasleep,scale,weekly,3,s012,41284804,60,out/abcd-ml_pasleep_scale_weekly_3_s012_41284804_60.pkl
368,40.0,47.689012796061974,abcd-ml,pasleep,scale,weekly,3,s012,41284804,60,out/abcd-ml_pasleep_scale_weekly_3_s012_41284804_60.pkl
369,46.0,44.48621984540104,abcd-ml,pasleep,scale,weekly,3,s012,41284804,60,out/abcd-ml_pasleep_scale_weekly_3_s012_41284804_60.pkl
370,39.0,48.009852337482116,abcd-ml,pasleep,scale,weekly,3,s012,41284804,60,out/abcd-ml_pasleep_scale_weekly_3_s012_41284804_60.pkl
371,44.0,44.55361353048592,abcd-ml,pasleep,scale,weekly,3,s012,41284804,60,out/abcd-ml_pasleep_scale_weekly_3_s012_41284804_60.pkl
372,39.0,48.02894233455658,abcd-ml,pasleep,scale,weekly,3,s012,41284804,60,out/abcd-ml_pasleep_scale_weekly_3_s012_41284804_60.pkl
373,44.0,44.533198516277935,abcd-ml,pasleep,scale,weekly,3,s012,41284804,60,out/abcd-ml_pasleep_scale_weekly_3_s012_41284804_60.pkl
374,39.0,47.66382358194809,abcd-ml,pasleep,scale,weekly,3,s012,41284804,60,out/abcd-ml_pasleep_scale_weekly_3_s012_41284804_60.pkl
375,44.0,44.36254087713621,abcd-ml,pasleep,scale,weekly,3,s012,41284804,60,out/abcd-ml_pasleep_scale_weekly_3_s012_41284804_60.pkl
376,39.0,47.5616009928596,abcd-ml,pasleep,scale,weekly,3,s012,41284804,60,out/abcd-ml_pasleep_scale_weekly_3_s012_41284804_60.pkl
377,44.0,44.47533289315088,abcd-ml,pasleep,scale,weekly,3,s012,41284804,60,out/abcd-ml_pasleep_scale_weekly_3_s012_41284804_60.pkl
378,39.0,47.25744396080971,abcd-ml,pasleep,scale,weekly,3,s012,41284804,60,out/abcd-ml_pasleep_scale_weekly_3_s012_41284804_60.pkl
379,44.0,44.189591832495914,abcd-ml,pasleep,scale,weekly,3,s012,41284804,60,out/abcd-ml_pasleep_scale_weekly_3_s012_41284804_60.pkl
380,39.0,47.29969289301507,abcd-ml,pasleep,scale,weekly,3,s012,41284804,60,out/abcd-ml_pasleep_scale_weekly_3_s012_41284804_60.pkl
381,44.0,44.143376684512994,abcd-ml,pasleep,scale,weekly,3,s012,41284804,60,out/abcd-ml_pasleep_scale_weekly_3_s012_41284804_60.pkl
382,69.0,48.3195690888531,abcd-ml,pasleep,scale,weekly,3,s012,41284804,60,out/abcd-ml_pasleep_scale_weekly_3_s012_41284804_60.pkl
383,43.0,44.34550533231738,abcd-ml,pasleep,scale,weekly,3,s012,41284804,60,out/abcd-ml_pasleep_scale_weekly_3_s012_41284804_60.pkl
384,69.0,48.168163587547596,abcd-ml,pasleep,scale,weekly,3,s012,41284804,60,out/abcd-ml_pasleep_scale_weekly_3_s012_41284804_60.pkl
385,43.0,44.51303809392509,abcd-ml,pasleep,scale,weekly,3,s012,41284804,60,out/abcd-ml_pasleep_scale_weekly_3_s012_41284804_60.pkl
386,69.0,47.59978759902362,abcd-ml,pasleep,scale,weekly,3,s012,41284804,60,out/abcd-ml_pasleep_scale_weekly_3_s012_41284804_60.pkl
387,43.0,44.37718544744824,abcd-ml,pasleep,scale,weekly,3,s012,41284804,60,out/abcd-ml_pasleep_scale_weekly_3_s012_41284804_60.pkl
388,69.0,48.08154753964827,abcd-ml,pasleep,scale,weekly,3,s012,41284804,60,out/abcd-ml_pasleep_scale_weekly_3_s012_41284804_60.pkl
389,43.0,44.48157207871126,abcd-ml,pasleep,scale,weekly,3,s012,41284804,60,out/abcd-ml_pasleep_scale_weekly_3_s012_41284804_60.pkl
390,69.0,48.055531863836805,abcd-ml,pasleep,scale,weekly,3,s012,41284804,60,out/abcd-ml_pasleep_scale_weekly_3_s012_41284804_60.pkl
391,43.0,44.5111333376694,abcd-ml,pasleep,scale,weekly,3,s012,41284804,60,out/abcd-ml_pasleep_scale_weekly_3_s012_41284804_60.pkl
392,33.0,48.07839014608846,abcd-ml,pasleep,scale,weekly,3,s012,41284804,60,out/abcd-ml_pasleep_scale_weekly_3_s012_41284804_60.pkl
393,34.0,44.622307796493885,abcd-ml,pasleep,scale,weekly,3,s012,41284804,60,out/abcd-ml_pasleep_scale_weekly_3_s012_41284804_60.pkl
394,33.0,48.239497687988795,abcd-ml,pasleep,scale,weekly,3,s012,41284804,60,out/abcd-ml_pasleep_scale_weekly_3_s012_41284804_60.pkl
395,34.0,44.4444190320318,abcd-ml,pasleep,scale,weekly,3,s012,41284804,60,out/abcd-ml_pasleep_scale_weekly_3_s012_41284804_60.pkl
396,33.0,48.17909424276456,abcd-ml,pasleep,scale,weekly,3,s012,41284804,60,out/abcd-ml_pasleep_scale_weekly_3_s012_41284804_60.pkl
397,34.0,44.441916004627586,abcd-ml,pasleep,scale,weekly,3,s012,41284804,60,out/abcd-ml_pasleep_scale_weekly_3_s012_41284804_60.pkl
398,33.0,48.04621128239811,abcd-ml,pasleep,scale,weekly,3,s012,41284804,60,out/abcd-ml_pasleep_scale_weekly_3_s012_41284804_60.pkl
399,34.0,44.58850271599083,abcd-ml,pasleep,scale,weekly,3,s012,41284804,60,out/abcd-ml_pasleep_scale_weekly_3_s012_41284804_60.pkl
400,33.0,47.68206997915861,abcd-ml,pasleep,scale,weekly,3,s012,41284804,60,out/abcd-ml_pasleep_scale_weekly_3_s012_41284804_60.pkl
401,34.0,44.378698026091826,abcd-ml,pasleep,scale,weekly,3,s012,41284804,60,out/abcd-ml_pasleep_scale_weekly_3_s012_41284804_60.pkl
402,33.0,47.63606360804161,abcd-ml,pasleep,scale,weekly,3,s012,41284804,60,out/abcd-ml_pasleep_scale_weekly_3_s012_41284804_60.pkl
403,34.0,44.43071993881484,abcd-ml,pasleep,scale,weekly,3,s012,41284804,60,out/abcd-ml_pasleep_scale_weekly_3_s012_41284804_60.pkl
404,50.0,47.69570020743477,abcd-ml,pasleep,scale,weekly,3,s012,41284804,60,out/abcd-ml_pasleep_scale_weekly_3_s012_41284804_60.pkl
405,53.0,44.56030740641832,abcd-ml,pasleep,scale,weekly,3,s012,41284804,60,out/abcd-ml_pasleep_scale_weekly_3_s012_41284804_60.pkl
406,50.0,48.0999876594819,abcd-ml,pasleep,scale,weekly,3,s012,41284804,60,out/abcd-ml_pasleep_scale_weekly_3_s012_41284804_60.pkl
407,53.0,44.63123019398159,abcd-ml,pasleep,scale,weekly,3,s012,41284804,60,out/abcd-ml_pasleep_scale_weekly_3_s012_41284804_60.pkl
408,50.0,48.2256868800813,abcd-ml,pasleep,scale,weekly,3,s012,41284804,60,out/abcd-ml_pasleep_scale_weekly_3_s012_41284804_60.pkl
409,53.0,44.492792000555525,abcd-ml,pasleep,scale,weekly,3,s012,41284804,60,out/abcd-ml_pasleep_scale_weekly_3_s012_41284804_60.pkl
410,50.0,48.28967828164827,abcd-ml,pasleep,scale,weekly,3,s012,41284804,60,out/abcd-ml_pasleep_scale_weekly_3_s012_41284804_60.pkl
411,53.0,44.909129987074124,abcd-ml,pasleep,scale,weekly,3,s012,41284804,60,out/abcd-ml_pasleep_scale_weekly_3_s012_41284804_60.pkl
412,50.0,48.61042281002448,abcd-ml,pasleep,scale,weekly,3,s012,41284804,60,out/abcd-ml_pasleep_scale_weekly_3_s012_41284804_60.pkl
413,53.0,44.55407604155025,abcd-ml,pasleep,scale,weekly,3,s012,41284804,60,out/abcd-ml_pasleep_scale_weekly_3_s012_41284804_60.pkl
414,33.0,47.596967017011714,abcd-ml,pasleep,scale,weekly,3,s012,41284804,60,out/abcd-ml_pasleep_scale_weekly_3_s012_41284804_60.pkl
415,34.0,44.34492432176097,abcd-ml,pasleep,scale,weekly,3,s012,41284804,60,out/abcd-ml_pasleep_scale_weekly_3_s012_41284804_60.pkl
416,33.0,47.58646108775533,abcd-ml,pasleep,scale,weekly,3,s012,41284804,60,out/abcd-ml_pasleep_scale_weekly_3_s012_41284804_60.pkl
417,34.0,44.35664054717355,abcd-ml,pasleep,scale,weekly,3,s012,41284804,60,out/abcd-ml_pasleep_scale_weekly_3_s012_41284804_60.pkl
418,33.0,47.36510330103009,abcd-ml,pasleep,scale,weekly,3,s012,41284804,60,out/abcd-ml_pasleep_scale_weekly_3_s012_41284804_60.pkl
419,34.0,44.47060041603579,abcd-ml,pasleep,scale,weekly,3,s012,41284804,60,out/abcd-ml_pasleep_scale_weekly_3_s012_41284804_60.pkl
420,33.0,47.44721827251106,abcd-ml,pasleep,scale,weekly,3,s012,41284804,60,out/abcd-ml_pasleep_scale_weekly_3_s012_41284804_60.pkl
421,34.0,44.37943508581813,abcd-ml,pasleep,scale,weekly,3,s012,41284804,60,out/abcd-ml_pasleep_scale_weekly_3_s012_41284804_60.pkl
422,50.0,47.96913167788978,abcd-ml,pasleep,scale,weekly,3,s012,41284804,60,out/abcd-ml_pasleep_scale_weekly_3_s012_41284804_60.pkl
423,44.0,44.37532029594806,abcd-ml,pasleep,scale,weekly,3,s012,41284804,60,out/abcd-ml_pasleep_scale_weekly_3_s012_41284804_60.pkl
424,50.0,47.92213052944437,abcd-ml,pasleep,scale,weekly,3,s012,41284804,60,out/abcd-ml_pasleep_scale_weekly_3_s012_41284804_60.pkl
425,44.0,44.427181189649204,abcd-ml,pasleep,scale,weekly,3,s012,41284804,60,out/abcd-ml_pasleep_scale_weekly_3_s012_41284804_60.pkl
426,50.0,47.59765384474384,abcd-ml,pasleep,scale,weekly,3,s012,41284804,60,out/abcd-ml_pasleep_scale_weekly_3_s012_41284804_60.pkl
427,44.0,44.379532222713166,abcd-ml,pasleep,scale,weekly,3,s012,41284804,60,out/abcd-ml_pasleep_scale_weekly_3_s012_41284804_60.pkl
428,50.0,47.87371243997206,abcd-ml,pasleep,scale,weekly,3,s012,41284804,60,out/abcd-ml_pasleep_scale_weekly_3_s012_41284804_60.pkl
429,44.0,44.357527400308854,abcd-ml,pasleep,scale,weekly,3,s012,41284804,60,out/abcd-ml_pasleep_scale_weekly_3_s012_41284804_60.pkl
430,45.0,47.54177662586345,abcd-ml,pasleep,scale,weekly,3,s012,41284804,60,out/abcd-ml_pasleep_scale_weekly_3_s012_41284804_60.pkl
431,44.0,44.326317984755875,abcd-ml,pasleep,scale,weekly,3,s012,41284804,60,out/abcd-ml_pasleep_scale_weekly_3_s012_41284804_60.pkl
432,45.0,47.569033636401144,abcd-ml,pasleep,scale,weekly,3,s012,41284804,60,out/abcd-ml_pasleep_scale_weekly_3_s012_41284804_60.pkl
433,44.0,44.296549311875566,abcd-ml,pasleep,scale,weekly,3,s012,41284804,60,out/abcd-ml_pasleep_scale_weekly_3_s012_41284804_60.pkl
434,45.0,47.007632180817,abcd-ml,pasleep,scale,weekly,3,s012,41284804,60,out/abcd-ml_pasleep_scale_weekly_3_s012_41284804_60.pkl
435,44.0,44.338134742484286,abcd-ml,pasleep,scale,weekly,3,s012,41284804,60,out/abcd-ml_pasleep_scale_weekly_3_s012_41284804_60.pkl
436,45.0,47.102255692891724,abcd-ml,pasleep,scale,weekly,3,s012,41284804,60,out/abcd-ml_pasleep_scale_weekly_3_s012_41284804_60.pkl
437,44.0,44.2335224124699,abcd-ml,pasleep,scale,weekly,3,s012,41284804,60,out/abcd-ml_pasleep_scale_weekly_3_s012_41284804_60.pkl
438,45.0,47.61092931462599,abcd-ml,pasleep,scale,weekly,3,s012,41284804,60,out/abcd-ml_pasleep_scale_weekly_3_s012_41284804_60.pkl
439,44.0,44.24925680199722,abcd-ml,pasleep,scale,weekly,3,s012,41284804,60,out/abcd-ml_pasleep_scale_weekly_3_s012_41284804_60.pkl
440,41.0,47.237316910716615,abcd-ml,pasleep,scale,weekly,3,s012,41284804,60,out/abcd-ml_pasleep_scale_weekly_3_s012_41284804_60.pkl
441,44.0,44.2276905056677,abcd-ml,pasleep,scale,weekly,3,s012,41284804,60,out/abcd-ml_pasleep_scale_weekly_3_s012_41284804_60.pkl
442,41.0,47.21473846381685,abcd-ml,pasleep,scale,weekly,3,s012,41284804,60,out/abcd-ml_pasleep_scale_weekly_3_s012_41284804_60.pkl
443,44.0,44.25211712367515,abcd-ml,pasleep,scale,weekly,3,s012,41284804,60,out/abcd-ml_pasleep_scale_weekly_3_s012_41284804_60.pkl
444,41.0,47.27216202137255,abcd-ml,pasleep,scale,weekly,3,s012,41284804,60,out/abcd-ml_pasleep_scale_weekly_3_s012_41284804_60.pkl
445,44.0,44.20742851685657,abcd-ml,pasleep,scale,weekly,3,s012,41284804,60,out/abcd-ml_pasleep_scale_weekly_3_s012_41284804_60.pkl
446,41.0,47.42972974694237,abcd-ml,pasleep,scale,weekly,3,s012,41284804,60,out/abcd-ml_pasleep_scale_weekly_3_s012_41284804_60.pkl
447,44.0,44.0331531066433,abcd-ml,pasleep,scale,weekly,3,s012,41284804,60,out/abcd-ml_pasleep_scale_weekly_3_s012_41284804_60.pkl
448,41.0,47.43910763065205,abcd-ml,pasleep,scale,weekly,3,s012,41284804,60,out/abcd-ml_pasleep_scale_weekly_3_s012_41284804_60.pkl
449,44.0,44.395023204343666,abcd-ml,pasleep,scale,weekly,3,s012,41284804,60,out/abcd-ml_pasleep_scale_weekly_3_s012_41284804_60.pkl
450,41.0,47.54483721360961,abcd-ml,pasleep,scale,weekly,3,s012,41284804,60,out/abcd-ml_pasleep_scale_weekly_3_s012_41284804_60.pkl
451,44.0,44.278361421859074,abcd-ml,pasleep,scale,weekly,3,s012,41284804,60,out/abcd-ml_pasleep_scale_weekly_3_s012_41284804_60.pkl
452,59.0,49.120609796561894,abcd-ml,pasleep,scale,weekly,3,s012,41284804,60,out/abcd-ml_pasleep_scale_weekly_3_s012_41284804_60.pkl
453,49.0,44.56489289958746,abcd-ml,pasleep,scale,weekly,3,s012,41284804,60,out/abcd-ml_pasleep_scale_weekly_3_s012_41284804_60.pkl
454,59.0,48.07687745074876,abcd-ml,pasleep,scale,weekly,3,s012,41284804,60,out/abcd-ml_pasleep_scale_weekly_3_s012_41284804_60.pkl
455,49.0,44.14555536185976,abcd-ml,pasleep,scale,weekly,3,s012,41284804,60,out/abcd-ml_pasleep_scale_weekly_3_s012_41284804_60.pkl
456,59.0,47.89263156272323,abcd-ml,pasleep,scale,weekly,3,s012,41284804,60,out/abcd-ml_pasleep_scale_weekly_3_s012_41284804_60.pkl
457,49.0,44.47520912122519,abcd-ml,pasleep,scale,weekly,3,s012,41284804,60,out/abcd-ml_pasleep_scale_weekly_3_s012_41284804_60.pkl
458,59.0,48.37107290935816,abcd-ml,pasleep,scale,weekly,3,s012,41284804,60,out/abcd-ml_pasleep_scale_weekly_3_s012_41284804_60.pkl
459,49.0,44.63622145038886,abcd-ml,pasleep,scale,weekly,3,s012,41284804,60,out/abcd-ml_pasleep_scale_weekly_3_s012_41284804_60.pkl
460,59.0,48.47408298738925,abcd-ml,pasleep,scale,weekly,3,s012,41284804,60,out/abcd-ml_pasleep_scale_weekly_3_s012_41284804_60.pkl
461,49.0,44.52245958605684,abcd-ml,pasleep,scale,weekly,3,s012,41284804,60,out/abcd-ml_pasleep_scale_weekly_3_s012_41284804_60.pkl
462,54.0,46.49134539768038,abcd-ml,pasleep,scale,weekly,3,s012,41284804,60,out/abcd-ml_pasleep_scale_weekly_3_s012_41284804_60.pkl
463,46.0,43.92248785409489,abcd-ml,pasleep,scale,weekly,3,s012,41284804,60,out/abcd-ml_pasleep_scale_weekly_3_s012_41284804_60.pkl
464,54.0,46.445814580146255,abcd-ml,pasleep,scale,weekly,3,s012,41284804,60,out/abcd-ml_pasleep_scale_weekly_3_s012_41284804_60.pkl
465,46.0,43.97303101087679,abcd-ml,pasleep,scale,weekly,3,s012,41284804,60,out/abcd-ml_pasleep_scale_weekly_3_s012_41284804_60.pkl
466,54.0,46.48367738292805,abcd-ml,pasleep,scale,weekly,3,s012,41284804,60,out/abcd-ml_pasleep_scale_weekly_3_s012_41284804_60.pkl
467,46.0,43.80847819474832,abcd-ml,pasleep,scale,weekly,3,s012,41284804,60,out/abcd-ml_pasleep_scale_weekly_3_s012_41284804_60.pkl
468,54.0,46.39882683972617,abcd-ml,pasleep,scale,weekly,3,s012,41284804,60,out/abcd-ml_pasleep_scale_weekly_3_s012_41284804_60.pkl
469,46.0,43.90264085172624,abcd-ml,pasleep,scale,weekly,3,s012,41284804,60,out/abcd-ml_pasleep_scale_weekly_3_s012_41284804_60.pkl
470,54.0,46.02717672819778,abcd-ml,pasleep,scale,weekly,3,s012,41284804,60,out/abcd-ml_pasleep_scale_weekly_3_s012_41284804_60.pkl
471,46.0,43.69520628931805,abcd-ml,pasleep,scale,weekly,3,s012,41284804,60,out/abcd-ml_pasleep_scale_weekly_3_s012_41284804_60.pkl
472,54.0,45.972044386636696,abcd-ml,pasleep,scale,weekly,3,s012,41284804,60,out/abcd-ml_pasleep_scale_weekly_3_s012_41284804_60.pkl
473,46.0,43.75632562501654,abcd-ml,pasleep,scale,weekly,3,s012,41284804,60,out/abcd-ml_pasleep_scale_weekly_3_s012_41284804_60.pkl
474,34.0,47.67226680113667,abcd-ml,pasleep,scale,weekly,3,s012,41284804,60,out/abcd-ml_pasleep_scale_weekly_3_s012_41284804_60.pkl
475,34.0,44.078338999876834,abcd-ml,pasleep,scale,weekly,3,s012,41284804,60,out/abcd-ml_pasleep_scale_weekly_3_s012_41284804_60.pkl
476,34.0,47.75522190849677,abcd-ml,pasleep,scale,weekly,3,s012,41284804,60,out/abcd-ml_pasleep_scale_weekly_3_s012_41284804_60.pkl
477,34.0,44.14009264607633,abcd-ml,pasleep,scale,weekly,3,s012,41284804,60,out/abcd-ml_pasleep_scale_weekly_3_s012_41284804_60.pkl
478,34.0,47.84563583472135,abcd-ml,pasleep,scale,weekly,3,s012,41284804,60,out/abcd-ml_pasleep_scale_weekly_3_s012_41284804_60.pkl
479,34.0,44.18701551876168,abcd-ml,pasleep,scale,weekly,3,s012,41284804,60,out/abcd-ml_pasleep_scale_weekly_3_s012_41284804_60.pkl
480,34.0,47.64669094929765,abcd-ml,pasleep,scale,weekly,3,s012,41284804,60,out/abcd-ml_pasleep_scale_weekly_3_s012_41284804_60.pkl
481,34.0,44.407245657933714,abcd-ml,pasleep,scale,weekly,3,s012,41284804,60,out/abcd-ml_pasleep_scale_weekly_3_s012_41284804_60.pkl
482,43.0,48.3700171320559,abcd-ml,pasleep,scale,weekly,3,s012,41284804,60,out/abcd-ml_pasleep_scale_weekly_3_s012_41284804_60.pkl
483,57.0,44.826192286342135,abcd-ml,pasleep,scale,weekly,3,s012,41284804,60,out/abcd-ml_pasleep_scale_weekly_3_s012_41284804_60.pkl
484,43.0,48.548161419273704,abcd-ml,pasleep,scale,weekly,3,s012,41284804,60,out/abcd-ml_pasleep_scale_weekly_3_s012_41284804_60.pkl
485,57.0,44.628522800776636,abcd-ml,pasleep,scale,weekly,3,s012,41284804,60,out/abcd-ml_pasleep_scale_weekly_3_s012_41284804_60.pkl
486,43.0,48.944421847815356,abcd-ml,pasleep,scale,weekly,3,s012,41284804,60,out/abcd-ml_pasleep_scale_weekly_3_s012_41284804_60.pkl
487,57.0,44.710841366129216,abcd-ml,pasleep,scale,weekly,3,s012,41284804,60,out/abcd-ml_pasleep_scale_weekly_3_s012_41284804_60.pkl
488,43.0,47.96242978335346,abcd-ml,pasleep,scale,weekly,3,s012,41284804,60,out/abcd-ml_pasleep_scale_weekly_3_s012_41284804_60.pkl
489,57.0,44.365959744845554,abcd-ml,pasleep,scale,weekly,3,s012,41284804,60,out/abcd-ml_pasleep_scale_weekly_3_s012_41284804_60.pkl
490,43.0,47.84076751909751,abcd-ml,pasleep,scale,weekly,3,s012,41284804,60,out/abcd-ml_pasleep_scale_weekly_3_s012_41284804_60.pkl
491,57.0,44.50101013530613,abcd-ml,pasleep,scale,weekly,3,s012,41284804,60,out/abcd-ml_pasleep_scale_weekly_3_s012_41284804_60.pkl
492,46.0,48.925333844621804,abcd-ml,pasleep,scale,weekly,3,s012,41284804,60,out/abcd-ml_pasleep_scale_weekly_3_s012_41284804_60.pkl
493,74.0,44.78101963189757,abcd-ml,pasleep,scale,weekly,3,s012,41284804,60,out/abcd-ml_pasleep_scale_weekly_3_s012_41284804_60.pkl
494,46.0,47.88160149880868,abcd-ml,pasleep,scale,weekly,3,s012,41284804,60,out/abcd-ml_pasleep_scale_weekly_3_s012_41284804_60.pkl
495,74.0,44.361682094169865,abcd-ml,pasleep,scale,weekly,3,s012,41284804,60,out/abcd-ml_pasleep_scale_weekly_3_s012_41284804_60.pkl
496,46.0,47.93002102981017,abcd-ml,pasleep,scale,weekly,3,s012,41284804,60,out/abcd-ml_pasleep_scale_weekly_3_s012_41284804_60.pkl
497,74.0,44.307947732856874,abcd-ml,pasleep,scale,weekly,3,s012,41284804,60,out/abcd-ml_pasleep_scale_weekly_3_s012_41284804_60.pkl
498,46.0,47.83201141576945,abcd-ml,pasleep,scale,weekly,3,s012,41284804,60,out/abcd-ml_pasleep_scale_weekly_3_s012_41284804_60.pkl
499,74.0,44.52460973359857,abcd-ml,pasleep,scale,weekly,3,s012,41284804,60,out/abcd-ml_pasleep_scale_weekly_3_s012_41284804_60.pkl
500,46.0,47.899991909681304,abcd-ml,pasleep,scale,weekly,3,s012,41284804,60,out/abcd-ml_pasleep_scale_weekly_3_s012_41284804_60.pkl
501,74.0,44.44897794051933,abcd-ml,pasleep,scale,weekly,3,s012,41284804,60,out/abcd-ml_pasleep_scale_weekly_3_s012_41284804_60.pkl
502,46.0,48.00282269114767,abcd-ml,pasleep,scale,weekly,3,s012,41284804,60,out/abcd-ml_pasleep_scale_weekly_3_s012_41284804_60.pkl
503,74.0,44.39368707096273,abcd-ml,pasleep,scale,weekly,3,s012,41284804,60,out/abcd-ml_pasleep_scale_weekly_3_s012_41284804_60.pkl
504,46.0,47.993326353736364,abcd-ml,pasleep,scale,weekly,3,s012,41284804,60,out/abcd-ml_pasleep_scale_weekly_3_s012_41284804_60.pkl
505,74.0,44.40413786546988,abcd-ml,pasleep,scale,weekly,3,s012,41284804,60,out/abcd-ml_pasleep_scale_weekly_3_s012_41284804_60.pkl
506,41.0,47.05907224694447,abcd-ml,pasleep,scale,weekly,3,s012,41284804,60,out/abcd-ml_pasleep_scale_weekly_3_s012_41284804_60.pkl
507,56.0,44.045128810684446,abcd-ml,pasleep,scale,weekly,3,s012,41284804,60,out/abcd-ml_pasleep_scale_weekly_3_s012_41284804_60.pkl
508,41.0,46.994506448429334,abcd-ml,pasleep,scale,weekly,3,s012,41284804,60,out/abcd-ml_pasleep_scale_weekly_3_s012_41284804_60.pkl
509,56.0,44.11600140486585,abcd-ml,pasleep,scale,weekly,3,s012,41284804,60,out/abcd-ml_pasleep_scale_weekly_3_s012_41284804_60.pkl
510,41.0,46.45440573424314,abcd-ml,pasleep,scale,weekly,3,s012,41284804,60,out/abcd-ml_pasleep_scale_weekly_3_s012_41284804_60.pkl
511,56.0,44.17231196325392,abcd-ml,pasleep,scale,weekly,3,s012,41284804,60,out/abcd-ml_pasleep_scale_weekly_3_s012_41284804_60.pkl
512,41.0,46.375624380369764,abcd-ml,pasleep,scale,weekly,3,s012,41284804,60,out/abcd-ml_pasleep_scale_weekly_3_s012_41284804_60.pkl
513,56.0,44.260681379948934,abcd-ml,pasleep,scale,weekly,3,s012,41284804,60,out/abcd-ml_pasleep_scale_weekly_3_s012_41284804_60.pkl
514,41.0,47.73605044007017,abcd-ml,pasleep,scale,weekly,3,s012,41284804,60,out/abcd-ml_pasleep_scale_weekly_3_s012_41284804_60.pkl
515,56.0,44.18011981933934,abcd-ml,pasleep,scale,weekly,3,s012,41284804,60,out/abcd-ml_pasleep_scale_weekly_3_s012_41284804_60.pkl
516,41.0,47.58761789159026,abcd-ml,pasleep,scale,weekly,3,s012,41284804,60,out/abcd-ml_pasleep_scale_weekly_3_s012_41284804_60.pkl
517,56.0,44.34403143346047,abcd-ml,pasleep,scale,weekly,3,s012,41284804,60,out/abcd-ml_pasleep_scale_weekly_3_s012_41284804_60.pkl
518,34.0,48.91697586041289,abcd-ml,pasleep,scale,weekly,3,s012,41284804,60,out/abcd-ml_pasleep_scale_weekly_3_s012_41284804_60.pkl
519,34.0,44.828205233718144,abcd-ml,pasleep,scale,weekly,3,s012,41284804,60,out/abcd-ml_pasleep_scale_weekly_3_s012_41284804_60.pkl
520,34.0,49.02987833653148,abcd-ml,pasleep,scale,weekly,3,s012,41284804,60,out/abcd-ml_pasleep_scale_weekly_3_s012_41284804_60.pkl
521,34.0,44.70362898168662,abcd-ml,pasleep,scale,weekly,3,s012,41284804,60,out/abcd-ml_pasleep_scale_weekly_3_s012_41284804_60.pkl
522,34.0,47.90190702928281,abcd-ml,pasleep,scale,weekly,3,s012,41284804,60,out/abcd-ml_pasleep_scale_weekly_3_s012_41284804_60.pkl
523,34.0,44.54028595289962,abcd-ml,pasleep,scale,weekly,3,s012,41284804,60,out/abcd-ml_pasleep_scale_weekly_3_s012_41284804_60.pkl
524,34.0,47.79956813118461,abcd-ml,pasleep,scale,weekly,3,s012,41284804,60,out/abcd-ml_pasleep_scale_weekly_3_s012_41284804_60.pkl
525,34.0,44.653206393151315,abcd-ml,pasleep,scale,weekly,3,s012,41284804,60,out/abcd-ml_pasleep_scale_weekly_3_s012_41284804_60.pkl
526,34.0,48.25518990835897,abcd-ml,pasleep,scale,weekly,3,s012,41284804,60,out/abcd-ml_pasleep_scale_weekly_3_s012_41284804_60.pkl
527,34.0,44.56419700548939,abcd-ml,pasleep,scale,weekly,3,s012,41284804,60,out/abcd-ml_pasleep_scale_weekly_3_s012_41284804_60.pkl
528,34.0,48.35670011803984,abcd-ml,pasleep,scale,weekly,3,s012,41284804,60,out/abcd-ml_pasleep_scale_weekly_3_s012_41284804_60.pkl
529,34.0,44.45219096617867,abcd-ml,pasleep,scale,weekly,3,s012,41284804,60,out/abcd-ml_pasleep_scale_weekly_3_s012_41284804_60.pkl
530,39.0,48.408478903648714,abcd-ml,pasleep,scale,weekly,3,s012,41284804,60,out/abcd-ml_pasleep_scale_weekly_3_s012_41284804_60.pkl
531,34.0,44.620086332735234,abcd-ml,pasleep,scale,weekly,3,s012,41284804,60,out/abcd-ml_pasleep_scale_weekly_3_s012_41284804_60.pkl
532,39.0,48.32163546944785,abcd-ml,pasleep,scale,weekly,3,s012,41284804,60,out/abcd-ml_pasleep_scale_weekly_3_s012_41284804_60.pkl
533,34.0,44.716208024019416,abcd-ml,pasleep,scale,weekly,3,s012,41284804,60,out/abcd-ml_pasleep_scale_weekly_3_s012_41284804_60.pkl
534,39.0,47.9514041747951,abcd-ml,pasleep,scale,weekly,3,s012,41284804,60,out/abcd-ml_pasleep_scale_weekly_3_s012_41284804_60.pkl
535,34.0,44.284699938949714,abcd-ml,pasleep,scale,weekly,3,s012,41284804,60,out/abcd-ml_pasleep_scale_weekly_3_s012_41284804_60.pkl
536,39.0,48.28032170635159,abcd-ml,pasleep,scale,weekly,3,s012,41284804,60,out/abcd-ml_pasleep_scale_weekly_3_s012_41284804_60.pkl
537,34.0,44.47981186952835,abcd-ml,pasleep,scale,weekly,3,s012,41284804,60,out/abcd-ml_pasleep_scale_weekly_3_s012_41284804_60.pkl
538,39.0,48.06492756482955,abcd-ml,pasleep,scale,weekly,3,s012,41284804,60,out/abcd-ml_pasleep_scale_weekly_3_s012_41284804_60.pkl
539,34.0,44.28164490118493,abcd-ml,pasleep,scale,weekly,3,s012,41284804,60,out/abcd-ml_pasleep_scale_weekly_3_s012_41284804_60.pkl
540,54.0,47.64266973713133,abcd-ml,pasleep,scale,weekly,3,s012,41284804,60,out/abcd-ml_pasleep_scale_weekly_3_s012_41284804_60.pkl
541,48.0,44.431572493094194,abcd-ml,pasleep,scale,weekly,3,s012,41284804,60,out/abcd-ml_pasleep_scale_weekly_3_s012_41284804_60.pkl
542,54.0,47.72196669035502,abcd-ml,pasleep,scale,weekly,3,s012,41284804,60,out/abcd-ml_pasleep_scale_weekly_3_s012_41284804_60.pkl
543,48.0,44.34467307312478,abcd-ml,pasleep,scale,weekly,3,s012,41284804,60,out/abcd-ml_pasleep_scale_weekly_3_s012_41284804_60.pkl
544,54.0,47.61497957943374,abcd-ml,pasleep,scale,weekly,3,s012,41284804,60,out/abcd-ml_pasleep_scale_weekly_3_s012_41284804_60.pkl
545,48.0,44.2843310600517,abcd-ml,pasleep,scale,weekly,3,s012,41284804,60,out/abcd-ml_pasleep_scale_weekly_3_s012_41284804_60.pkl
546,54.0,47.47544790578624,abcd-ml,pasleep,scale,weekly,3,s012,41284804,60,out/abcd-ml_pasleep_scale_weekly_3_s012_41284804_60.pkl
547,48.0,44.43816320432956,abcd-ml,pasleep,scale,weekly,3,s012,41284804,60,out/abcd-ml_pasleep_scale_weekly_3_s012_41284804_60.pkl
548,54.0,47.157751925425444,abcd-ml,pasleep,scale,weekly,3,s012,41284804,60,out/abcd-ml_pasleep_scale_weekly_3_s012_41284804_60.pkl
549,48.0,44.34556860392597,abcd-ml,pasleep,scale,weekly,3,s012,41284804,60,out/abcd-ml_pasleep_scale_weekly_3_s012_41284804_60.pkl
550,47.0,48.04140983005355,abcd-ml,pasleep,scale,weekly,3,s012,41284804,60,out/abcd-ml_pasleep_scale_weekly_3_s012_41284804_60.pkl
551,40.0,44.329115750521595,abcd-ml,pasleep,scale,weekly,3,s012,41284804,60,out/abcd-ml_pasleep_scale_weekly_3_s012_41284804_60.pkl
552,47.0,47.98580941456801,abcd-ml,pasleep,scale,weekly,3,s012,41284804,60,out/abcd-ml_pasleep_scale_weekly_3_s012_41284804_60.pkl
553,40.0,44.39105589330311,abcd-ml,pasleep,scale,weekly,3,s012,41284804,60,out/abcd-ml_pasleep_scale_weekly_3_s012_41284804_60.pkl
554,47.0,48.07365633604819,abcd-ml,pasleep,scale,weekly,3,s012,41284804,60,out/abcd-ml_pasleep_scale_weekly_3_s012_41284804_60.pkl
555,40.0,44.464986653990636,abcd-ml,pasleep,scale,weekly,3,s012,41284804,60,out/abcd-ml_pasleep_scale_weekly_3_s012_41284804_60.pkl
556,47.0,48.060670042850774,abcd-ml,pasleep,scale,weekly,3,s012,41284804,60,out/abcd-ml_pasleep_scale_weekly_3_s012_41284804_60.pkl
557,40.0,44.47925381751718,abcd-ml,pasleep,scale,weekly,3,s012,41284804,60,out/abcd-ml_pasleep_scale_weekly_3_s012_41284804_60.pkl
558,47.0,48.307580952591614,abcd-ml,pasleep,scale,weekly,3,s012,41284804,60,out/abcd-ml_pasleep_scale_weekly_3_s012_41284804_60.pkl
559,40.0,44.50030135676157,abcd-ml,pasleep,scale,weekly,3,s012,41284804,60,out/abcd-ml_pasleep_scale_weekly_3_s012_41284804_60.pkl
560,47.0,48.281026363535844,abcd-ml,pasleep,scale,weekly,3,s012,41284804,60,out/abcd-ml_pasleep_scale_weekly_3_s012_41284804_60.pkl
561,40.0,44.529901520437335,abcd-ml,pasleep,scale,weekly,3,s012,41284804,60,out/abcd-ml_pasleep_scale_weekly_3_s012_41284804_60.pkl
562,41.0,47.98978708023682,abcd-ml,pasleep,scale,weekly,3,s012,41284804,60,out/abcd-ml_pasleep_scale_weekly_3_s012_41284804_60.pkl
563,40.0,43.80771377274718,abcd-ml,pasleep,scale,weekly,3,s012,41284804,60,out/abcd-ml_pasleep_scale_weekly_3_s012_41284804_60.pkl
564,41.0,47.614557364263604,abcd-ml,pasleep,scale,weekly,3,s012,41284804,60,out/abcd-ml_pasleep_scale_weekly_3_s012_41284804_60.pkl
565,40.0,44.22414806814547,abcd-ml,pasleep,scale,weekly,3,s012,41284804,60,out/abcd-ml_pasleep_scale_weekly_3_s012_41284804_60.pkl
566,41.0,47.69979904584923,abcd-ml,pasleep,scale,weekly,3,s012,41284804,60,out/abcd-ml_pasleep_scale_weekly_3_s012_41284804_60.pkl
567,40.0,44.3252069276149,abcd-ml,pasleep,scale,weekly,3,s012,41284804,60,out/abcd-ml_pasleep_scale_weekly_3_s012_41284804_60.pkl
568,41.0,47.73774699825569,abcd-ml,pasleep,scale,weekly,3,s012,41284804,60,out/abcd-ml_pasleep_scale_weekly_3_s012_41284804_60.pkl
569,40.0,44.28333533312542,abcd-ml,pasleep,scale,weekly,3,s012,41284804,60,out/abcd-ml_pasleep_scale_weekly_3_s012_41284804_60.pkl
570,33.0,49.03434087356164,abcd-ml,pasleep,scale,weekly,3,s012,41284804,60,out/abcd-ml_pasleep_scale_weekly_3_s012_41284804_60.pkl
571,34.0,44.660763362538226,abcd-ml,pasleep,scale,weekly,3,s012,41284804,60,out/abcd-ml_pasleep_scale_weekly_3_s012_41284804_60.pkl
572,33.0,47.990608527748506,abcd-ml,pasleep,scale,weekly,3,s012,41284804,60,out/abcd-ml_pasleep_scale_weekly_3_s012_41284804_60.pkl
573,34.0,44.24142582481052,abcd-ml,pasleep,scale,weekly,3,s012,41284804,60,out/abcd-ml_pasleep_scale_weekly_3_s012_41284804_60.pkl
574,33.0,47.9875307737596,abcd-ml,pasleep,scale,weekly,3,s012,41284804,60,out/abcd-ml_pasleep_scale_weekly_3_s012_41284804_60.pkl
575,34.0,44.244882520677265,abcd-ml,pasleep,scale,weekly,3,s012,41284804,60,out/abcd-ml_pasleep_scale_weekly_3_s012_41284804_60.pkl
576,33.0,47.96162811989664,abcd-ml,pasleep,scale,weekly,3,s012,41284804,60,out/abcd-ml_pasleep_scale_weekly_3_s012_41284804_60.pkl
577,34.0,44.09339146239438,abcd-ml,pasleep,scale,weekly,3,s012,41284804,60,out/abcd-ml_pasleep_scale_weekly_3_s012_41284804_60.pkl
578,33.0,48.01646541136566,abcd-ml,pasleep,scale,weekly,3,s012,41284804,60,out/abcd-ml_pasleep_scale_weekly_3_s012_41284804_60.pkl
579,34.0,44.381269987657376,abcd-ml,pasleep,scale,weekly,3,s012,41284804,60,out/abcd-ml_pasleep_scale_weekly_3_s012_41284804_60.pkl
580,33.0,47.945317158706985,abcd-ml,pasleep,scale,weekly,3,s012,41284804,60,out/abcd-ml_pasleep_scale_weekly_3_s012_41284804_60.pkl
581,34.0,44.45958712907597,abcd-ml,pasleep,scale,weekly,3,s012,41284804,60,out/abcd-ml_pasleep_scale_weekly_3_s012_41284804_60.pkl
582,52.0,47.934456720571475,abcd-ml,pasleep,scale,weekly,3,s012,41284804,60,out/abcd-ml_pasleep_scale_weekly_3_s012_41284804_60.pkl
583,33.0,44.5956428453086,abcd-ml,pasleep,scale,weekly,3,s012,41284804,60,out/abcd-ml_pasleep_scale_weekly_3_s012_41284804_60.pkl
584,52.0,47.9558445029374,abcd-ml,pasleep,scale,weekly,3,s012,41284804,60,out/abcd-ml_pasleep_scale_weekly_3_s012_41284804_60.pkl
585,33.0,44.57204370314791,abcd-ml,pasleep,scale,weekly,3,s012,41284804,60,out/abcd-ml_pasleep_scale_weekly_3_s012_41284804_60.pkl
586,52.0,47.821019738966285,abcd-ml,pasleep,scale,weekly,3,s012,41284804,60,out/abcd-ml_pasleep_scale_weekly_3_s012_41284804_60.pkl
587,33.0,44.43573294250547,abcd-ml,pasleep,scale,weekly,3,s012,41284804,60,out/abcd-ml_pasleep_scale_weekly_3_s012_41284804_60.pkl
588,52.0,47.807037593157844,abcd-ml,pasleep,scale,weekly,3,s012,41284804,60,out/abcd-ml_pasleep_scale_weekly_3_s012_41284804_60.pkl
589,33.0,44.451160821949465,abcd-ml,pasleep,scale,weekly,3,s012,41284804,60,out/abcd-ml_pasleep_scale_weekly_3_s012_41284804_60.pkl
590,52.0,48.786416113964414,abcd-ml,pasleep,scale,weekly,3,s012,41284804,60,out/abcd-ml_pasleep_scale_weekly_3_s012_41284804_60.pkl
591,33.0,44.613868059194694,abcd-ml,pasleep,scale,weekly,3,s012,41284804,60,out/abcd-ml_pasleep_scale_weekly_3_s012_41284804_60.pkl
592,52.0,48.77986833437427,abcd-ml,pasleep,scale,weekly,3,s012,41284804,60,out/abcd-ml_pasleep_scale_weekly_3_s012_41284804_60.pkl
593,33.0,44.621092887941,abcd-ml,pasleep,scale,weekly,3,s012,41284804,60,out/abcd-ml_pasleep_scale_weekly_3_s012_41284804_60.pkl
594,34.0,48.34473272419788,abcd-ml,pasleep,scale,weekly,3,s012,41284804,60,out/abcd-ml_pasleep_scale_weekly_3_s012_41284804_60.pkl
595,43.0,44.813173680369395,abcd-ml,pasleep,scale,weekly,3,s012,41284804,60,out/abcd-ml_pasleep_scale_weekly_3_s012_41284804_60.pkl
596,34.0,48.48166848112005,abcd-ml,pasleep,scale,weekly,3,s012,41284804,60,out/abcd-ml_pasleep_scale_weekly_3_s012_41284804_60.pkl
597,43.0,44.662079088093975,abcd-ml,pasleep,scale,weekly,3,s012,41284804,60,out/abcd-ml_pasleep_scale_weekly_3_s012_41284804_60.pkl
598,34.0,48.69197926786556,abcd-ml,pasleep,scale,weekly,3,s012,41284804,60,out/abcd-ml_pasleep_scale_weekly_3_s012_41284804_60.pkl
599,43.0,44.78751923609762,abcd-ml,pasleep,scale,weekly,3,s012,41284804,60,out/abcd-ml_pasleep_scale_weekly_3_s012_41284804_60.pkl
600,34.0,48.82310884610754,abcd-ml,pasleep,scale,weekly,3,s012,41284804,60,out/abcd-ml_pasleep_scale_weekly_3_s012_41284804_60.pkl
601,43.0,44.64283158797534,abcd-ml,pasleep,scale,weekly,3,s012,41284804,60,out/abcd-ml_pasleep_scale_weekly_3_s012_41284804_60.pkl
602,34.0,48.059418161718,abcd-ml,pasleep,scale,weekly,3,s012,41284804,60,out/abcd-ml_pasleep_scale_weekly_3_s012_41284804_60.pkl
603,43.0,44.5297156801782,abcd-ml,pasleep,scale,weekly,3,s012,41284804,60,out/abcd-ml_pasleep_scale_weekly_3_s012_41284804_60.pkl
604,34.0,48.17742915985578,abcd-ml,pasleep,scale,weekly,3,s012,41284804,60,out/abcd-ml_pasleep_scale_weekly_3_s012_41284804_60.pkl
605,43.0,44.39952914660953,abcd-ml,pasleep,scale,weekly,3,s012,41284804,60,out/abcd-ml_pasleep_scale_weekly_3_s012_41284804_60.pkl
606,55.0,48.11769723412266,abcd-ml,pasleep,scale,weekly,3,s012,41284804,60,out/abcd-ml_pasleep_scale_weekly_3_s012_41284804_60.pkl
607,57.0,44.57910425867914,abcd-ml,pasleep,scale,weekly,3,s012,41284804,60,out/abcd-ml_pasleep_scale_weekly_3_s012_41284804_60.pkl
608,55.0,48.264272875653134,abcd-ml,pasleep,scale,weekly,3,s012,41284804,60,out/abcd-ml_pasleep_scale_weekly_3_s012_41284804_60.pkl
609,57.0,44.417459875591135,abcd-ml,pasleep,scale,weekly,3,s012,41284804,60,out/abcd-ml_pasleep_scale_weekly_3_s012_41284804_60.pkl
610,55.0,47.939664820455754,abcd-ml,pasleep,scale,weekly,3,s012,41284804,60,out/abcd-ml_pasleep_scale_weekly_3_s012_41284804_60.pkl
611,57.0,44.40103917907861,abcd-ml,pasleep,scale,weekly,3,s012,41284804,60,out/abcd-ml_pasleep_scale_weekly_3_s012_41284804_60.pkl
612,55.0,48.0089816140387,abcd-ml,pasleep,scale,weekly,3,s012,41284804,60,out/abcd-ml_pasleep_scale_weekly_3_s012_41284804_60.pkl
613,57.0,44.325140917581095,abcd-ml,pasleep,scale,weekly,3,s012,41284804,60,out/abcd-ml_pasleep_scale_weekly_3_s012_41284804_60.pkl
614,55.0,47.72347945775659,abcd-ml,pasleep,scale,weekly,3,s012,41284804,60,out/abcd-ml_pasleep_scale_weekly_3_s012_41284804_60.pkl
615,57.0,44.28632863707219,abcd-ml,pasleep,scale,weekly,3,s012,41284804,60,out/abcd-ml_pasleep_scale_weekly_3_s012_41284804_60.pkl
616,55.0,47.733247619178414,abcd-ml,pasleep,scale,weekly,3,s012,41284804,60,out/abcd-ml_pasleep_scale_weekly_3_s012_41284804_60.pkl
617,57.0,44.27651658104071,abcd-ml,pasleep,scale,weekly,3,s012,41284804,60,out/abcd-ml_pasleep_scale_weekly_3_s012_41284804_60.pkl
618,58.0,47.82333968292261,abcd-ml,pasleep,scale,weekly,3,s012,41284804,60,out/abcd-ml_pasleep_scale_weekly_3_s012_41284804_60.pkl
619,59.0,44.643030152947944,abcd-ml,pasleep,scale,weekly,3,s012,41284804,60,out/abcd-ml_pasleep_scale_weekly_3_s012_41284804_60.pkl
620,58.0,47.966231697683156,abcd-ml,pasleep,scale,weekly,3,s012,41284804,60,out/abcd-ml_pasleep_scale_weekly_3_s012_41284804_60.pkl
621,59.0,44.48486715166109,abcd-ml,pasleep,scale,weekly,3,s012,41284804,60,out/abcd-ml_pasleep_scale_weekly_3_s012_41284804_60.pkl
622,58.0,48.29611696685027,abcd-ml,pasleep,scale,weekly,3,s012,41284804,60,out/abcd-ml_pasleep_scale_weekly_3_s012_41284804_60.pkl
623,59.0,44.5414231392392,abcd-ml,pasleep,scale,weekly,3,s012,41284804,60,out/abcd-ml_pasleep_scale_weekly_3_s012_41284804_60.pkl
624,58.0,48.23179393566995,abcd-ml,pasleep,scale,weekly,3,s012,41284804,60,out/abcd-ml_pasleep_scale_weekly_3_s012_41284804_60.pkl
625,59.0,44.61239699440071,abcd-ml,pasleep,scale,weekly,3,s012,41284804,60,out/abcd-ml_pasleep_scale_weekly_3_s012_41284804_60.pkl
626,58.0,47.85603269584155,abcd-ml,pasleep,scale,weekly,3,s012,41284804,60,out/abcd-ml_pasleep_scale_weekly_3_s012_41284804_60.pkl
627,59.0,44.55676960021316,abcd-ml,pasleep,scale,weekly,3,s012,41284804,60,out/abcd-ml_pasleep_scale_weekly_3_s012_41284804_60.pkl
628,58.0,47.918593963164646,abcd-ml,pasleep,scale,weekly,3,s012,41284804,60,out/abcd-ml_pasleep_scale_weekly_3_s012_41284804_60.pkl
629,59.0,44.4877398650322,abcd-ml,pasleep,scale,weekly,3,s012,41284804,60,out/abcd-ml_pasleep_scale_weekly_3_s012_41284804_60.pkl
630,65.0,48.26029348848374,abcd-ml,pasleep,scale,weekly,3,s012,41284804,60,out/abcd-ml_pasleep_scale_weekly_3_s012_41284804_60.pkl
631,56.0,44.70832004324606,abcd-ml,pasleep,scale,weekly,3,s012,41284804,60,out/abcd-ml_pasleep_scale_weekly_3_s012_41284804_60.pkl
632,65.0,48.40776932754439,abcd-ml,pasleep,scale,weekly,3,s012,41284804,60,out/abcd-ml_pasleep_scale_weekly_3_s012_41284804_60.pkl
633,56.0,44.5455956650788,abcd-ml,pasleep,scale,weekly,3,s012,41284804,60,out/abcd-ml_pasleep_scale_weekly_3_s012_41284804_60.pkl
634,65.0,48.47959353164403,abcd-ml,pasleep,scale,weekly,3,s012,41284804,60,out/abcd-ml_pasleep_scale_weekly_3_s012_41284804_60.pkl
635,56.0,44.590422667354744,abcd-ml,pasleep,scale,weekly,3,s012,41284804,60,out/abcd-ml_pasleep_scale_weekly_3_s012_41284804_60.pkl
636,65.0,48.338753678112894,abcd-ml,pasleep,scale,weekly,3,s012,41284804,60,out/abcd-ml_pasleep_scale_weekly_3_s012_41284804_60.pkl
637,56.0,44.745824846960076,abcd-ml,pasleep,scale,weekly,3,s012,41284804,60,out/abcd-ml_pasleep_scale_weekly_3_s012_41284804_60.pkl
638,52.0,47.242898734714615,abcd-ml,pasleep,scale,weekly,3,s012,41284804,60,out/abcd-ml_pasleep_scale_weekly_3_s012_41284804_60.pkl
639,44.0,44.14815046059442,abcd-ml,pasleep,scale,weekly,3,s012,41284804,60,out/abcd-ml_pasleep_scale_weekly_3_s012_41284804_60.pkl
640,52.0,47.16835934948054,abcd-ml,pasleep,scale,weekly,3,s012,41284804,60,out/abcd-ml_pasleep_scale_weekly_3_s012_41284804_60.pkl
641,44.0,44.23023035541101,abcd-ml,pasleep,scale,weekly,3,s012,41284804,60,out/abcd-ml_pasleep_scale_weekly_3_s012_41284804_60.pkl
642,52.0,47.69831561319852,abcd-ml,pasleep,scale,weekly,3,s012,41284804,60,out/abcd-ml_pasleep_scale_weekly_3_s012_41284804_60.pkl
643,44.0,44.400462910067745,abcd-ml,pasleep,scale,weekly,3,s012,41284804,60,out/abcd-ml_pasleep_scale_weekly_3_s012_41284804_60.pkl
644,52.0,47.821786423699486,abcd-ml,pasleep,scale,weekly,3,s012,41284804,60,out/abcd-ml_pasleep_scale_weekly_3_s012_41284804_60.pkl
645,44.0,44.264101740605554,abcd-ml,pasleep,scale,weekly,3,s012,41284804,60,out/abcd-ml_pasleep_scale_weekly_3_s012_41284804_60.pkl
646,52.0,47.65949630801031,abcd-ml,pasleep,scale,weekly,3,s012,41284804,60,out/abcd-ml_pasleep_scale_weekly_3_s012_41284804_60.pkl
647,44.0,44.06353212853779,abcd-ml,pasleep,scale,weekly,3,s012,41284804,60,out/abcd-ml_pasleep_scale_weekly_3_s012_41284804_60.pkl
648,52.0,47.44168319458158,abcd-ml,pasleep,scale,weekly,3,s012,41284804,60,out/abcd-ml_pasleep_scale_weekly_3_s012_41284804_60.pkl
649,44.0,44.30462237562773,abcd-ml,pasleep,scale,weekly,3,s012,41284804,60,out/abcd-ml_pasleep_scale_weekly_3_s012_41284804_60.pkl
650,79.0,48.13354942720194,abcd-ml,pasleep,scale,weekly,3,s012,41284804,60,out/abcd-ml_pasleep_scale_weekly_3_s012_41284804_60.pkl
651,60.0,44.300315709903956,abcd-ml,pasleep,scale,weekly,3,s012,41284804,60,out/abcd-ml_pasleep_scale_weekly_3_s012_41284804_60.pkl
652,79.0,48.00177099339941,abcd-ml,pasleep,scale,weekly,3,s012,41284804,60,out/abcd-ml_pasleep_scale_weekly_3_s012_41284804_60.pkl
653,60.0,44.44576235855421,abcd-ml,pasleep,scale,weekly,3,s012,41284804,60,out/abcd-ml_pasleep_scale_weekly_3_s012_41284804_60.pkl
654,79.0,47.45148949529238,abcd-ml,pasleep,scale,weekly,3,s012,41284804,60,out/abcd-ml_pasleep_scale_weekly_3_s012_41284804_60.pkl
655,60.0,44.42809545758119,abcd-ml,pasleep,scale,weekly,3,s012,41284804,60,out/abcd-ml_pasleep_scale_weekly_3_s012_41284804_60.pkl
656,79.0,47.501348493468285,abcd-ml,pasleep,scale,weekly,3,s012,41284804,60,out/abcd-ml_pasleep_scale_weekly_3_s012_41284804_60.pkl
657,60.0,44.37365632503031,abcd-ml,pasleep,scale,weekly,3,s012,41284804,60,out/abcd-ml_pasleep_scale_weekly_3_s012_41284804_60.pkl
658,79.0,47.503050263815844,abcd-ml,pasleep,scale,weekly,3,s012,41284804,60,out/abcd-ml_pasleep_scale_weekly_3_s012_41284804_60.pkl
659,60.0,44.369005318896505,abcd-ml,pasleep,scale,weekly,3,s012,41284804,60,out/abcd-ml_pasleep_scale_weekly_3_s012_41284804_60.pkl
660,79.0,47.529272863504666,abcd-ml,pasleep,scale,weekly,3,s012,41284804,60,out/abcd-ml_pasleep_scale_weekly_3_s012_41284804_60.pkl
661,60.0,44.33892647190787,abcd-ml,pasleep,scale,weekly,3,s012,41284804,60,out/abcd-ml_pasleep_scale_weekly_3_s012_41284804_60.pkl
662,50.0,48.3115939052237,abcd-ml,pasleep,scale,weekly,3,s012,41284804,60,out/abcd-ml_pasleep_scale_weekly_3_s012_41284804_60.pkl
663,52.0,44.33114502523213,abcd-ml,pasleep,scale,weekly,3,s012,41284804,60,out/abcd-ml_pasleep_scale_weekly_3_s012_41284804_60.pkl
664,50.0,48.218235020434115,abcd-ml,pasleep,scale,weekly,3,s012,41284804,60,out/abcd-ml_pasleep_scale_weekly_3_s012_41284804_60.pkl
665,52.0,44.43528416287916,abcd-ml,pasleep,scale,weekly,3,s012,41284804,60,out/abcd-ml_pasleep_scale_weekly_3_s012_41284804_60.pkl
666,50.0,47.80163660600316,abcd-ml,pasleep,scale,weekly,3,s012,41284804,60,out/abcd-ml_pasleep_scale_weekly_3_s012_41284804_60.pkl
667,52.0,44.25302755714917,abcd-ml,pasleep,scale,weekly,3,s012,41284804,60,out/abcd-ml_pasleep_scale_weekly_3_s012_41284804_60.pkl
668,50.0,47.78452532762082,abcd-ml,pasleep,scale,weekly,3,s012,41284804,60,out/abcd-ml_pasleep_scale_weekly_3_s012_41284804_60.pkl
669,52.0,44.27245693450871,abcd-ml,pasleep,scale,weekly,3,s012,41284804,60,out/abcd-ml_pasleep_scale_weekly_3_s012_41284804_60.pkl
670,50.0,47.881015981775676,abcd-ml,pasleep,scale,weekly,3,s012,41284804,60,out/abcd-ml_pasleep_scale_weekly_3_s012_41284804_60.pkl
671,52.0,44.57262290100416,abcd-ml,pasleep,scale,weekly,3,s012,41284804,60,out/abcd-ml_pasleep_scale_weekly_3_s012_41284804_60.pkl
672,50.0,48.01199957745703,abcd-ml,pasleep,scale,weekly,3,s012,41284804,60,out/abcd-ml_pasleep_scale_weekly_3_s012_41284804_60.pkl
673,52.0,44.427571212395094,abcd-ml,pasleep,scale,weekly,3,s012,41284804,60,out/abcd-ml_pasleep_scale_weekly_3_s012_41284804_60.pkl
674,34.0,48.26404202003385,abcd-ml,pasleep,scale,weekly,3,s012,41284804,60,out/abcd-ml_pasleep_scale_weekly_3_s012_41284804_60.pkl
675,33.0,44.49493162469656,abcd-ml,pasleep,scale,weekly,3,s012,41284804,60,out/abcd-ml_pasleep_scale_weekly_3_s012_41284804_60.pkl
676,34.0,48.23995785874541,abcd-ml,pasleep,scale,weekly,3,s012,41284804,60,out/abcd-ml_pasleep_scale_weekly_3_s012_41284804_60.pkl
677,33.0,44.521360511888,abcd-ml,pasleep,scale,weekly,3,s012,41284804,60,out/abcd-ml_pasleep_scale_weekly_3_s012_41284804_60.pkl
678,34.0,47.887648362822446,abcd-ml,pasleep,scale,weekly,3,s012,41284804,60,out/abcd-ml_pasleep_scale_weekly_3_s012_41284804_60.pkl
679,33.0,44.31094262710741,abcd-ml,pasleep,scale,weekly,3,s012,41284804,60,out/abcd-ml_pasleep_scale_weekly_3_s012_41284804_60.pkl
680,34.0,47.7846499254191,abcd-ml,pasleep,scale,weekly,3,s012,41284804,60,out/abcd-ml_pasleep_scale_weekly_3_s012_41284804_60.pkl
681,33.0,44.425689221214135,abcd-ml,pasleep,scale,weekly,3,s012,41284804,60,out/abcd-ml_pasleep_scale_weekly_3_s012_41284804_60.pkl
682,34.0,48.095512754863066,abcd-ml,pasleep,scale,weekly,3,s012,41284804,60,out/abcd-ml_pasleep_scale_weekly_3_s012_41284804_60.pkl
683,33.0,44.33203994213319,abcd-ml,pasleep,scale,weekly,3,s012,41284804,60,out/abcd-ml_pasleep_scale_weekly_3_s012_41284804_60.pkl
684,34.0,48.02038198240713,abcd-ml,pasleep,scale,weekly,3,s012,41284804,60,out/abcd-ml_pasleep_scale_weekly_3_s012_41284804_60.pkl
685,33.0,44.415065526386485,abcd-ml,pasleep,scale,weekly,3,s012,41284804,60,out/abcd-ml_pasleep_scale_weekly_3_s012_41284804_60.pkl
686,34.0,48.16350742828219,abcd-ml,pasleep,scale,weekly,3,s012,41284804,60,out/abcd-ml_pasleep_scale_weekly_3_s012_41284804_60.pkl
687,50.0,44.41974566147858,abcd-ml,pasleep,scale,weekly,3,s012,41284804,60,out/abcd-ml_pasleep_scale_weekly_3_s012_41284804_60.pkl
688,34.0,48.13522316271753,abcd-ml,pasleep,scale,weekly,3,s012,41284804,60,out/abcd-ml_pasleep_scale_weekly_3_s012_41284804_60.pkl
689,50.0,44.451091388758016,abcd-ml,pasleep,scale,weekly,3,s012,41284804,60,out/abcd-ml_pasleep_scale_weekly_3_s012_41284804_60.pkl
690,34.0,48.21178551791959,abcd-ml,pasleep,scale,weekly,3,s012,41284804,60,out/abcd-ml_pasleep_scale_weekly_3_s012_41284804_60.pkl
691,50.0,44.439793068185914,abcd-ml,pasleep,scale,weekly,3,s012,41284804,60,out/abcd-ml_pasleep_scale_weekly_3_s012_41284804_60.pkl
692,34.0,48.01257052503234,abcd-ml,pasleep,scale,weekly,3,s012,41284804,60,out/abcd-ml_pasleep_scale_weekly_3_s012_41284804_60.pkl
693,50.0,44.661124700603985,abcd-ml,pasleep,scale,weekly,3,s012,41284804,60,out/abcd-ml_pasleep_scale_weekly_3_s012_41284804_60.pkl
694,34.0,48.404044998682686,abcd-ml,pasleep,scale,weekly,3,s012,41284804,60,out/abcd-ml_pasleep_scale_weekly_3_s012_41284804_60.pkl
695,50.0,44.306630027409554,abcd-ml,pasleep,scale,weekly,3,s012,41284804,60,out/abcd-ml_pasleep_scale_weekly_3_s012_41284804_60.pkl
696,34.0,48.278543045718166,abcd-ml,pasleep,scale,weekly,3,s012,41284804,60,out/abcd-ml_pasleep_scale_weekly_3_s012_41284804_60.pkl
697,50.0,44.44584913439351,abcd-ml,pasleep,scale,weekly,3,s012,41284804,60,out/abcd-ml_pasleep_scale_weekly_3_s012_41284804_60.pkl
698,52.0,47.825977287721464,abcd-ml,pasleep,scale,weekly,3,s012,41284804,60,out/abcd-ml_pasleep_scale_weekly_3_s012_41284804_60.pkl
699,60.0,44.464142829731,abcd-ml,pasleep,scale,weekly,3,s012,41284804,60,out/abcd-ml_pasleep_scale_weekly_3_s012_41284804_60.pkl
700,52.0,47.82095228939963,abcd-ml,pasleep,scale,weekly,3,s012,41284804,60,out/abcd-ml_pasleep_scale_weekly_3_s012_41284804_60.pkl
701,60.0,44.46954718554478,abcd-ml,pasleep,scale,weekly,3,s012,41284804,60,out/abcd-ml_pasleep_scale_weekly_3_s012_41284804_60.pkl
702,52.0,48.81294349678727,abcd-ml,pasleep,scale,weekly,3,s012,41284804,60,out/abcd-ml_pasleep_scale_weekly_3_s012_41284804_60.pkl
703,60.0,44.519195122549164,abcd-ml,pasleep,scale,weekly,3,s012,41284804,60,out/abcd-ml_pasleep_scale_weekly_3_s012_41284804_60.pkl
704,52.0,48.72043575410473,abcd-ml,pasleep,scale,weekly,3,s012,41284804,60,out/abcd-ml_pasleep_scale_weekly_3_s012_41284804_60.pkl
705,60.0,44.62169684420704,abcd-ml,pasleep,scale,weekly,3,s012,41284804,60,out/abcd-ml_pasleep_scale_weekly_3_s012_41284804_60.pkl
706,52.0,48.02137420934464,abcd-ml,pasleep,scale,weekly,3,s012,41284804,60,out/abcd-ml_pasleep_scale_weekly_3_s012_41284804_60.pkl
707,60.0,44.48162124546373,abcd-ml,pasleep,scale,weekly,3,s012,41284804,60,out/abcd-ml_pasleep_scale_weekly_3_s012_41284804_60.pkl
708,52.0,48.0114332593472,abcd-ml,pasleep,scale,weekly,3,s012,41284804,60,out/abcd-ml_pasleep_scale_weekly_3_s012_41284804_60.pkl
709,60.0,44.4929237904767,abcd-ml,pasleep,scale,weekly,3,s012,41284804,60,out/abcd-ml_pasleep_scale_weekly_3_s012_41284804_60.pkl
710,47.0,46.88559329550161,abcd-ml,pasleep,scale,weekly,3,s012,41284804,60,out/abcd-ml_pasleep_scale_weekly_3_s012_41284804_60.pkl
711,46.0,44.33335964708061,abcd-ml,pasleep,scale,weekly,3,s012,41284804,60,out/abcd-ml_pasleep_scale_weekly_3_s012_41284804_60.pkl
712,47.0,46.938499581332294,abcd-ml,pasleep,scale,weekly,3,s012,41284804,60,out/abcd-ml_pasleep_scale_weekly_3_s012_41284804_60.pkl
713,46.0,44.27563203077663,abcd-ml,pasleep,scale,weekly,3,s012,41284804,60,out/abcd-ml_pasleep_scale_weekly_3_s012_41284804_60.pkl
714,47.0,47.21142791211879,abcd-ml,pasleep,scale,weekly,3,s012,41284804,60,out/abcd-ml_pasleep_scale_weekly_3_s012_41284804_60.pkl
715,46.0,44.257009989086626,abcd-ml,pasleep,scale,weekly,3,s012,41284804,60,out/abcd-ml_pasleep_scale_weekly_3_s012_41284804_60.pkl
716,47.0,47.29537430517635,abcd-ml,pasleep,scale,weekly,3,s012,41284804,60,out/abcd-ml_pasleep_scale_weekly_3_s012_41284804_60.pkl
717,46.0,44.16476889608448,abcd-ml,pasleep,scale,weekly,3,s012,41284804,60,out/abcd-ml_pasleep_scale_weekly_3_s012_41284804_60.pkl
718,47.0,47.20268805969095,abcd-ml,pasleep,scale,weekly,3,s012,41284804,60,out/abcd-ml_pasleep_scale_weekly_3_s012_41284804_60.pkl
719,46.0,44.03940007707672,abcd-ml,pasleep,scale,weekly,3,s012,41284804,60,out/abcd-ml_pasleep_scale_weekly_3_s012_41284804_60.pkl
720,47.0,46.95615408019093,abcd-ml,pasleep,scale,weekly,3,s012,41284804,60,out/abcd-ml_pasleep_scale_weekly_3_s012_41284804_60.pkl
721,46.0,44.312235636991375,abcd-ml,pasleep,scale,weekly,3,s012,41284804,60,out/abcd-ml_pasleep_scale_weekly_3_s012_41284804_60.pkl
722,45.0,47.42206928231234,abcd-ml,pasleep,scale,weekly,3,s012,41284804,60,out/abcd-ml_pasleep_scale_weekly_3_s012_41284804_60.pkl
723,33.0,44.04935668286595,abcd-ml,pasleep,scale,weekly,3,s012,41284804,60,out/abcd-ml_pasleep_scale_weekly_3_s012_41284804_60.pkl
724,45.0,47.2585475955847,abcd-ml,pasleep,scale,weekly,3,s012,41284804,60,out/abcd-ml_pasleep_scale_weekly_3_s012_41284804_60.pkl
725,33.0,44.23035141320699,abcd-ml,pasleep,scale,weekly,3,s012,41284804,60,out/abcd-ml_pasleep_scale_weekly_3_s012_41284804_60.pkl
726,45.0,47.557413289405616,abcd-ml,pasleep,scale,weekly,3,s012,41284804,60,out/abcd-ml_pasleep_scale_weekly_3_s012_41284804_60.pkl
727,33.0,44.078972679164906,abcd-ml,pasleep,scale,weekly,3,s012,41284804,60,out/abcd-ml_pasleep_scale_weekly_3_s012_41284804_60.pkl
728,45.0,47.37623012059184,abcd-ml,pasleep,scale,weekly,3,s012,41284804,60,out/abcd-ml_pasleep_scale_weekly_3_s012_41284804_60.pkl
729,33.0,44.27953451323761,abcd-ml,pasleep,scale,weekly,3,s012,41284804,60,out/abcd-ml_pasleep_scale_weekly_3_s012_41284804_60.pkl
730,45.0,47.15966302424724,abcd-ml,pasleep,scale,weekly,3,s012,41284804,60,out/abcd-ml_pasleep_scale_weekly_3_s012_41284804_60.pkl
731,33.0,44.16320377801627,abcd-ml,pasleep,scale,weekly,3,s012,41284804,60,out/abcd-ml_pasleep_scale_weekly_3_s012_41284804_60.pkl
732,45.0,47.19844537416933,abcd-ml,pasleep,scale,weekly,3,s012,41284804,60,out/abcd-ml_pasleep_scale_weekly_3_s012_41284804_60.pkl
733,33.0,44.12081136595428,abcd-ml,pasleep,scale,weekly,3,s012,41284804,60,out/abcd-ml_pasleep_scale_weekly_3_s012_41284804_60.pkl
734,66.0,48.23747511611886,abcd-ml,pasleep,scale,weekly,3,s012,41284804,60,out/abcd-ml_pasleep_scale_weekly_3_s012_41284804_60.pkl
735,46.0,44.53603197082516,abcd-ml,pasleep,scale,weekly,3,s012,41284804,60,out/abcd-ml_pasleep_scale_weekly_3_s012_41284804_60.pkl
736,66.0,48.17082380993891,abcd-ml,pasleep,scale,weekly,3,s012,41284804,60,out/abcd-ml_pasleep_scale_weekly_3_s012_41284804_60.pkl
737,46.0,44.39594710873479,abcd-ml,pasleep,scale,weekly,3,s012,41284804,60,out/abcd-ml_pasleep_scale_weekly_3_s012_41284804_60.pkl
738,66.0,48.073768429039276,abcd-ml,pasleep,scale,weekly,3,s012,41284804,60,out/abcd-ml_pasleep_scale_weekly_3_s012_41284804_60.pkl
739,46.0,44.50319572005849,abcd-ml,pasleep,scale,weekly,3,s012,41284804,60,out/abcd-ml_pasleep_scale_weekly_3_s012_41284804_60.pkl
740,66.0,47.539191900961036,abcd-ml,pasleep,scale,weekly,3,s012,41284804,60,out/abcd-ml_pasleep_scale_weekly_3_s012_41284804_60.pkl
741,46.0,44.536715077738286,abcd-ml,pasleep,scale,weekly,3,s012,41284804,60,out/abcd-ml_pasleep_scale_weekly_3_s012_41284804_60.pkl
742,66.0,47.72792421924789,abcd-ml,pasleep,scale,weekly,3,s012,41284804,60,out/abcd-ml_pasleep_scale_weekly_3_s012_41284804_60.pkl
743,46.0,44.32763500288986,abcd-ml,pasleep,scale,weekly,3,s012,41284804,60,out/abcd-ml_pasleep_scale_weekly_3_s012_41284804_60.pkl
744,40.0,47.761080479119855,abcd-ml,pasleep,scale,weekly,3,s012,41284804,60,out/abcd-ml_pasleep_scale_weekly_3_s012_41284804_60.pkl
745,43.0,44.11363536513672,abcd-ml,pasleep,scale,weekly,3,s012,41284804,60,out/abcd-ml_pasleep_scale_weekly_3_s012_41284804_60.pkl
746,40.0,47.59968984573357,abcd-ml,pasleep,scale,weekly,3,s012,41284804,60,out/abcd-ml_pasleep_scale_weekly_3_s012_41284804_60.pkl
747,43.0,44.292408941755276,abcd-ml,pasleep,scale,weekly,3,s012,41284804,60,out/abcd-ml_pasleep_scale_weekly_3_s012_41284804_60.pkl
748,40.0,47.79767684726555,abcd-ml,pasleep,scale,weekly,3,s012,41284804,60,out/abcd-ml_pasleep_scale_weekly_3_s012_41284804_60.pkl
749,43.0,44.290511260699255,abcd-ml,pasleep,scale,weekly,3,s012,41284804,60,out/abcd-ml_pasleep_scale_weekly_3_s012_41284804_60.pkl
750,40.0,47.75314415484106,abcd-ml,pasleep,scale,weekly,3,s012,41284804,60,out/abcd-ml_pasleep_scale_weekly_3_s012_41284804_60.pkl
751,43.0,44.340460100335726,abcd-ml,pasleep,scale,weekly,3,s012,41284804,60,out/abcd-ml_pasleep_scale_weekly_3_s012_41284804_60.pkl
752,40.0,46.710597435436476,abcd-ml,pasleep,scale,weekly,3,s012,41284804,60,out/abcd-ml_pasleep_scale_weekly_3_s012_41284804_60.pkl
753,43.0,44.168244905577716,abcd-ml,pasleep,scale,weekly,3,s012,41284804,60,out/abcd-ml_pasleep_scale_weekly_3_s012_41284804_60.pkl
754,40.0,46.78736419995176,abcd-ml,pasleep,scale,weekly,3,s012,41284804,60,out/abcd-ml_pasleep_scale_weekly_3_s012_41284804_60.pkl
755,43.0,44.08354073650018,abcd-ml,pasleep,scale,weekly,3,s012,41284804,60,out/abcd-ml_pasleep_scale_weekly_3_s012_41284804_60.pkl
756,33.0,47.402440711045855,abcd-ml,pasleep,scale,weekly,3,s012,41284804,60,out/abcd-ml_pasleep_scale_weekly_3_s012_41284804_60.pkl
757,34.0,44.129713054667015,abcd-ml,pasleep,scale,weekly,3,s012,41284804,60,out/abcd-ml_pasleep_scale_weekly_3_s012_41284804_60.pkl
758,33.0,47.36053054050162,abcd-ml,pasleep,scale,weekly,3,s012,41284804,60,out/abcd-ml_pasleep_scale_weekly_3_s012_41284804_60.pkl
759,34.0,44.34850463374768,abcd-ml,pasleep,scale,weekly,3,s012,41284804,60,out/abcd-ml_pasleep_scale_weekly_3_s012_41284804_60.pkl
760,33.0,47.416292061726914,abcd-ml,pasleep,scale,weekly,3,s012,41284804,60,out/abcd-ml_pasleep_scale_weekly_3_s012_41284804_60.pkl
761,34.0,44.286456065487755,abcd-ml,pasleep,scale,weekly,3,s012,41284804,60,out/abcd-ml_pasleep_scale_weekly_3_s012_41284804_60.pkl
762,33.0,47.58605689820811,abcd-ml,pasleep,scale,weekly,3,s012,41284804,60,out/abcd-ml_pasleep_scale_weekly_3_s012_41284804_60.pkl
763,34.0,44.26897104762206,abcd-ml,pasleep,scale,weekly,3,s012,41284804,60,out/abcd-ml_pasleep_scale_weekly_3_s012_41284804_60.pkl
764,33.0,47.44994449537795,abcd-ml,pasleep,scale,weekly,3,s012,41284804,60,out/abcd-ml_pasleep_scale_weekly_3_s012_41284804_60.pkl
765,34.0,44.42030306907268,abcd-ml,pasleep,scale,weekly,3,s012,41284804,60,out/abcd-ml_pasleep_scale_weekly_3_s012_41284804_60.pkl
766,39.0,47.878033614204966,abcd-ml,pasleep,scale,weekly,3,s012,41284804,60,out/abcd-ml_pasleep_scale_weekly_3_s012_41284804_60.pkl
767,44.0,44.38518405074272,abcd-ml,pasleep,scale,weekly,3,s012,41284804,60,out/abcd-ml_pasleep_scale_weekly_3_s012_41284804_60.pkl
768,39.0,47.77409643410958,abcd-ml,pasleep,scale,weekly,3,s012,41284804,60,out/abcd-ml_pasleep_scale_weekly_3_s012_41284804_60.pkl
769,44.0,44.499868001094995,abcd-ml,pasleep,scale,weekly,3,s012,41284804,60,out/abcd-ml_pasleep_scale_weekly_3_s012_41284804_60.pkl
770,39.0,48.38809821951836,abcd-ml,pasleep,scale,weekly,3,s012,41284804,60,out/abcd-ml_pasleep_scale_weekly_3_s012_41284804_60.pkl
771,44.0,44.59730179589629,abcd-ml,pasleep,scale,weekly,3,s012,41284804,60,out/abcd-ml_pasleep_scale_weekly_3_s012_41284804_60.pkl
772,39.0,48.532942818056966,abcd-ml,pasleep,scale,weekly,3,s012,41284804,60,out/abcd-ml_pasleep_scale_weekly_3_s012_41284804_60.pkl
773,44.0,44.54370638590072,abcd-ml,pasleep,scale,weekly,3,s012,41284804,60,out/abcd-ml_pasleep_scale_weekly_3_s012_41284804_60.pkl
774,39.0,48.65341026502193,abcd-ml,pasleep,scale,weekly,3,s012,41284804,60,out/abcd-ml_pasleep_scale_weekly_3_s012_41284804_60.pkl
775,44.0,44.41078291585901,abcd-ml,pasleep,scale,weekly,3,s012,41284804,60,out/abcd-ml_pasleep_scale_weekly_3_s012_41284804_60.pkl
776,59.0,47.90509021747322,abcd-ml,pasleep,scale,weekly,3,s012,41284804,60,out/abcd-ml_pasleep_scale_weekly_3_s012_41284804_60.pkl
777,34.0,44.43230456464532,abcd-ml,pasleep,scale,weekly,3,s012,41284804,60,out/abcd-ml_pasleep_scale_weekly_3_s012_41284804_60.pkl
778,59.0,47.976651667309966,abcd-ml,pasleep,scale,weekly,3,s012,41284804,60,out/abcd-ml_pasleep_scale_weekly_3_s012_41284804_60.pkl
779,34.0,44.35364667798581,abcd-ml,pasleep,scale,weekly,3,s012,41284804,60,out/abcd-ml_pasleep_scale_weekly_3_s012_41284804_60.pkl
780,59.0,47.92445211263387,abcd-ml,pasleep,scale,weekly,3,s012,41284804,60,out/abcd-ml_pasleep_scale_weekly_3_s012_41284804_60.pkl
781,34.0,44.579502693701805,abcd-ml,pasleep,scale,weekly,3,s012,41284804,60,out/abcd-ml_pasleep_scale_weekly_3_s012_41284804_60.pkl
782,59.0,48.10420000507867,abcd-ml,pasleep,scale,weekly,3,s012,41284804,60,out/abcd-ml_pasleep_scale_weekly_3_s012_41284804_60.pkl
783,34.0,44.38067556606558,abcd-ml,pasleep,scale,weekly,3,s012,41284804,60,out/abcd-ml_pasleep_scale_weekly_3_s012_41284804_60.pkl
784,59.0,48.01414161091464,abcd-ml,pasleep,scale,weekly,3,s012,41284804,60,out/abcd-ml_pasleep_scale_weekly_3_s012_41284804_60.pkl
785,34.0,44.36750934991721,abcd-ml,pasleep,scale,weekly,3,s012,41284804,60,out/abcd-ml_pasleep_scale_weekly_3_s012_41284804_60.pkl
786,59.0,47.79563988243237,abcd-ml,pasleep,scale,weekly,3,s012,41284804,60,out/abcd-ml_pasleep_scale_weekly_3_s012_41284804_60.pkl
787,34.0,44.609425886980546,abcd-ml,pasleep,scale,weekly,3,s012,41284804,60,out/abcd-ml_pasleep_scale_weekly_3_s012_41284804_60.pkl
788,63.0,47.67323328467873,abcd-ml,pasleep,scale,weekly,3,s012,41284804,60,out/abcd-ml_pasleep_scale_weekly_3_s012_41284804_60.pkl
789,64.0,44.053337944011595,abcd-ml,pasleep,scale,weekly,3,s012,41284804,60,out/abcd-ml_pasleep_scale_weekly_3_s012_41284804_60.pkl
790,63.0,47.56625514710373,abcd-ml,pasleep,scale,weekly,3,s012,41284804,60,out/abcd-ml_pasleep_scale_weekly_3_s012_41284804_60.pkl
791,64.0,43.9697176775185,abcd-ml,pasleep,scale,weekly,3,s012,41284804,60,out/abcd-ml_pasleep_scale_weekly_3_s012_41284804_60.pkl
792,63.0,47.87995838487723,abcd-ml,pasleep,scale,weekly,3,s012,41284804,60,out/abcd-ml_pasleep_scale_weekly_3_s012_41284804_60.pkl
793,64.0,44.047690728504776,abcd-ml,pasleep,scale,weekly,3,s012,41284804,60,out/abcd-ml_pasleep_scale_weekly_3_s012_41284804_60.pkl
794,63.0,47.6468798677885,abcd-ml,pasleep,scale,weekly,3,s012,41284804,60,out/abcd-ml_pasleep_scale_weekly_3_s012_41284804_60.pkl
795,64.0,44.30524435792905,abcd-ml,pasleep,scale,weekly,3,s012,41284804,60,out/abcd-ml_pasleep_scale_weekly_3_s012_41284804_60.pkl
796,44.0,48.26188409909259,abcd-ml,pasleep,scale,weekly,3,s012,41284804,60,out/abcd-ml_pasleep_scale_weekly_3_s012_41284804_60.pkl
797,61.0,44.38656066326416,abcd-ml,pasleep,scale,weekly,3,s012,41284804,60,out/abcd-ml_pasleep_scale_weekly_3_s012_41284804_60.pkl
798,44.0,48.18755760660943,abcd-ml,pasleep,scale,weekly,3,s012,41284804,60,out/abcd-ml_pasleep_scale_weekly_3_s012_41284804_60.pkl
799,61.0,44.4685723628297,abcd-ml,pasleep,scale,weekly,3,s012,41284804,60,out/abcd-ml_pasleep_scale_weekly_3_s012_41284804_60.pkl
800,44.0,48.05454902731547,abcd-ml,pasleep,scale,weekly,3,s012,41284804,60,out/abcd-ml_pasleep_scale_weekly_3_s012_41284804_60.pkl
801,61.0,44.26992727282163,abcd-ml,pasleep,scale,weekly,3,s012,41284804,60,out/abcd-ml_pasleep_scale_weekly_3_s012_41284804_60.pkl
802,41.0,45.95743380465041,abcd-ml,pasleep,scale,weekly,3,s012,41284804,60,out/abcd-ml_pasleep_scale_weekly_3_s012_41284804_60.pkl
803,44.0,43.980840454538374,abcd-ml,pasleep,scale,weekly,3,s012,41284804,60,out/abcd-ml_pasleep_scale_weekly_3_s012_41284804_60.pkl
804,41.0,46.02641709520019,abcd-ml,pasleep,scale,weekly,3,s012,41284804,60,out/abcd-ml_pasleep_scale_weekly_3_s012_41284804_60.pkl
805,44.0,43.904605595268734,abcd-ml,pasleep,scale,weekly,3,s012,41284804,60,out/abcd-ml_pasleep_scale_weekly_3_s012_41284804_60.pkl
806,41.0,46.258649989692664,abcd-ml,pasleep,scale,weekly,3,s012,41284804,60,out/abcd-ml_pasleep_scale_weekly_3_s012_41284804_60.pkl
807,44.0,44.01626937178185,abcd-ml,pasleep,scale,weekly,3,s012,41284804,60,out/abcd-ml_pasleep_scale_weekly_3_s012_41284804_60.pkl
808,41.0,46.231507671970235,abcd-ml,pasleep,scale,weekly,3,s012,41284804,60,out/abcd-ml_pasleep_scale_weekly_3_s012_41284804_60.pkl
809,44.0,43.94072947486798,abcd-ml,pasleep,scale,weekly,3,s012,41284804,60,out/abcd-ml_pasleep_scale_weekly_3_s012_41284804_60.pkl
810,41.0,46.24572596554211,abcd-ml,pasleep,scale,weekly,3,s012,41284804,60,out/abcd-ml_pasleep_scale_weekly_3_s012_41284804_60.pkl
811,44.0,43.92522746618144,abcd-ml,pasleep,scale,weekly,3,s012,41284804,60,out/abcd-ml_pasleep_scale_weekly_3_s012_41284804_60.pkl
812,45.0,48.556961447564646,abcd-ml,pasleep,scale,weekly,3,s012,41284804,60,out/abcd-ml_pasleep_scale_weekly_3_s012_41284804_60.pkl
813,40.0,44.75313373259099,abcd-ml,pasleep,scale,weekly,3,s012,41284804,60,out/abcd-ml_pasleep_scale_weekly_3_s012_41284804_60.pkl
814,45.0,48.66224457762068,abcd-ml,pasleep,scale,weekly,3,s012,41284804,60,out/abcd-ml_pasleep_scale_weekly_3_s012_41284804_60.pkl
815,40.0,44.63551534807981,abcd-ml,pasleep,scale,weekly,3,s012,41284804,60,out/abcd-ml_pasleep_scale_weekly_3_s012_41284804_60.pkl
816,34.0,47.83025506352362,abcd-ml,pasleep,scale,weekly,3,s012,41284804,60,out/abcd-ml_pasleep_scale_weekly_3_s012_41284804_60.pkl
817,40.0,44.51256543035345,abcd-ml,pasleep,scale,weekly,3,s012,41284804,60,out/abcd-ml_pasleep_scale_weekly_3_s012_41284804_60.pkl
818,34.0,47.9184566294607,abcd-ml,pasleep,scale,weekly,3,s012,41284804,60,out/abcd-ml_pasleep_scale_weekly_3_s012_41284804_60.pkl
819,40.0,44.41531702727893,abcd-ml,pasleep,scale,weekly,3,s012,41284804,60,out/abcd-ml_pasleep_scale_weekly_3_s012_41284804_60.pkl
820,34.0,48.03569338262806,abcd-ml,pasleep,scale,weekly,3,s012,41284804,60,out/abcd-ml_pasleep_scale_weekly_3_s012_41284804_60.pkl
821,40.0,44.41918334898571,abcd-ml,pasleep,scale,weekly,3,s012,41284804,60,out/abcd-ml_pasleep_scale_weekly_3_s012_41284804_60.pkl
822,34.0,47.83627833202105,abcd-ml,pasleep,scale,weekly,3,s012,41284804,60,out/abcd-ml_pasleep_scale_weekly_3_s012_41284804_60.pkl
823,40.0,44.63998100373654,abcd-ml,pasleep,scale,weekly,3,s012,41284804,60,out/abcd-ml_pasleep_scale_weekly_3_s012_41284804_60.pkl
824,34.0,47.55041135319973,abcd-ml,pasleep,scale,weekly,3,s012,41284804,60,out/abcd-ml_pasleep_scale_weekly_3_s012_41284804_60.pkl
825,40.0,44.258377107249814,abcd-ml,pasleep,scale,weekly,3,s012,41284804,60,out/abcd-ml_pasleep_scale_weekly_3_s012_41284804_60.pkl
826,48.0,48.04448320080862,abcd-ml,pasleep,scale,weekly,3,s012,41284804,60,out/abcd-ml_pasleep_scale_weekly_3_s012_41284804_60.pkl
827,34.0,44.41159515187432,abcd-ml,pasleep,scale,weekly,3,s012,41284804,60,out/abcd-ml_pasleep_scale_weekly_3_s012_41284804_60.pkl
828,48.0,48.05687431693669,abcd-ml,pasleep,scale,weekly,3,s012,41284804,60,out/abcd-ml_pasleep_scale_weekly_3_s012_41284804_60.pkl
829,34.0,44.38588732238968,abcd-ml,pasleep,scale,weekly,3,s012,41284804,60,out/abcd-ml_pasleep_scale_weekly_3_s012_41284804_60.pkl
830,48.0,47.77992831233194,abcd-ml,pasleep,scale,weekly,3,s012,41284804,60,out/abcd-ml_pasleep_scale_weekly_3_s012_41284804_60.pkl
831,34.0,44.60221524413275,abcd-ml,pasleep,scale,weekly,3,s012,41284804,60,out/abcd-ml_pasleep_scale_weekly_3_s012_41284804_60.pkl
832,48.0,47.940672446036295,abcd-ml,pasleep,scale,weekly,3,s012,41284804,60,out/abcd-ml_pasleep_scale_weekly_3_s012_41284804_60.pkl
833,34.0,44.423751633863546,abcd-ml,pasleep,scale,weekly,3,s012,41284804,60,out/abcd-ml_pasleep_scale_weekly_3_s012_41284804_60.pkl
834,40.0,47.957410481886114,abcd-ml,pasleep,scale,weekly,3,s012,41284804,60,out/abcd-ml_pasleep_scale_weekly_3_s012_41284804_60.pkl
835,43.0,44.04632484420687,abcd-ml,pasleep,scale,weekly,3,s012,41284804,60,out/abcd-ml_pasleep_scale_weekly_3_s012_41284804_60.pkl
836,40.0,47.753637358392766,abcd-ml,pasleep,scale,weekly,3,s012,41284804,60,out/abcd-ml_pasleep_scale_weekly_3_s012_41284804_60.pkl
837,43.0,44.27198048676257,abcd-ml,pasleep,scale,weekly,3,s012,41284804,60,out/abcd-ml_pasleep_scale_weekly_3_s012_41284804_60.pkl
838,40.0,47.852131755194016,abcd-ml,pasleep,scale,weekly,3,s012,41284804,60,out/abcd-ml_pasleep_scale_weekly_3_s012_41284804_60.pkl
839,43.0,44.33939701098301,abcd-ml,pasleep,scale,weekly,3,s012,41284804,60,out/abcd-ml_pasleep_scale_weekly_3_s012_41284804_60.pkl
840,40.0,47.94778819593808,abcd-ml,pasleep,scale,weekly,3,s012,41284804,60,out/abcd-ml_pasleep_scale_weekly_3_s012_41284804_60.pkl
841,43.0,44.23385003749355,abcd-ml,pasleep,scale,weekly,3,s012,41284804,60,out/abcd-ml_pasleep_scale_weekly_3_s012_41284804_60.pkl
842,40.0,48.09452963367219,abcd-ml,pasleep,scale,weekly,3,s012,41284804,60,out/abcd-ml_pasleep_scale_weekly_3_s012_41284804_60.pkl
843,43.0,44.2158969163242,abcd-ml,pasleep,scale,weekly,3,s012,41284804,60,out/abcd-ml_pasleep_scale_weekly_3_s012_41284804_60.pkl
844,40.0,47.97573369170797,abcd-ml,pasleep,scale,weekly,3,s012,41284804,60,out/abcd-ml_pasleep_scale_weekly_3_s012_41284804_60.pkl
845,43.0,44.34711850610021,abcd-ml,pasleep,scale,weekly,3,s012,41284804,60,out/abcd-ml_pasleep_scale_weekly_3_s012_41284804_60.pkl
846,46.0,48.62267953827059,abcd-ml,pasleep,scale,weekly,3,s012,41284804,60,out/abcd-ml_pasleep_scale_weekly_3_s012_41284804_60.pkl
847,34.0,44.58094752069982,abcd-ml,pasleep,scale,weekly,3,s012,41284804,60,out/abcd-ml_pasleep_scale_weekly_3_s012_41284804_60.pkl
848,46.0,48.63426224404682,abcd-ml,pasleep,scale,weekly,3,s012,41284804,60,out/abcd-ml_pasleep_scale_weekly_3_s012_41284804_60.pkl
849,34.0,44.56761055848065,abcd-ml,pasleep,scale,weekly,3,s012,41284804,60,out/abcd-ml_pasleep_scale_weekly_3_s012_41284804_60.pkl
850,46.0,48.24716845110271,abcd-ml,pasleep,scale,weekly,3,s012,41284804,60,out/abcd-ml_pasleep_scale_weekly_3_s012_41284804_60.pkl
851,34.0,44.534266230519734,abcd-ml,pasleep,scale,weekly,3,s012,41284804,60,out/abcd-ml_pasleep_scale_weekly_3_s012_41284804_60.pkl
852,46.0,48.24521791866584,abcd-ml,pasleep,scale,weekly,3,s012,41284804,60,out/abcd-ml_pasleep_scale_weekly_3_s012_41284804_60.pkl
853,34.0,44.53696159959193,abcd-ml,pasleep,scale,weekly,3,s012,41284804,60,out/abcd-ml_pasleep_scale_weekly_3_s012_41284804_60.pkl
854,46.0,48.139251568894345,abcd-ml,pasleep,scale,weekly,3,s012,41284804,60,out/abcd-ml_pasleep_scale_weekly_3_s012_41284804_60.pkl
855,34.0,44.48363917769041,abcd-ml,pasleep,scale,weekly,3,s012,41284804,60,out/abcd-ml_pasleep_scale_weekly_3_s012_41284804_60.pkl
856,69.0,48.139422109958446,abcd-ml,pasleep,scale,weekly,3,s012,41284804,60,out/abcd-ml_pasleep_scale_weekly_3_s012_41284804_60.pkl
857,51.0,44.474291892000906,abcd-ml,pasleep,scale,weekly,3,s012,41284804,60,out/abcd-ml_pasleep_scale_weekly_3_s012_41284804_60.pkl
858,69.0,48.17870414132321,abcd-ml,pasleep,scale,weekly,3,s012,41284804,60,out/abcd-ml_pasleep_scale_weekly_3_s012_41284804_60.pkl
859,51.0,44.429792968906156,abcd-ml,pasleep,scale,weekly,3,s012,41284804,60,out/abcd-ml_pasleep_scale_weekly_3_s012_41284804_60.pkl
860,69.0,48.32670397850801,abcd-ml,pasleep,scale,weekly,3,s012,41284804,60,out/abcd-ml_pasleep_scale_weekly_3_s012_41284804_60.pkl
861,51.0,44.511704956008,abcd-ml,pasleep,scale,weekly,3,s012,41284804,60,out/abcd-ml_pasleep_scale_weekly_3_s012_41284804_60.pkl
862,69.0,48.45784465414137,abcd-ml,pasleep,scale,weekly,3,s012,41284804,60,out/abcd-ml_pasleep_scale_weekly_3_s012_41284804_60.pkl
863,51.0,44.367004768162204,abcd-ml,pasleep,scale,weekly,3,s012,41284804,60,out/abcd-ml_pasleep_scale_weekly_3_s012_41284804_60.pkl
864,69.0,48.72444059320566,abcd-ml,pasleep,scale,weekly,3,s012,41284804,60,out/abcd-ml_pasleep_scale_weekly_3_s012_41284804_60.pkl
865,51.0,44.217497298369686,abcd-ml,pasleep,scale,weekly,3,s012,41284804,60,out/abcd-ml_pasleep_scale_weekly_3_s012_41284804_60.pkl
866,69.0,48.4649727005107,abcd-ml,pasleep,scale,weekly,3,s012,41284804,60,out/abcd-ml_pasleep_scale_weekly_3_s012_41284804_60.pkl
867,51.0,44.50465139630763,abcd-ml,pasleep,scale,weekly,3,s012,41284804,60,out/abcd-ml_pasleep_scale_weekly_3_s012_41284804_60.pkl
868,48.0,48.02893536170664,abcd-ml,pasleep,scale,weekly,3,s012,41284804,60,out/abcd-ml_pasleep_scale_weekly_3_s012_41284804_60.pkl
869,34.0,44.4487848815986,abcd-ml,pasleep,scale,weekly,3,s012,41284804,60,out/abcd-ml_pasleep_scale_weekly_3_s012_41284804_60.pkl
870,48.0,48.0618935344305,abcd-ml,pasleep,scale,weekly,3,s012,41284804,60,out/abcd-ml_pasleep_scale_weekly_3_s012_41284804_60.pkl
871,34.0,44.41264460742947,abcd-ml,pasleep,scale,weekly,3,s012,41284804,60,out/abcd-ml_pasleep_scale_weekly_3_s012_41284804_60.pkl
872,48.0,47.77931785023025,abcd-ml,pasleep,scale,weekly,3,s012,41284804,60,out/abcd-ml_pasleep_scale_weekly_3_s012_41284804_60.pkl
873,34.0,44.4060944669475,abcd-ml,pasleep,scale,weekly,3,s012,41284804,60,out/abcd-ml_pasleep_scale_weekly_3_s012_41284804_60.pkl
874,48.0,47.79903684445245,abcd-ml,pasleep,scale,weekly,3,s012,41284804,60,out/abcd-ml_pasleep_scale_weekly_3_s012_41284804_60.pkl
875,34.0,44.384619435010116,abcd-ml,pasleep,scale,weekly,3,s012,41284804,60,out/abcd-ml_pasleep_scale_weekly_3_s012_41284804_60.pkl
876,48.0,47.98570225164424,abcd-ml,pasleep,scale,weekly,3,s012,41284804,60,out/abcd-ml_pasleep_scale_weekly_3_s012_41284804_60.pkl
877,34.0,44.44281901360567,abcd-ml,pasleep,scale,weekly,3,s012,41284804,60,out/abcd-ml_pasleep_scale_weekly_3_s012_41284804_60.pkl
878,55.0,48.96689932230346,abcd-ml,pasleep,scale,weekly,3,s012,41284804,60,out/abcd-ml_pasleep_scale_weekly_3_s012_41284804_60.pkl
879,55.0,44.73528392509684,abcd-ml,pasleep,scale,weekly,3,s012,41284804,60,out/abcd-ml_pasleep_scale_weekly_3_s012_41284804_60.pkl
880,55.0,47.923166976490336,abcd-ml,pasleep,scale,weekly,3,s012,41284804,60,out/abcd-ml_pasleep_scale_weekly_3_s012_41284804_60.pkl
881,55.0,44.315946387369124,abcd-ml,pasleep,scale,weekly,3,s012,41284804,60,out/abcd-ml_pasleep_scale_weekly_3_s012_41284804_60.pkl
882,55.0,47.92830950886726,abcd-ml,pasleep,scale,weekly,3,s012,41284804,60,out/abcd-ml_pasleep_scale_weekly_3_s012_41284804_60.pkl
883,55.0,44.31027858245511,abcd-ml,pasleep,scale,weekly,3,s012,41284804,60,out/abcd-ml_pasleep_scale_weekly_3_s012_41284804_60.pkl
884,55.0,47.87656580753011,abcd-ml,pasleep,scale,weekly,3,s012,41284804,60,out/abcd-ml_pasleep_scale_weekly_3_s012_41284804_60.pkl
885,55.0,44.249530133742255,abcd-ml,pasleep,scale,weekly,3,s012,41284804,60,out/abcd-ml_pasleep_scale_weekly_3_s012_41284804_60.pkl
886,55.0,47.944732880715016,abcd-ml,pasleep,scale,weekly,3,s012,41284804,60,out/abcd-ml_pasleep_scale_weekly_3_s012_41284804_60.pkl
887,55.0,44.13619888590489,abcd-ml,pasleep,scale,weekly,3,s012,41284804,60,out/abcd-ml_pasleep_scale_weekly_3_s012_41284804_60.pkl
888,55.0,47.81821469381129,abcd-ml,pasleep,scale,weekly,3,s012,41284804,60,out/abcd-ml_pasleep_scale_weekly_3_s012_41284804_60.pkl
889,55.0,44.276364521730244,abcd-ml,pasleep,scale,weekly,3,s012,41284804,60,out/abcd-ml_pasleep_scale_weekly_3_s012_41284804_60.pkl
890,46.0,48.44723372237755,abcd-ml,pasleep,scale,weekly,3,s012,41284804,60,out/abcd-ml_pasleep_scale_weekly_3_s012_41284804_60.pkl
891,44.0,44.72524716537576,abcd-ml,pasleep,scale,weekly,3,s012,41284804,60,out/abcd-ml_pasleep_scale_weekly_3_s012_41284804_60.pkl
892,46.0,48.51700768566287,abcd-ml,pasleep,scale,weekly,3,s012,41284804,60,out/abcd-ml_pasleep_scale_weekly_3_s012_41284804_60.pkl
893,44.0,44.64756912069042,abcd-ml,pasleep,scale,weekly,3,s012,41284804,60,out/abcd-ml_pasleep_scale_weekly_3_s012_41284804_60.pkl
894,46.0,48.87084577078384,abcd-ml,pasleep,scale,weekly,3,s012,41284804,60,out/abcd-ml_pasleep_scale_weekly_3_s012_41284804_60.pkl
895,44.0,44.664254451018465,abcd-ml,pasleep,scale,weekly,3,s012,41284804,60,out/abcd-ml_pasleep_scale_weekly_3_s012_41284804_60.pkl
896,46.0,48.907097321497076,abcd-ml,pasleep,scale,weekly,3,s012,41284804,60,out/abcd-ml_pasleep_scale_weekly_3_s012_41284804_60.pkl
897,44.0,44.62425477749234,abcd-ml,pasleep,scale,weekly,3,s012,41284804,60,out/abcd-ml_pasleep_scale_weekly_3_s012_41284804_60.pkl
898,46.0,48.75342607862236,abcd-ml,pasleep,scale,weekly,3,s012,41284804,60,out/abcd-ml_pasleep_scale_weekly_3_s012_41284804_60.pkl
899,44.0,44.55836857384179,abcd-ml,pasleep,scale,weekly,3,s012,41284804,60,out/abcd-ml_pasleep_scale_weekly_3_s012_41284804_60.pkl
900,46.0,48.69321793812522,abcd-ml,pasleep,scale,weekly,3,s012,41284804,60,out/abcd-ml_pasleep_scale_weekly_3_s012_41284804_60.pkl
901,44.0,44.624944600667895,abcd-ml,pasleep,scale,weekly,3,s012,41284804,60,out/abcd-ml_pasleep_scale_weekly_3_s012_41284804_60.pkl
902,39.0,48.74540572097952,abcd-ml,pasleep,scale,weekly,3,s012,41284804,60,out/abcd-ml_pasleep_scale_weekly_3_s012_41284804_60.pkl
903,40.0,44.40704058813158,abcd-ml,pasleep,scale,weekly,3,s012,41284804,60,out/abcd-ml_pasleep_scale_weekly_3_s012_41284804_60.pkl
904,39.0,48.61461743071574,abcd-ml,pasleep,scale,weekly,3,s012,41284804,60,out/abcd-ml_pasleep_scale_weekly_3_s012_41284804_60.pkl
905,40.0,44.55240736009938,abcd-ml,pasleep,scale,weekly,3,s012,41284804,60,out/abcd-ml_pasleep_scale_weekly_3_s012_41284804_60.pkl
906,39.0,48.42292530590532,abcd-ml,pasleep,scale,weekly,3,s012,41284804,60,out/abcd-ml_pasleep_scale_weekly_3_s012_41284804_60.pkl
907,40.0,44.51835121982563,abcd-ml,pasleep,scale,weekly,3,s012,41284804,60,out/abcd-ml_pasleep_scale_weekly_3_s012_41284804_60.pkl
908,39.0,48.421664796055495,abcd-ml,pasleep,scale,weekly,3,s012,41284804,60,out/abcd-ml_pasleep_scale_weekly_3_s012_41284804_60.pkl
909,40.0,44.5198456922506,abcd-ml,pasleep,scale,weekly,3,s012,41284804,60,out/abcd-ml_pasleep_scale_weekly_3_s012_41284804_60.pkl
910,39.0,48.487778490323706,abcd-ml,pasleep,scale,weekly,3,s012,41284804,60,out/abcd-ml_pasleep_scale_weekly_3_s012_41284804_60.pkl
911,40.0,44.38412128937267,abcd-ml,pasleep,scale,weekly,3,s012,41284804,60,out/abcd-ml_pasleep_scale_weekly_3_s012_41284804_60.pkl
912,39.0,48.3656763602932,abcd-ml,pasleep,scale,weekly,3,s012,41284804,60,out/abcd-ml_pasleep_scale_weekly_3_s012_41284804_60.pkl
913,40.0,44.51976578615071,abcd-ml,pasleep,scale,weekly,3,s012,41284804,60,out/abcd-ml_pasleep_scale_weekly_3_s012_41284804_60.pkl
914,48.0,47.6957576849486,abcd-ml,pasleep,scale,weekly,3,s012,41284804,60,out/abcd-ml_pasleep_scale_weekly_3_s012_41284804_60.pkl
915,40.0,44.0736348256698,abcd-ml,pasleep,scale,weekly,3,s012,41284804,60,out/abcd-ml_pasleep_scale_weekly_3_s012_41284804_60.pkl
916,48.0,47.781266102254754,abcd-ml,pasleep,scale,weekly,3,s012,41284804,60,out/abcd-ml_pasleep_scale_weekly_3_s012_41284804_60.pkl
917,40.0,44.05268109252165,abcd-ml,pasleep,scale,weekly,3,s012,41284804,60,out/abcd-ml_pasleep_scale_weekly_3_s012_41284804_60.pkl
918,48.0,47.4932726926362,abcd-ml,pasleep,scale,weekly,3,s012,41284804,60,out/abcd-ml_pasleep_scale_weekly_3_s012_41284804_60.pkl
919,40.0,43.93226629107131,abcd-ml,pasleep,scale,weekly,3,s012,41284804,60,out/abcd-ml_pasleep_scale_weekly_3_s012_41284804_60.pkl
920,57.0,48.47183251308583,abcd-ml,pasleep,scale,weekly,3,s012,41284804,60,out/abcd-ml_pasleep_scale_weekly_3_s012_41284804_60.pkl
921,56.0,44.74263944505691,abcd-ml,pasleep,scale,weekly,3,s012,41284804,60,out/abcd-ml_pasleep_scale_weekly_3_s012_41284804_60.pkl
922,57.0,48.62022778853084,abcd-ml,pasleep,scale,weekly,3,s012,41284804,60,out/abcd-ml_pasleep_scale_weekly_3_s012_41284804_60.pkl
923,56.0,44.57918627725573,abcd-ml,pasleep,scale,weekly,3,s012,41284804,60,out/abcd-ml_pasleep_scale_weekly_3_s012_41284804_60.pkl
924,57.0,48.30574324782377,abcd-ml,pasleep,scale,weekly,3,s012,41284804,60,out/abcd-ml_pasleep_scale_weekly_3_s012_41284804_60.pkl
925,56.0,44.6305528604082,abcd-ml,pasleep,scale,weekly,3,s012,41284804,60,out/abcd-ml_pasleep_scale_weekly_3_s012_41284804_60.pkl
926,57.0,48.41605239548113,abcd-ml,pasleep,scale,weekly,3,s012,41284804,60,out/abcd-ml_pasleep_scale_weekly_3_s012_41284804_60.pkl
927,56.0,44.50935070282897,abcd-ml,pasleep,scale,weekly,3,s012,41284804,60,out/abcd-ml_pasleep_scale_weekly_3_s012_41284804_60.pkl
928,57.0,48.322878286679476,abcd-ml,pasleep,scale,weekly,3,s012,41284804,60,out/abcd-ml_pasleep_scale_weekly_3_s012_41284804_60.pkl
929,56.0,44.66692454806795,abcd-ml,pasleep,scale,weekly,3,s012,41284804,60,out/abcd-ml_pasleep_scale_weekly_3_s012_41284804_60.pkl
930,57.0,48.45947050127254,abcd-ml,pasleep,scale,weekly,3,s012,41284804,60,out/abcd-ml_pasleep_scale_weekly_3_s012_41284804_60.pkl
931,56.0,44.51649926989046,abcd-ml,pasleep,scale,weekly,3,s012,41284804,60,out/abcd-ml_pasleep_scale_weekly_3_s012_41284804_60.pkl
932,55.0,48.00419717473019,abcd-ml,pasleep,scale,weekly,3,s012,41284804,60,out/abcd-ml_pasleep_scale_weekly_3_s012_41284804_60.pkl
933,59.0,44.58955673216553,abcd-ml,pasleep,scale,weekly,3,s012,41284804,60,out/abcd-ml_pasleep_scale_weekly_3_s012_41284804_60.pkl
934,55.0,47.93483536491166,abcd-ml,pasleep,scale,weekly,3,s012,41284804,60,out/abcd-ml_pasleep_scale_weekly_3_s012_41284804_60.pkl
935,59.0,44.414555674981884,abcd-ml,pasleep,scale,weekly,3,s012,41284804,60,out/abcd-ml_pasleep_scale_weekly_3_s012_41284804_60.pkl
936,55.0,47.963786566716706,abcd-ml,pasleep,scale,weekly,3,s012,41284804,60,out/abcd-ml_pasleep_scale_weekly_3_s012_41284804_60.pkl
937,59.0,44.38316868889558,abcd-ml,pasleep,scale,weekly,3,s012,41284804,60,out/abcd-ml_pasleep_scale_weekly_3_s012_41284804_60.pkl
938,55.0,47.98051986764239,abcd-ml,pasleep,scale,weekly,3,s012,41284804,60,out/abcd-ml_pasleep_scale_weekly_3_s012_41284804_60.pkl
939,59.0,44.314275130148005,abcd-ml,pasleep,scale,weekly,3,s012,41284804,60,out/abcd-ml_pasleep_scale_weekly_3_s012_41284804_60.pkl
940,55.0,47.850083295778475,abcd-ml,pasleep,scale,weekly,3,s012,41284804,60,out/abcd-ml_pasleep_scale_weekly_3_s012_41284804_60.pkl
941,59.0,44.45839998013906,abcd-ml,pasleep,scale,weekly,3,s012,41284804,60,out/abcd-ml_pasleep_scale_weekly_3_s012_41284804_60.pkl
942,48.0,47.40705676134961,abcd-ml,pasleep,scale,weekly,3,s012,41284804,60,out/abcd-ml_pasleep_scale_weekly_3_s012_41284804_60.pkl
943,53.0,44.56749139183303,abcd-ml,pasleep,scale,weekly,3,s012,41284804,60,out/abcd-ml_pasleep_scale_weekly_3_s012_41284804_60.pkl
944,48.0,47.56285447044515,abcd-ml,pasleep,scale,weekly,3,s012,41284804,60,out/abcd-ml_pasleep_scale_weekly_3_s012_41284804_60.pkl
945,53.0,44.39558484697898,abcd-ml,pasleep,scale,weekly,3,s012,41284804,60,out/abcd-ml_pasleep_scale_weekly_3_s012_41284804_60.pkl
946,43.0,48.33296139885312,abcd-ml,pasleep,scale,weekly,3,s012,41284804,60,out/abcd-ml_pasleep_scale_weekly_3_s012_41284804_60.pkl
947,34.0,44.2271863827133,abcd-ml,pasleep,scale,weekly,3,s012,41284804,60,out/abcd-ml_pasleep_scale_weekly_3_s012_41284804_60.pkl
948,43.0,48.14056663224584,abcd-ml,pasleep,scale,weekly,3,s012,41284804,60,out/abcd-ml_pasleep_scale_weekly_3_s012_41284804_60.pkl
949,34.0,44.43999872327036,abcd-ml,pasleep,scale,weekly,3,s012,41284804,60,out/abcd-ml_pasleep_scale_weekly_3_s012_41284804_60.pkl
950,43.0,48.14698005656848,abcd-ml,pasleep,scale,weekly,3,s012,41284804,60,out/abcd-ml_pasleep_scale_weekly_3_s012_41284804_60.pkl
951,34.0,44.36902577543094,abcd-ml,pasleep,scale,weekly,3,s012,41284804,60,out/abcd-ml_pasleep_scale_weekly_3_s012_41284804_60.pkl
952,43.0,48.31797991129731,abcd-ml,pasleep,scale,weekly,3,s012,41284804,60,out/abcd-ml_pasleep_scale_weekly_3_s012_41284804_60.pkl
953,34.0,44.18001474269802,abcd-ml,pasleep,scale,weekly,3,s012,41284804,60,out/abcd-ml_pasleep_scale_weekly_3_s012_41284804_60.pkl
954,43.0,48.06009749802497,abcd-ml,pasleep,scale,weekly,3,s012,41284804,60,out/abcd-ml_pasleep_scale_weekly_3_s012_41284804_60.pkl
955,34.0,44.413729362086684,abcd-ml,pasleep,scale,weekly,3,s012,41284804,60,out/abcd-ml_pasleep_scale_weekly_3_s012_41284804_60.pkl
956,43.0,48.107157590077826,abcd-ml,pasleep,scale,weekly,3,s012,41284804,60,out/abcd-ml_pasleep_scale_weekly_3_s012_41284804_60.pkl
957,34.0,44.362394434237714,abcd-ml,pasleep,scale,weekly,3,s012,41284804,60,out/abcd-ml_pasleep_scale_weekly_3_s012_41284804_60.pkl
958,58.0,48.69387770733106,abcd-ml,pasleep,scale,weekly,3,s012,41284804,60,out/abcd-ml_pasleep_scale_weekly_3_s012_41284804_60.pkl
959,41.0,45.034965924322954,abcd-ml,pasleep,scale,weekly,3,s012,41284804,60,out/abcd-ml_pasleep_scale_weekly_3_s012_41284804_60.pkl
960,58.0,47.65205611555248,abcd-ml,pasleep,scale,weekly,3,s012,41284804,60,out/abcd-ml_pasleep_scale_weekly_3_s012_41284804_60.pkl
961,41.0,44.61639606510523,abcd-ml,pasleep,scale,weekly,3,s012,41284804,60,out/abcd-ml_pasleep_scale_weekly_3_s012_41284804_60.pkl
962,58.0,47.79484561506083,abcd-ml,pasleep,scale,weekly,3,s012,41284804,60,out/abcd-ml_pasleep_scale_weekly_3_s012_41284804_60.pkl
963,41.0,44.35903450047513,abcd-ml,pasleep,scale,weekly,3,s012,41284804,60,out/abcd-ml_pasleep_scale_weekly_3_s012_41284804_60.pkl
964,58.0,47.98370343128366,abcd-ml,pasleep,scale,weekly,3,s012,41284804,60,out/abcd-ml_pasleep_scale_weekly_3_s012_41284804_60.pkl
965,41.0,44.14901282071793,abcd-ml,pasleep,scale,weekly,3,s012,41284804,60,out/abcd-ml_pasleep_scale_weekly_3_s012_41284804_60.pkl
966,58.0,47.749993033578306,abcd-ml,pasleep,scale,weekly,3,s012,41284804,60,out/abcd-ml_pasleep_scale_weekly_3_s012_41284804_60.pkl
967,41.0,44.303340818131836,abcd-ml,pasleep,scale,weekly,3,s012,41284804,60,out/abcd-ml_pasleep_scale_weekly_3_s012_41284804_60.pkl
968,58.0,47.72642212179403,abcd-ml,pasleep,scale,weekly,3,s012,41284804,60,out/abcd-ml_pasleep_scale_weekly_3_s012_41284804_60.pkl
969,41.0,44.32925688983073,abcd-ml,pasleep,scale,weekly,3,s012,41284804,60,out/abcd-ml_pasleep_scale_weekly_3_s012_41284804_60.pkl
970,53.0,47.400474745842885,abcd-ml,pasleep,scale,weekly,3,s012,41284804,60,out/abcd-ml_pasleep_scale_weekly_3_s012_41284804_60.pkl
971,58.0,44.64115107836827,abcd-ml,pasleep,scale,weekly,3,s012,41284804,60,out/abcd-ml_pasleep_scale_weekly_3_s012_41284804_60.pkl
972,53.0,47.64254126679505,abcd-ml,pasleep,scale,weekly,3,s012,41284804,60,out/abcd-ml_pasleep_scale_weekly_3_s012_41284804_60.pkl
973,58.0,44.373693278015885,abcd-ml,pasleep,scale,weekly,3,s012,41284804,60,out/abcd-ml_pasleep_scale_weekly_3_s012_41284804_60.pkl
974,50.0,47.7385315431366,abcd-ml,pasleep,scale,weekly,3,s012,41284804,60,out/abcd-ml_pasleep_scale_weekly_3_s012_41284804_60.pkl
975,33.0,44.53769618484253,abcd-ml,pasleep,scale,weekly,3,s012,41284804,60,out/abcd-ml_pasleep_scale_weekly_3_s012_41284804_60.pkl
976,50.0,47.81978823764125,abcd-ml,pasleep,scale,weekly,3,s012,41284804,60,out/abcd-ml_pasleep_scale_weekly_3_s012_41284804_60.pkl
977,33.0,44.44785714874773,abcd-ml,pasleep,scale,weekly,3,s012,41284804,60,out/abcd-ml_pasleep_scale_weekly_3_s012_41284804_60.pkl
978,50.0,47.406212357972684,abcd-ml,pasleep,scale,weekly,3,s012,41284804,60,out/abcd-ml_pasleep_scale_weekly_3_s012_41284804_60.pkl
979,33.0,44.304638348936734,abcd-ml,pasleep,scale,weekly,3,s012,41284804,60,out/abcd-ml_pasleep_scale_weekly_3_s012_41284804_60.pkl
980,50.0,47.272110222513234,abcd-ml,pasleep,scale,weekly,3,s012,41284804,60,out/abcd-ml_pasleep_scale_weekly_3_s012_41284804_60.pkl
981,33.0,44.11406211931424,abcd-ml,pasleep,scale,weekly,3,s012,41284804,60,out/abcd-ml_pasleep_scale_weekly_3_s012_41284804_60.pkl
982,50.0,47.176435217832356,abcd-ml,pasleep,scale,weekly,3,s012,41284804,60,out/abcd-ml_pasleep_scale_weekly_3_s012_41284804_60.pkl
983,33.0,44.21999753379184,abcd-ml,pasleep,scale,weekly,3,s012,41284804,60,out/abcd-ml_pasleep_scale_weekly_3_s012_41284804_60.pkl
984,43.0,45.738608800776966,abcd-ml,pasleep,scale,weekly,3,s012,41284804,60,out/abcd-ml_pasleep_scale_weekly_3_s012_41284804_60.pkl
985,40.0,44.41338208445942,abcd-ml,pasleep,scale,weekly,3,s012,41284804,60,out/abcd-ml_pasleep_scale_weekly_3_s012_41284804_60.pkl
986,43.0,45.92065299902276,abcd-ml,pasleep,scale,weekly,3,s012,41284804,60,out/abcd-ml_pasleep_scale_weekly_3_s012_41284804_60.pkl
987,40.0,44.21138279372306,abcd-ml,pasleep,scale,weekly,3,s012,41284804,60,out/abcd-ml_pasleep_scale_weekly_3_s012_41284804_60.pkl
988,43.0,46.901974041895045,abcd-ml,pasleep,scale,weekly,3,s012,41284804,60,out/abcd-ml_pasleep_scale_weekly_3_s012_41284804_60.pkl
989,40.0,43.96617908155968,abcd-ml,pasleep,scale,weekly,3,s012,41284804,60,out/abcd-ml_pasleep_scale_weekly_3_s012_41284804_60.pkl
990,43.0,46.90910497919868,abcd-ml,pasleep,scale,weekly,3,s012,41284804,60,out/abcd-ml_pasleep_scale_weekly_3_s012_41284804_60.pkl
991,40.0,43.9583570038037,abcd-ml,pasleep,scale,weekly,3,s012,41284804,60,out/abcd-ml_pasleep_scale_weekly_3_s012_41284804_60.pkl
992,43.0,47.03623657779026,abcd-ml,pasleep,scale,weekly,3,s012,41284804,60,out/abcd-ml_pasleep_scale_weekly_3_s012_41284804_60.pkl
993,40.0,43.97752599153627,abcd-ml,pasleep,scale,weekly,3,s012,41284804,60,out/abcd-ml_pasleep_scale_weekly_3_s012_41284804_60.pkl
994,43.0,46.89441128369576,abcd-ml,pasleep,scale,weekly,3,s012,41284804,60,out/abcd-ml_pasleep_scale_weekly_3_s012_41284804_60.pkl
995,40.0,44.13507360511828,abcd-ml,pasleep,scale,weekly,3,s012,41284804,60,out/abcd-ml_pasleep_scale_weekly_3_s012_41284804_60.pkl
996,59.0,47.496678472911114,abcd-ml,pasleep,scale,weekly,3,s012,41284804,60,out/abcd-ml_pasleep_scale_weekly_3_s012_41284804_60.pkl
997,53.0,44.33614551627654,abcd-ml,pasleep,scale,weekly,3,s012,41284804,60,out/abcd-ml_pasleep_scale_weekly_3_s012_41284804_60.pkl
998,59.0,47.51605575557576,abcd-ml,pasleep,scale,weekly,3,s012,41284804,60,out/abcd-ml_pasleep_scale_weekly_3_s012_41284804_60.pkl
999,53.0,44.31506297371389,abcd-ml,pasleep,scale,weekly,3,s012,41284804,60,out/abcd-ml_pasleep_scale_weekly_3_s012_41284804_60.pkl
1000,59.0,47.435800976136676,abcd-ml,pasleep,scale,weekly,3,s012,41284804,60,out/abcd-ml_pasleep_scale_weekly_3_s012_41284804_60.pkl
1001,53.0,44.53700292334922,abcd-ml,pasleep,scale,weekly,3,s012,41284804,60,out/abcd-ml_pasleep_scale_weekly_3_s012_41284804_60.pkl
1002,59.0,47.69965424805578,abcd-ml,pasleep,scale,weekly,3,s012,41284804,60,out/abcd-ml_pasleep_scale_weekly_3_s012_41284804_60.pkl
1003,53.0,44.24441746305354,abcd-ml,pasleep,scale,weekly,3,s012,41284804,60,out/abcd-ml_pasleep_scale_weekly_3_s012_41284804_60.pkl
1004,59.0,47.624338215362044,abcd-ml,pasleep,scale,weekly,3,s012,41284804,60,out/abcd-ml_pasleep_scale_weekly_3_s012_41284804_60.pkl
1005,53.0,44.332408882612924,abcd-ml,pasleep,scale,weekly,3,s012,41284804,60,out/abcd-ml_pasleep_scale_weekly_3_s012_41284804_60.pkl
1006,40.0,48.31781924596944,abcd-ml,pasleep,scale,weekly,3,s012,41284804,60,out/abcd-ml_pasleep_scale_weekly_3_s012_41284804_60.pkl
1007,34.0,44.317912990451134,abcd-ml,pasleep,scale,weekly,3,s012,41284804,60,out/abcd-ml_pasleep_scale_weekly_3_s012_41284804_60.pkl
1008,40.0,48.047300572089156,abcd-ml,pasleep,scale,weekly,3,s012,41284804,60,out/abcd-ml_pasleep_scale_weekly_3_s012_41284804_60.pkl
1009,34.0,44.20529815989265,abcd-ml,pasleep,scale,weekly,3,s012,41284804,60,out/abcd-ml_pasleep_scale_weekly_3_s012_41284804_60.pkl
1010,40.0,48.39850615388721,abcd-ml,pasleep,scale,weekly,3,s012,41284804,60,out/abcd-ml_pasleep_scale_weekly_3_s012_41284804_60.pkl
1011,34.0,44.33519124972429,abcd-ml,pasleep,scale,weekly,3,s012,41284804,60,out/abcd-ml_pasleep_scale_weekly_3_s012_41284804_60.pkl
1012,41.0,47.42793241473311,abcd-ml,pasleep,scale,weekly,3,s012,41284804,60,out/abcd-ml_pasleep_scale_weekly_3_s012_41284804_60.pkl
1013,58.0,44.692952135199334,abcd-ml,pasleep,scale,weekly,3,s012,41284804,60,out/abcd-ml_pasleep_scale_weekly_3_s012_41284804_60.pkl
1014,41.0,47.581431885442335,abcd-ml,pasleep,scale,weekly,3,s012,41284804,60,out/abcd-ml_pasleep_scale_weekly_3_s012_41284804_60.pkl
1015,58.0,44.52302350337351,abcd-ml,pasleep,scale,weekly,3,s012,41284804,60,out/abcd-ml_pasleep_scale_weekly_3_s012_41284804_60.pkl
1016,41.0,46.9646223889188,abcd-ml,pasleep,scale,weekly,3,s012,41284804,60,out/abcd-ml_pasleep_scale_weekly_3_s012_41284804_60.pkl
1017,58.0,44.25774164441361,abcd-ml,pasleep,scale,weekly,3,s012,41284804,60,out/abcd-ml_pasleep_scale_weekly_3_s012_41284804_60.pkl
1018,39.0,46.978414965656555,abcd-ml,pasleep,scale,weekly,3,s012,41284804,60,out/abcd-ml_pasleep_scale_weekly_3_s012_41284804_60.pkl
1019,34.0,44.28842411140772,abcd-ml,pasleep,scale,weekly,3,s012,41284804,60,out/abcd-ml_pasleep_scale_weekly_3_s012_41284804_60.pkl
1020,39.0,47.01031378506242,abcd-ml,pasleep,scale,weekly,3,s012,41284804,60,out/abcd-ml_pasleep_scale_weekly_3_s012_41284804_60.pkl
1021,34.0,44.253086057568886,abcd-ml,pasleep,scale,weekly,3,s012,41284804,60,out/abcd-ml_pasleep_scale_weekly_3_s012_41284804_60.pkl
1022,39.0,47.3474871260626,abcd-ml,pasleep,scale,weekly,3,s012,41284804,60,out/abcd-ml_pasleep_scale_weekly_3_s012_41284804_60.pkl
1023,34.0,44.333555987078086,abcd-ml,pasleep,scale,weekly,3,s012,41284804,60,out/abcd-ml_pasleep_scale_weekly_3_s012_41284804_60.pkl
1024,39.0,47.28475283977944,abcd-ml,pasleep,scale,weekly,3,s012,41284804,60,out/abcd-ml_pasleep_scale_weekly_3_s012_41284804_60.pkl
1025,34.0,44.19312789382204,abcd-ml,pasleep,scale,weekly,3,s012,41284804,60,out/abcd-ml_pasleep_scale_weekly_3_s012_41284804_60.pkl
1026,39.0,48.33974331481668,abcd-ml,pasleep,scale,weekly,3,s012,41284804,60,out/abcd-ml_pasleep_scale_weekly_3_s012_41284804_60.pkl
1027,34.0,44.433951606036274,abcd-ml,pasleep,scale,weekly,3,s012,41284804,60,out/abcd-ml_pasleep_scale_weekly_3_s012_41284804_60.pkl
1028,39.0,48.280773507972924,abcd-ml,pasleep,scale,weekly,3,s012,41284804,60,out/abcd-ml_pasleep_scale_weekly_3_s012_41284804_60.pkl
1029,34.0,44.49935740216253,abcd-ml,pasleep,scale,weekly,3,s012,41284804,60,out/abcd-ml_pasleep_scale_weekly_3_s012_41284804_60.pkl
1030,39.0,48.484587978994945,abcd-ml,pasleep,scale,weekly,3,s012,41284804,60,out/abcd-ml_pasleep_scale_weekly_3_s012_41284804_60.pkl
1031,34.0,44.52561398383631,abcd-ml,pasleep,scale,weekly,3,s012,41284804,60,out/abcd-ml_pasleep_scale_weekly_3_s012_41284804_60.pkl
1032,39.0,48.50112183828735,abcd-ml,pasleep,scale,weekly,3,s012,41284804,60,out/abcd-ml_pasleep_scale_weekly_3_s012_41284804_60.pkl
1033,34.0,44.507370758511236,abcd-ml,pasleep,scale,weekly,3,s012,41284804,60,out/abcd-ml_pasleep_scale_weekly_3_s012_41284804_60.pkl
1034,39.0,48.29596067104542,abcd-ml,pasleep,scale,weekly,3,s012,41284804,60,out/abcd-ml_pasleep_scale_weekly_3_s012_41284804_60.pkl
1035,34.0,44.424448571266275,abcd-ml,pasleep,scale,weekly,3,s012,41284804,60,out/abcd-ml_pasleep_scale_weekly_3_s012_41284804_60.pkl
1036,39.0,48.26000270056225,abcd-ml,pasleep,scale,weekly,3,s012,41284804,60,out/abcd-ml_pasleep_scale_weekly_3_s012_41284804_60.pkl
1037,34.0,44.46422911866038,abcd-ml,pasleep,scale,weekly,3,s012,41284804,60,out/abcd-ml_pasleep_scale_weekly_3_s012_41284804_60.pkl
1038,34.0,48.79444205047652,abcd-ml,pasleep,scale,weekly,3,s012,41284804,60,out/abcd-ml_pasleep_scale_weekly_3_s012_41284804_60.pkl
1039,33.0,44.92616483927324,abcd-ml,pasleep,scale,weekly,3,s012,41284804,60,out/abcd-ml_pasleep_scale_weekly_3_s012_41284804_60.pkl
1040,34.0,47.75070970466339,abcd-ml,pasleep,scale,weekly,3,s012,41284804,60,out/abcd-ml_pasleep_scale_weekly_3_s012_41284804_60.pkl
1041,33.0,44.50682730154553,abcd-ml,pasleep,scale,weekly,3,s012,41284804,60,out/abcd-ml_pasleep_scale_weekly_3_s012_41284804_60.pkl
1042,34.0,47.7848392367457,abcd-ml,pasleep,scale,weekly,3,s012,41284804,60,out/abcd-ml_pasleep_scale_weekly_3_s012_41284804_60.pkl
1043,33.0,44.46897304222777,abcd-ml,pasleep,scale,weekly,3,s012,41284804,60,out/abcd-ml_pasleep_scale_weekly_3_s012_41284804_60.pkl
1044,34.0,47.126841577792355,abcd-ml,pasleep,scale,weekly,3,s012,41284804,60,out/abcd-ml_pasleep_scale_weekly_3_s012_41284804_60.pkl
1045,33.0,44.31048373492976,abcd-ml,pasleep,scale,weekly,3,s012,41284804,60,out/abcd-ml_pasleep_scale_weekly_3_s012_41284804_60.pkl
1046,34.0,47.20404287694498,abcd-ml,pasleep,scale,weekly,3,s012,41284804,60,out/abcd-ml_pasleep_scale_weekly_3_s012_41284804_60.pkl
1047,33.0,44.22509021863809,abcd-ml,pasleep,scale,weekly,3,s012,41284804,60,out/abcd-ml_pasleep_scale_weekly_3_s012_41284804_60.pkl
1048,34.0,46.95863974644786,abcd-ml,pasleep,scale,weekly,3,s012,41284804,60,out/abcd-ml_pasleep_scale_weekly_3_s012_41284804_60.pkl
1049,33.0,44.117762603645005,abcd-ml,pasleep,scale,weekly,3,s012,41284804,60,out/abcd-ml_pasleep_scale_weekly_3_s012_41284804_60.pkl
1050,63.0,48.26666467706622,abcd-ml,pasleep,scale,weekly,3,s012,41284804,60,out/abcd-ml_pasleep_scale_weekly_3_s012_41284804_60.pkl
1051,46.0,44.57182432328769,abcd-ml,pasleep,scale,weekly,3,s012,41284804,60,out/abcd-ml_pasleep_scale_weekly_3_s012_41284804_60.pkl
1052,63.0,47.6096580285963,abcd-ml,pasleep,scale,weekly,3,s012,41284804,60,out/abcd-ml_pasleep_scale_weekly_3_s012_41284804_60.pkl
1053,46.0,44.341964239338836,abcd-ml,pasleep,scale,weekly,3,s012,41284804,60,out/abcd-ml_pasleep_scale_weekly_3_s012_41284804_60.pkl
1054,63.0,47.72444752935739,abcd-ml,pasleep,scale,weekly,3,s012,41284804,60,out/abcd-ml_pasleep_scale_weekly_3_s012_41284804_60.pkl
1055,46.0,44.21511599086983,abcd-ml,pasleep,scale,weekly,3,s012,41284804,60,out/abcd-ml_pasleep_scale_weekly_3_s012_41284804_60.pkl
1056,63.0,47.744954052865104,abcd-ml,pasleep,scale,weekly,3,s012,41284804,60,out/abcd-ml_pasleep_scale_weekly_3_s012_41284804_60.pkl
1057,46.0,44.388260732254594,abcd-ml,pasleep,scale,weekly,3,s012,41284804,60,out/abcd-ml_pasleep_scale_weekly_3_s012_41284804_60.pkl
1058,63.0,47.85658589830488,abcd-ml,pasleep,scale,weekly,3,s012,41284804,60,out/abcd-ml_pasleep_scale_weekly_3_s012_41284804_60.pkl
1059,46.0,44.26487814516638,abcd-ml,pasleep,scale,weekly,3,s012,41284804,60,out/abcd-ml_pasleep_scale_weekly_3_s012_41284804_60.pkl
1060,54.0,48.25925806631005,abcd-ml,pasleep,scale,weekly,3,s012,41284804,60,out/abcd-ml_pasleep_scale_weekly_3_s012_41284804_60.pkl
1061,41.0,44.398906824604076,abcd-ml,pasleep,scale,weekly,3,s012,41284804,60,out/abcd-ml_pasleep_scale_weekly_3_s012_41284804_60.pkl
1062,54.0,48.18498288852499,abcd-ml,pasleep,scale,weekly,3,s012,41284804,60,out/abcd-ml_pasleep_scale_weekly_3_s012_41284804_60.pkl
1063,41.0,44.48099968627289,abcd-ml,pasleep,scale,weekly,3,s012,41284804,60,out/abcd-ml_pasleep_scale_weekly_3_s012_41284804_60.pkl
1064,54.0,48.28395797359483,abcd-ml,pasleep,scale,weekly,3,s012,41284804,60,out/abcd-ml_pasleep_scale_weekly_3_s012_41284804_60.pkl
1065,41.0,44.362496430394195,abcd-ml,pasleep,scale,weekly,3,s012,41284804,60,out/abcd-ml_pasleep_scale_weekly_3_s012_41284804_60.pkl
1066,54.0,48.2065943027775,abcd-ml,pasleep,scale,weekly,3,s012,41284804,60,out/abcd-ml_pasleep_scale_weekly_3_s012_41284804_60.pkl
1067,41.0,44.447978137418005,abcd-ml,pasleep,scale,weekly,3,s012,41284804,60,out/abcd-ml_pasleep_scale_weekly_3_s012_41284804_60.pkl
1068,54.0,48.64733473808523,abcd-ml,pasleep,scale,weekly,3,s012,41284804,60,out/abcd-ml_pasleep_scale_weekly_3_s012_41284804_60.pkl
1069,41.0,44.4445229165219,abcd-ml,pasleep,scale,weekly,3,s012,41284804,60,out/abcd-ml_pasleep_scale_weekly_3_s012_41284804_60.pkl
1070,68.0,48.93310205838192,abcd-ml,pasleep,scale,weekly,3,s012,41284804,60,out/abcd-ml_pasleep_scale_weekly_3_s012_41284804_60.pkl
1071,50.0,44.51163533315656,abcd-ml,pasleep,scale,weekly,3,s012,41284804,60,out/abcd-ml_pasleep_scale_weekly_3_s012_41284804_60.pkl
1072,68.0,48.80608041694846,abcd-ml,pasleep,scale,weekly,3,s012,41284804,60,out/abcd-ml_pasleep_scale_weekly_3_s012_41284804_60.pkl
1073,50.0,44.651790511241046,abcd-ml,pasleep,scale,weekly,3,s012,41284804,60,out/abcd-ml_pasleep_scale_weekly_3_s012_41284804_60.pkl
1074,68.0,48.44640717388293,abcd-ml,pasleep,scale,weekly,3,s012,41284804,60,out/abcd-ml_pasleep_scale_weekly_3_s012_41284804_60.pkl
1075,50.0,44.54655364642775,abcd-ml,pasleep,scale,weekly,3,s012,41284804,60,out/abcd-ml_pasleep_scale_weekly_3_s012_41284804_60.pkl
1076,68.0,48.68947798848625,abcd-ml,pasleep,scale,weekly,3,s012,41284804,60,out/abcd-ml_pasleep_scale_weekly_3_s012_41284804_60.pkl
1077,50.0,44.668295551916295,abcd-ml,pasleep,scale,weekly,3,s012,41284804,60,out/abcd-ml_pasleep_scale_weekly_3_s012_41284804_60.pkl
1078,34.0,47.32719865918558,abcd-ml,pasleep,scale,weekly,3,s012,41284804,60,out/abcd-ml_pasleep_scale_weekly_3_s012_41284804_60.pkl
1079,40.0,44.39566263108315,abcd-ml,pasleep,scale,weekly,3,s012,41284804,60,out/abcd-ml_pasleep_scale_weekly_3_s012_41284804_60.pkl
1080,34.0,47.36528528681302,abcd-ml,pasleep,scale,weekly,3,s012,41284804,60,out/abcd-ml_pasleep_scale_weekly_3_s012_41284804_60.pkl
1081,40.0,44.36961270389166,abcd-ml,pasleep,scale,weekly,3,s012,41284804,60,out/abcd-ml_pasleep_scale_weekly_3_s012_41284804_60.pkl
1082,34.0,47.5228138766511,abcd-ml,pasleep,scale,weekly,3,s012,41284804,60,out/abcd-ml_pasleep_scale_weekly_3_s012_41284804_60.pkl
1083,40.0,44.195589703915935,abcd-ml,pasleep,scale,weekly,3,s012,41284804,60,out/abcd-ml_pasleep_scale_weekly_3_s012_41284804_60.pkl
1084,34.0,47.123285235352434,abcd-ml,pasleep,scale,weekly,3,s012,41284804,60,out/abcd-ml_pasleep_scale_weekly_3_s012_41284804_60.pkl
1085,40.0,44.156236578333825,abcd-ml,pasleep,scale,weekly,3,s012,41284804,60,out/abcd-ml_pasleep_scale_weekly_3_s012_41284804_60.pkl
1086,34.0,46.93204405668343,abcd-ml,pasleep,scale,weekly,3,s012,41284804,60,out/abcd-ml_pasleep_scale_weekly_3_s012_41284804_60.pkl
1087,40.0,44.367745020388,abcd-ml,pasleep,scale,weekly,3,s012,41284804,60,out/abcd-ml_pasleep_scale_weekly_3_s012_41284804_60.pkl
1088,65.0,48.49483396514943,abcd-ml,pasleep,scale,weekly,3,s012,41284804,60,out/abcd-ml_pasleep_scale_weekly_3_s012_41284804_60.pkl
1089,53.0,44.62218737553731,abcd-ml,pasleep,scale,weekly,3,s012,41284804,60,out/abcd-ml_pasleep_scale_weekly_3_s012_41284804_60.pkl
1090,65.0,48.55127658090053,abcd-ml,pasleep,scale,weekly,3,s012,41284804,60,out/abcd-ml_pasleep_scale_weekly_3_s012_41284804_60.pkl
1091,53.0,44.55944611068031,abcd-ml,pasleep,scale,weekly,3,s012,41284804,60,out/abcd-ml_pasleep_scale_weekly_3_s012_41284804_60.pkl
1092,65.0,48.782165887549475,abcd-ml,pasleep,scale,weekly,3,s012,41284804,60,out/abcd-ml_pasleep_scale_weekly_3_s012_41284804_60.pkl
1093,53.0,44.6436589004679,abcd-ml,pasleep,scale,weekly,3,s012,41284804,60,out/abcd-ml_pasleep_scale_weekly_3_s012_41284804_60.pkl
1094,65.0,48.58672612292386,abcd-ml,pasleep,scale,weekly,3,s012,41284804,60,out/abcd-ml_pasleep_scale_weekly_3_s012_41284804_60.pkl
1095,53.0,44.86078705153194,abcd-ml,pasleep,scale,weekly,3,s012,41284804,60,out/abcd-ml_pasleep_scale_weekly_3_s012_41284804_60.pkl
1096,65.0,48.54148115247582,abcd-ml,pasleep,scale,weekly,3,s012,41284804,60,out/abcd-ml_pasleep_scale_weekly_3_s012_41284804_60.pkl
1097,53.0,44.65191144748265,abcd-ml,pasleep,scale,weekly,3,s012,41284804,60,out/abcd-ml_pasleep_scale_weekly_3_s012_41284804_60.pkl
1098,65.0,48.58863328625408,abcd-ml,pasleep,scale,weekly,3,s012,41284804,60,out/abcd-ml_pasleep_scale_weekly_3_s012_41284804_60.pkl
1099,53.0,44.599405765861896,abcd-ml,pasleep,scale,weekly,3,s012,41284804,60,out/abcd-ml_pasleep_scale_weekly_3_s012_41284804_60.pkl
1100,39.0,47.091253495013575,abcd-ml,pasleep,scale,weekly,3,s012,41284804,60,out/abcd-ml_pasleep_scale_weekly_3_s012_41284804_60.pkl
1101,44.0,44.19535759761813,abcd-ml,pasleep,scale,weekly,3,s012,41284804,60,out/abcd-ml_pasleep_scale_weekly_3_s012_41284804_60.pkl
1102,39.0,47.096777119238794,abcd-ml,pasleep,scale,weekly,3,s012,41284804,60,out/abcd-ml_pasleep_scale_weekly_3_s012_41284804_60.pkl
1103,44.0,44.18871382767179,abcd-ml,pasleep,scale,weekly,3,s012,41284804,60,out/abcd-ml_pasleep_scale_weekly_3_s012_41284804_60.pkl
1104,39.0,47.133286651083516,abcd-ml,pasleep,scale,weekly,3,s012,41284804,60,out/abcd-ml_pasleep_scale_weekly_3_s012_41284804_60.pkl
1105,44.0,44.205652867001504,abcd-ml,pasleep,scale,weekly,3,s012,41284804,60,out/abcd-ml_pasleep_scale_weekly_3_s012_41284804_60.pkl
1106,39.0,47.49270557896463,abcd-ml,pasleep,scale,weekly,3,s012,41284804,60,out/abcd-ml_pasleep_scale_weekly_3_s012_41284804_60.pkl
1107,44.0,44.352392818995504,abcd-ml,pasleep,scale,weekly,3,s012,41284804,60,out/abcd-ml_pasleep_scale_weekly_3_s012_41284804_60.pkl
1108,39.0,47.57936043785419,abcd-ml,pasleep,scale,weekly,3,s012,41284804,60,out/abcd-ml_pasleep_scale_weekly_3_s012_41284804_60.pkl
1109,44.0,44.25677790438398,abcd-ml,pasleep,scale,weekly,3,s012,41284804,60,out/abcd-ml_pasleep_scale_weekly_3_s012_41284804_60.pkl
1110,53.0,47.80077875129757,abcd-ml,pasleep,scale,weekly,3,s012,41284804,60,out/abcd-ml_pasleep_scale_weekly_3_s012_41284804_60.pkl
1111,54.0,44.52031928785553,abcd-ml,pasleep,scale,weekly,3,s012,41284804,60,out/abcd-ml_pasleep_scale_weekly_3_s012_41284804_60.pkl
1112,53.0,47.86276122590171,abcd-ml,pasleep,scale,weekly,3,s012,41284804,60,out/abcd-ml_pasleep_scale_weekly_3_s012_41284804_60.pkl
1113,54.0,44.451705863236086,abcd-ml,pasleep,scale,weekly,3,s012,41284804,60,out/abcd-ml_pasleep_scale_weekly_3_s012_41284804_60.pkl
1114,53.0,48.30452737648798,abcd-ml,pasleep,scale,weekly,3,s012,41284804,60,out/abcd-ml_pasleep_scale_weekly_3_s012_41284804_60.pkl
1115,54.0,44.55244727847487,abcd-ml,pasleep,scale,weekly,3,s012,41284804,60,out/abcd-ml_pasleep_scale_weekly_3_s012_41284804_60.pkl
1116,53.0,48.37417389777665,abcd-ml,pasleep,scale,weekly,3,s012,41284804,60,out/abcd-ml_pasleep_scale_weekly_3_s012_41284804_60.pkl
1117,54.0,44.474946364824454,abcd-ml,pasleep,scale,weekly,3,s012,41284804,60,out/abcd-ml_pasleep_scale_weekly_3_s012_41284804_60.pkl
1118,53.0,47.34827493215275,abcd-ml,pasleep,scale,weekly,3,s012,41284804,60,out/abcd-ml_pasleep_scale_weekly_3_s012_41284804_60.pkl
1119,54.0,44.284783609176756,abcd-ml,pasleep,scale,weekly,3,s012,41284804,60,out/abcd-ml_pasleep_scale_weekly_3_s012_41284804_60.pkl
1120,53.0,47.11570331828598,abcd-ml,pasleep,scale,weekly,3,s012,41284804,60,out/abcd-ml_pasleep_scale_weekly_3_s012_41284804_60.pkl
1121,54.0,44.5429121173322,abcd-ml,pasleep,scale,weekly,3,s012,41284804,60,out/abcd-ml_pasleep_scale_weekly_3_s012_41284804_60.pkl
1122,50.0,48.08650561072379,abcd-ml,pasleep,scale,weekly,3,s012,41284804,60,out/abcd-ml_pasleep_scale_weekly_3_s012_41284804_60.pkl
1123,47.0,44.26444796200478,abcd-ml,pasleep,scale,weekly,3,s012,41284804,60,out/abcd-ml_pasleep_scale_weekly_3_s012_41284804_60.pkl
1124,50.0,48.42157125340717,abcd-ml,pasleep,scale,weekly,3,s012,41284804,60,out/abcd-ml_pasleep_scale_weekly_3_s012_41284804_60.pkl
1125,47.0,44.63792443429219,abcd-ml,pasleep,scale,weekly,3,s012,41284804,60,out/abcd-ml_pasleep_scale_weekly_3_s012_41284804_60.pkl
1126,50.0,48.46956708089616,abcd-ml,pasleep,scale,weekly,3,s012,41284804,60,out/abcd-ml_pasleep_scale_weekly_3_s012_41284804_60.pkl
1127,47.0,44.583789896440074,abcd-ml,pasleep,scale,weekly,3,s012,41284804,60,out/abcd-ml_pasleep_scale_weekly_3_s012_41284804_60.pkl
1128,50.0,48.39871667696187,abcd-ml,pasleep,scale,weekly,3,s012,41284804,60,out/abcd-ml_pasleep_scale_weekly_3_s012_41284804_60.pkl
1129,47.0,44.58315211138748,abcd-ml,pasleep,scale,weekly,3,s012,41284804,60,out/abcd-ml_pasleep_scale_weekly_3_s012_41284804_60.pkl
1130,50.0,48.32061280374717,abcd-ml,pasleep,scale,weekly,3,s012,41284804,60,out/abcd-ml_pasleep_scale_weekly_3_s012_41284804_60.pkl
1131,47.0,44.67077509811996,abcd-ml,pasleep,scale,weekly,3,s012,41284804,60,out/abcd-ml_pasleep_scale_weekly_3_s012_41284804_60.pkl
1132,39.0,47.794817679959905,abcd-ml,pasleep,scale,weekly,3,s012,41284804,60,out/abcd-ml_pasleep_scale_weekly_3_s012_41284804_60.pkl
1133,44.0,44.090816225736376,abcd-ml,pasleep,scale,weekly,3,s012,41284804,60,out/abcd-ml_pasleep_scale_weekly_3_s012_41284804_60.pkl
1134,39.0,47.63329420794016,abcd-ml,pasleep,scale,weekly,3,s012,41284804,60,out/abcd-ml_pasleep_scale_weekly_3_s012_41284804_60.pkl
1135,44.0,44.26981746933387,abcd-ml,pasleep,scale,weekly,3,s012,41284804,60,out/abcd-ml_pasleep_scale_weekly_3_s012_41284804_60.pkl
1136,39.0,47.28184385341666,abcd-ml,pasleep,scale,weekly,3,s012,41284804,60,out/abcd-ml_pasleep_scale_weekly_3_s012_41284804_60.pkl
1137,44.0,44.199771449031545,abcd-ml,pasleep,scale,weekly,3,s012,41284804,60,out/abcd-ml_pasleep_scale_weekly_3_s012_41284804_60.pkl
1138,39.0,47.282454945117834,abcd-ml,pasleep,scale,weekly,3,s012,41284804,60,out/abcd-ml_pasleep_scale_weekly_3_s012_41284804_60.pkl
1139,44.0,44.198698785478825,abcd-ml,pasleep,scale,weekly,3,s012,41284804,60,out/abcd-ml_pasleep_scale_weekly_3_s012_41284804_60.pkl
1140,39.0,47.35880294548568,abcd-ml,pasleep,scale,weekly,3,s012,41284804,60,out/abcd-ml_pasleep_scale_weekly_3_s012_41284804_60.pkl
1141,44.0,44.12039780603872,abcd-ml,pasleep,scale,weekly,3,s012,41284804,60,out/abcd-ml_pasleep_scale_weekly_3_s012_41284804_60.pkl
1142,39.0,47.33873442680407,abcd-ml,pasleep,scale,weekly,3,s012,41284804,60,out/abcd-ml_pasleep_scale_weekly_3_s012_41284804_60.pkl
1143,44.0,44.14312096145833,abcd-ml,pasleep,scale,weekly,3,s012,41284804,60,out/abcd-ml_pasleep_scale_weekly_3_s012_41284804_60.pkl
1144,50.0,48.77256726372178,abcd-ml,pasleep,scale,weekly,3,s012,41284804,60,out/abcd-ml_pasleep_scale_weekly_3_s012_41284804_60.pkl
1145,40.0,44.433283463684155,abcd-ml,pasleep,scale,weekly,3,s012,41284804,60,out/abcd-ml_pasleep_scale_weekly_3_s012_41284804_60.pkl
1146,50.0,48.64085344735441,abcd-ml,pasleep,scale,weekly,3,s012,41284804,60,out/abcd-ml_pasleep_scale_weekly_3_s012_41284804_60.pkl
1147,40.0,44.57872647306329,abcd-ml,pasleep,scale,weekly,3,s012,41284804,60,out/abcd-ml_pasleep_scale_weekly_3_s012_41284804_60.pkl
1148,50.0,48.63339699381538,abcd-ml,pasleep,scale,weekly,3,s012,41284804,60,out/abcd-ml_pasleep_scale_weekly_3_s012_41284804_60.pkl
1149,40.0,44.56064115814981,abcd-ml,pasleep,scale,weekly,3,s012,41284804,60,out/abcd-ml_pasleep_scale_weekly_3_s012_41284804_60.pkl
1150,50.0,48.689369833073215,abcd-ml,pasleep,scale,weekly,3,s012,41284804,60,out/abcd-ml_pasleep_scale_weekly_3_s012_41284804_60.pkl
1151,40.0,44.49934750217632,abcd-ml,pasleep,scale,weekly,3,s012,41284804,60,out/abcd-ml_pasleep_scale_weekly_3_s012_41284804_60.pkl
1152,50.0,48.528769448744214,abcd-ml,pasleep,scale,weekly,3,s012,41284804,60,out/abcd-ml_pasleep_scale_weekly_3_s012_41284804_60.pkl
1153,40.0,44.522503981500606,abcd-ml,pasleep,scale,weekly,3,s012,41284804,60,out/abcd-ml_pasleep_scale_weekly_3_s012_41284804_60.pkl
1154,50.0,48.66376203418374,abcd-ml,pasleep,scale,weekly,3,s012,41284804,60,out/abcd-ml_pasleep_scale_weekly_3_s012_41284804_60.pkl
1155,40.0,44.37350715566327,abcd-ml,pasleep,scale,weekly,3,s012,41284804,60,out/abcd-ml_pasleep_scale_weekly_3_s012_41284804_60.pkl
1156,39.0,47.43048223361277,abcd-ml,pasleep,scale,weekly,3,s012,41284804,60,out/abcd-ml_pasleep_scale_weekly_3_s012_41284804_60.pkl
1157,34.0,44.17394740062788,abcd-ml,pasleep,scale,weekly,3,s012,41284804,60,out/abcd-ml_pasleep_scale_weekly_3_s012_41284804_60.pkl
1158,39.0,47.31249169715154,abcd-ml,pasleep,scale,weekly,3,s012,41284804,60,out/abcd-ml_pasleep_scale_weekly_3_s012_41284804_60.pkl
1159,34.0,44.30492426038643,abcd-ml,pasleep,scale,weekly,3,s012,41284804,60,out/abcd-ml_pasleep_scale_weekly_3_s012_41284804_60.pkl
1160,39.0,47.935789645079865,abcd-ml,pasleep,scale,weekly,3,s012,41284804,60,out/abcd-ml_pasleep_scale_weekly_3_s012_41284804_60.pkl
1161,34.0,44.42646221765058,abcd-ml,pasleep,scale,weekly,3,s012,41284804,60,out/abcd-ml_pasleep_scale_weekly_3_s012_41284804_60.pkl
1162,39.0,47.925856847245456,abcd-ml,pasleep,scale,weekly,3,s012,41284804,60,out/abcd-ml_pasleep_scale_weekly_3_s012_41284804_60.pkl
1163,34.0,44.43742193455698,abcd-ml,pasleep,scale,weekly,3,s012,41284804,60,out/abcd-ml_pasleep_scale_weekly_3_s012_41284804_60.pkl
1164,39.0,47.83979670169041,abcd-ml,pasleep,scale,weekly,3,s012,41284804,60,out/abcd-ml_pasleep_scale_weekly_3_s012_41284804_60.pkl
1165,34.0,44.163773949772775,abcd-ml,pasleep,scale,weekly,3,s012,41284804,60,out/abcd-ml_pasleep_scale_weekly_3_s012_41284804_60.pkl
1166,39.0,47.735348283037794,abcd-ml,pasleep,scale,weekly,3,s012,41284804,60,out/abcd-ml_pasleep_scale_weekly_3_s012_41284804_60.pkl
1167,34.0,44.27962887511888,abcd-ml,pasleep,scale,weekly,3,s012,41284804,60,out/abcd-ml_pasleep_scale_weekly_3_s012_41284804_60.pkl
1168,48.0,47.61337897703198,abcd-ml,pasleep,scale,weekly,3,s012,41284804,60,out/abcd-ml_pasleep_scale_weekly_3_s012_41284804_60.pkl
1169,49.0,43.94628507603531,abcd-ml,pasleep,scale,weekly,3,s012,41284804,60,out/abcd-ml_pasleep_scale_weekly_3_s012_41284804_60.pkl
1170,48.0,47.408536054974164,abcd-ml,pasleep,scale,weekly,3,s012,41284804,60,out/abcd-ml_pasleep_scale_weekly_3_s012_41284804_60.pkl
1171,49.0,44.173275228918556,abcd-ml,pasleep,scale,weekly,3,s012,41284804,60,out/abcd-ml_pasleep_scale_weekly_3_s012_41284804_60.pkl
1172,48.0,47.21132310876842,abcd-ml,pasleep,scale,weekly,3,s012,41284804,60,out/abcd-ml_pasleep_scale_weekly_3_s012_41284804_60.pkl
1173,49.0,44.10814901083866,abcd-ml,pasleep,scale,weekly,3,s012,41284804,60,out/abcd-ml_pasleep_scale_weekly_3_s012_41284804_60.pkl
1174,48.0,47.925434324391105,abcd-ml,pasleep,scale,weekly,3,s012,41284804,60,out/abcd-ml_pasleep_scale_weekly_3_s012_41284804_60.pkl
1175,49.0,44.24178035806179,abcd-ml,pasleep,scale,weekly,3,s012,41284804,60,out/abcd-ml_pasleep_scale_weekly_3_s012_41284804_60.pkl
1176,54.0,47.77521532775328,abcd-ml,pasleep,scale,weekly,3,s012,41284804,60,out/abcd-ml_pasleep_scale_weekly_3_s012_41284804_60.pkl
1177,41.0,44.421460519103164,abcd-ml,pasleep,scale,weekly,3,s012,41284804,60,out/abcd-ml_pasleep_scale_weekly_3_s012_41284804_60.pkl
1178,54.0,47.60417526173191,abcd-ml,pasleep,scale,weekly,3,s012,41284804,60,out/abcd-ml_pasleep_scale_weekly_3_s012_41284804_60.pkl
1179,41.0,44.209192169952544,abcd-ml,pasleep,scale,weekly,3,s012,41284804,60,out/abcd-ml_pasleep_scale_weekly_3_s012_41284804_60.pkl
1180,54.0,47.45109596665293,abcd-ml,pasleep,scale,weekly,3,s012,41284804,60,out/abcd-ml_pasleep_scale_weekly_3_s012_41284804_60.pkl
1181,41.0,44.20698298385737,abcd-ml,pasleep,scale,weekly,3,s012,41284804,60,out/abcd-ml_pasleep_scale_weekly_3_s012_41284804_60.pkl
1182,50.0,48.202911105837885,abcd-ml,pasleep,scale,weekly,3,s012,41284804,60,out/abcd-ml_pasleep_scale_weekly_3_s012_41284804_60.pkl
1183,51.0,44.58844641850372,abcd-ml,pasleep,scale,weekly,3,s012,41284804,60,out/abcd-ml_pasleep_scale_weekly_3_s012_41284804_60.pkl
1184,50.0,48.321163590121856,abcd-ml,pasleep,scale,weekly,3,s012,41284804,60,out/abcd-ml_pasleep_scale_weekly_3_s012_41284804_60.pkl
1185,51.0,44.45828695947517,abcd-ml,pasleep,scale,weekly,3,s012,41284804,60,out/abcd-ml_pasleep_scale_weekly_3_s012_41284804_60.pkl
1186,50.0,47.81904407725935,abcd-ml,pasleep,scale,weekly,3,s012,41284804,60,out/abcd-ml_pasleep_scale_weekly_3_s012_41284804_60.pkl
1187,51.0,44.585322726860824,abcd-ml,pasleep,scale,weekly,3,s012,41284804,60,out/abcd-ml_pasleep_scale_weekly_3_s012_41284804_60.pkl
1188,50.0,48.184842339999996,abcd-ml,pasleep,scale,weekly,3,s012,41284804,60,out/abcd-ml_pasleep_scale_weekly_3_s012_41284804_60.pkl
1189,51.0,44.53304108950716,abcd-ml,pasleep,scale,weekly,3,s012,41284804,60,out/abcd-ml_pasleep_scale_weekly_3_s012_41284804_60.pkl
1190,50.0,48.21581641301986,abcd-ml,pasleep,scale,weekly,3,s012,41284804,60,out/abcd-ml_pasleep_scale_weekly_3_s012_41284804_60.pkl
1191,51.0,44.499727691829584,abcd-ml,pasleep,scale,weekly,3,s012,41284804,60,out/abcd-ml_pasleep_scale_weekly_3_s012_41284804_60.pkl
1192,79.0,49.00118172043123,abcd-ml,pasleep,scale,weekly,3,s012,41284804,60,out/abcd-ml_pasleep_scale_weekly_3_s012_41284804_60.pkl
1193,73.0,44.69624841792348,abcd-ml,pasleep,scale,weekly,3,s012,41284804,60,out/abcd-ml_pasleep_scale_weekly_3_s012_41284804_60.pkl
1194,79.0,47.958341059834225,abcd-ml,pasleep,scale,weekly,3,s012,41284804,60,out/abcd-ml_pasleep_scale_weekly_3_s012_41284804_60.pkl
1195,73.0,44.2772691301671,abcd-ml,pasleep,scale,weekly,3,s012,41284804,60,out/abcd-ml_pasleep_scale_weekly_3_s012_41284804_60.pkl
1196,79.0,48.028440482673744,abcd-ml,pasleep,scale,weekly,3,s012,41284804,60,out/abcd-ml_pasleep_scale_weekly_3_s012_41284804_60.pkl
1197,73.0,44.19946825514754,abcd-ml,pasleep,scale,weekly,3,s012,41284804,60,out/abcd-ml_pasleep_scale_weekly_3_s012_41284804_60.pkl
1198,79.0,48.023975863981924,abcd-ml,pasleep,scale,weekly,3,s012,41284804,60,out/abcd-ml_pasleep_scale_weekly_3_s012_41284804_60.pkl
1199,73.0,44.3256066591246,abcd-ml,pasleep,scale,weekly,3,s012,41284804,60,out/abcd-ml_pasleep_scale_weekly_3_s012_41284804_60.pkl
1200,79.0,47.8575759172065,abcd-ml,pasleep,scale,weekly,3,s012,41284804,60,out/abcd-ml_pasleep_scale_weekly_3_s012_41284804_60.pkl
1201,73.0,44.509717929913165,abcd-ml,pasleep,scale,weekly,3,s012,41284804,60,out/abcd-ml_pasleep_scale_weekly_3_s012_41284804_60.pkl
1202,79.0,47.49011262186518,abcd-ml,pasleep,scale,weekly,3,s012,41284804,60,out/abcd-ml_pasleep_scale_weekly_3_s012_41284804_60.pkl
1203,73.0,44.25271709246594,abcd-ml,pasleep,scale,weekly,3,s012,41284804,60,out/abcd-ml_pasleep_scale_weekly_3_s012_41284804_60.pkl
1204,79.0,47.51718099176872,abcd-ml,pasleep,scale,weekly,3,s012,41284804,60,out/abcd-ml_pasleep_scale_weekly_3_s012_41284804_60.pkl
1205,73.0,44.22337499920128,abcd-ml,pasleep,scale,weekly,3,s012,41284804,60,out/abcd-ml_pasleep_scale_weekly_3_s012_41284804_60.pkl
1206,50.0,48.60345797056397,abcd-ml,pasleep,scale,weekly,3,s012,41284804,60,out/abcd-ml_pasleep_scale_weekly_3_s012_41284804_60.pkl
1207,44.0,44.42012823888843,abcd-ml,pasleep,scale,weekly,3,s012,41284804,60,out/abcd-ml_pasleep_scale_weekly_3_s012_41284804_60.pkl
1208,50.0,48.0011525624872,abcd-ml,pasleep,scale,weekly,3,s012,41284804,60,out/abcd-ml_pasleep_scale_weekly_3_s012_41284804_60.pkl
1209,44.0,44.22991145311077,abcd-ml,pasleep,scale,weekly,3,s012,41284804,60,out/abcd-ml_pasleep_scale_weekly_3_s012_41284804_60.pkl
1210,50.0,48.28954014739759,abcd-ml,pasleep,scale,weekly,3,s012,41284804,60,out/abcd-ml_pasleep_scale_weekly_3_s012_41284804_60.pkl
1211,44.0,44.33096956248171,abcd-ml,pasleep,scale,weekly,3,s012,41284804,60,out/abcd-ml_pasleep_scale_weekly_3_s012_41284804_60.pkl
1212,50.0,48.16935595282642,abcd-ml,pasleep,scale,weekly,3,s012,41284804,60,out/abcd-ml_pasleep_scale_weekly_3_s012_41284804_60.pkl
1213,44.0,44.46358255858233,abcd-ml,pasleep,scale,weekly,3,s012,41284804,60,out/abcd-ml_pasleep_scale_weekly_3_s012_41284804_60.pkl
1214,50.0,47.720468462275214,abcd-ml,pasleep,scale,weekly,3,s012,41284804,60,out/abcd-ml_pasleep_scale_weekly_3_s012_41284804_60.pkl
1215,44.0,44.32670049463822,abcd-ml,pasleep,scale,weekly,3,s012,41284804,60,out/abcd-ml_pasleep_scale_weekly_3_s012_41284804_60.pkl
1216,33.0,47.21385582143595,abcd-ml,pasleep,scale,weekly,3,s012,41284804,60,out/abcd-ml_pasleep_scale_weekly_3_s012_41284804_60.pkl
1217,34.0,44.22902957173616,abcd-ml,pasleep,scale,weekly,3,s012,41284804,60,out/abcd-ml_pasleep_scale_weekly_3_s012_41284804_60.pkl
1218,33.0,47.2480947710294,abcd-ml,pasleep,scale,weekly,3,s012,41284804,60,out/abcd-ml_pasleep_scale_weekly_3_s012_41284804_60.pkl
1219,34.0,44.191301927120655,abcd-ml,pasleep,scale,weekly,3,s012,41284804,60,out/abcd-ml_pasleep_scale_weekly_3_s012_41284804_60.pkl
1220,33.0,47.43665895129415,abcd-ml,pasleep,scale,weekly,3,s012,41284804,60,out/abcd-ml_pasleep_scale_weekly_3_s012_41284804_60.pkl
1221,34.0,44.10070622017511,abcd-ml,pasleep,scale,weekly,3,s012,41284804,60,out/abcd-ml_pasleep_scale_weekly_3_s012_41284804_60.pkl
1222,33.0,47.356474952152304,abcd-ml,pasleep,scale,weekly,3,s012,41284804,60,out/abcd-ml_pasleep_scale_weekly_3_s012_41284804_60.pkl
1223,34.0,44.189996439519945,abcd-ml,pasleep,scale,weekly,3,s012,41284804,60,out/abcd-ml_pasleep_scale_weekly_3_s012_41284804_60.pkl
1224,33.0,47.07489547537344,abcd-ml,pasleep,scale,weekly,3,s012,41284804,60,out/abcd-ml_pasleep_scale_weekly_3_s012_41284804_60.pkl
1225,34.0,44.27964275536631,abcd-ml,pasleep,scale,weekly,3,s012,41284804,60,out/abcd-ml_pasleep_scale_weekly_3_s012_41284804_60.pkl
1226,33.0,47.11974892658276,abcd-ml,pasleep,scale,weekly,3,s012,41284804,60,out/abcd-ml_pasleep_scale_weekly_3_s012_41284804_60.pkl
1227,34.0,44.23004010456616,abcd-ml,pasleep,scale,weekly,3,s012,41284804,60,out/abcd-ml_pasleep_scale_weekly_3_s012_41284804_60.pkl
1228,57.0,47.06764391585294,abcd-ml,pasleep,scale,weekly,3,s012,41284804,60,out/abcd-ml_pasleep_scale_weekly_3_s012_41284804_60.pkl
1229,46.0,44.27096690599146,abcd-ml,pasleep,scale,weekly,3,s012,41284804,60,out/abcd-ml_pasleep_scale_weekly_3_s012_41284804_60.pkl
1230,57.0,47.19215019246181,abcd-ml,pasleep,scale,weekly,3,s012,41284804,60,out/abcd-ml_pasleep_scale_weekly_3_s012_41284804_60.pkl
1231,46.0,44.133689021005225,abcd-ml,pasleep,scale,weekly,3,s012,41284804,60,out/abcd-ml_pasleep_scale_weekly_3_s012_41284804_60.pkl
1232,57.0,47.802035901268894,abcd-ml,pasleep,scale,weekly,3,s012,41284804,60,out/abcd-ml_pasleep_scale_weekly_3_s012_41284804_60.pkl
1233,46.0,44.25391148067084,abcd-ml,pasleep,scale,weekly,3,s012,41284804,60,out/abcd-ml_pasleep_scale_weekly_3_s012_41284804_60.pkl
1234,57.0,47.59251666997771,abcd-ml,pasleep,scale,weekly,3,s012,41284804,60,out/abcd-ml_pasleep_scale_weekly_3_s012_41284804_60.pkl
1235,46.0,44.48565106198859,abcd-ml,pasleep,scale,weekly,3,s012,41284804,60,out/abcd-ml_pasleep_scale_weekly_3_s012_41284804_60.pkl
1236,57.0,47.25728326623138,abcd-ml,pasleep,scale,weekly,3,s012,41284804,60,out/abcd-ml_pasleep_scale_weekly_3_s012_41284804_60.pkl
1237,46.0,44.10495886096556,abcd-ml,pasleep,scale,weekly,3,s012,41284804,60,out/abcd-ml_pasleep_scale_weekly_3_s012_41284804_60.pkl
1238,57.0,47.13032913685663,abcd-ml,pasleep,scale,weekly,3,s012,41284804,60,out/abcd-ml_pasleep_scale_weekly_3_s012_41284804_60.pkl
1239,46.0,44.245039548019506,abcd-ml,pasleep,scale,weekly,3,s012,41284804,60,out/abcd-ml_pasleep_scale_weekly_3_s012_41284804_60.pkl
1240,54.0,47.15423869206412,abcd-ml,pasleep,scale,weekly,3,s012,41284804,60,out/abcd-ml_pasleep_scale_weekly_3_s012_41284804_60.pkl
1241,40.0,44.02638585071017,abcd-ml,pasleep,scale,weekly,3,s012,41284804,60,out/abcd-ml_pasleep_scale_weekly_3_s012_41284804_60.pkl
1242,54.0,47.44605695991206,abcd-ml,pasleep,scale,weekly,3,s012,41284804,60,out/abcd-ml_pasleep_scale_weekly_3_s012_41284804_60.pkl
1243,40.0,44.03315371788023,abcd-ml,pasleep,scale,weekly,3,s012,41284804,60,out/abcd-ml_pasleep_scale_weekly_3_s012_41284804_60.pkl
1244,54.0,47.32283485324012,abcd-ml,pasleep,scale,weekly,3,s012,41284804,60,out/abcd-ml_pasleep_scale_weekly_3_s012_41284804_60.pkl
1245,40.0,44.169291179769914,abcd-ml,pasleep,scale,weekly,3,s012,41284804,60,out/abcd-ml_pasleep_scale_weekly_3_s012_41284804_60.pkl
1246,54.0,47.18916061992204,abcd-ml,pasleep,scale,weekly,3,s012,41284804,60,out/abcd-ml_pasleep_scale_weekly_3_s012_41284804_60.pkl
1247,40.0,44.07020342621156,abcd-ml,pasleep,scale,weekly,3,s012,41284804,60,out/abcd-ml_pasleep_scale_weekly_3_s012_41284804_60.pkl
1248,54.0,47.230013612678334,abcd-ml,pasleep,scale,weekly,3,s012,41284804,60,out/abcd-ml_pasleep_scale_weekly_3_s012_41284804_60.pkl
1249,40.0,44.02557726148512,abcd-ml,pasleep,scale,weekly,3,s012,41284804,60,out/abcd-ml_pasleep_scale_weekly_3_s012_41284804_60.pkl
1250,33.0,47.82229496131243,abcd-ml,pasleep,scale,weekly,3,s012,41284804,60,out/abcd-ml_pasleep_scale_weekly_3_s012_41284804_60.pkl
1251,34.0,44.289536460336045,abcd-ml,pasleep,scale,weekly,3,s012,41284804,60,out/abcd-ml_pasleep_scale_weekly_3_s012_41284804_60.pkl
1252,33.0,47.90903150732679,abcd-ml,pasleep,scale,weekly,3,s012,41284804,60,out/abcd-ml_pasleep_scale_weekly_3_s012_41284804_60.pkl
1253,34.0,44.33143580969326,abcd-ml,pasleep,scale,weekly,3,s012,41284804,60,out/abcd-ml_pasleep_scale_weekly_3_s012_41284804_60.pkl
1254,33.0,47.77530398988396,abcd-ml,pasleep,scale,weekly,3,s012,41284804,60,out/abcd-ml_pasleep_scale_weekly_3_s012_41284804_60.pkl
1255,34.0,44.34168017657889,abcd-ml,pasleep,scale,weekly,3,s012,41284804,60,out/abcd-ml_pasleep_scale_weekly_3_s012_41284804_60.pkl
1256,33.0,47.5724538031719,abcd-ml,pasleep,scale,weekly,3,s012,41284804,60,out/abcd-ml_pasleep_scale_weekly_3_s012_41284804_60.pkl
1257,34.0,44.19897768356755,abcd-ml,pasleep,scale,weekly,3,s012,41284804,60,out/abcd-ml_pasleep_scale_weekly_3_s012_41284804_60.pkl
1258,33.0,47.56341363804537,abcd-ml,pasleep,scale,weekly,3,s012,41284804,60,out/abcd-ml_pasleep_scale_weekly_3_s012_41284804_60.pkl
1259,34.0,44.20895240020915,abcd-ml,pasleep,scale,weekly,3,s012,41284804,60,out/abcd-ml_pasleep_scale_weekly_3_s012_41284804_60.pkl
1260,33.0,47.367095786129035,abcd-ml,pasleep,scale,weekly,3,s012,41284804,60,out/abcd-ml_pasleep_scale_weekly_3_s012_41284804_60.pkl
1261,34.0,44.40435248030235,abcd-ml,pasleep,scale,weekly,3,s012,41284804,60,out/abcd-ml_pasleep_scale_weekly_3_s012_41284804_60.pkl
1262,43.0,48.11180653705896,abcd-ml,pasleep,scale,weekly,3,s012,41284804,60,out/abcd-ml_pasleep_scale_weekly_3_s012_41284804_60.pkl
1263,46.0,44.196910277475205,abcd-ml,pasleep,scale,weekly,3,s012,41284804,60,out/abcd-ml_pasleep_scale_weekly_3_s012_41284804_60.pkl
1264,43.0,46.744789581689176,abcd-ml,pasleep,scale,weekly,3,s012,41284804,60,out/abcd-ml_pasleep_scale_weekly_3_s012_41284804_60.pkl
1265,46.0,44.21633031951568,abcd-ml,pasleep,scale,weekly,3,s012,41284804,60,out/abcd-ml_pasleep_scale_weekly_3_s012_41284804_60.pkl
1266,43.0,46.87672377074309,abcd-ml,pasleep,scale,weekly,3,s012,41284804,60,out/abcd-ml_pasleep_scale_weekly_3_s012_41284804_60.pkl
1267,46.0,44.07069461354324,abcd-ml,pasleep,scale,weekly,3,s012,41284804,60,out/abcd-ml_pasleep_scale_weekly_3_s012_41284804_60.pkl
1268,43.0,47.343775179294596,abcd-ml,pasleep,scale,weekly,3,s012,41284804,60,out/abcd-ml_pasleep_scale_weekly_3_s012_41284804_60.pkl
1269,46.0,44.138796832021626,abcd-ml,pasleep,scale,weekly,3,s012,41284804,60,out/abcd-ml_pasleep_scale_weekly_3_s012_41284804_60.pkl
1270,43.0,47.45704244862412,abcd-ml,pasleep,scale,weekly,3,s012,41284804,60,out/abcd-ml_pasleep_scale_weekly_3_s012_41284804_60.pkl
1271,46.0,44.01392823701494,abcd-ml,pasleep,scale,weekly,3,s012,41284804,60,out/abcd-ml_pasleep_scale_weekly_3_s012_41284804_60.pkl
1272,34.0,47.789384412994586,abcd-ml,pasleep,scale,weekly,3,s012,41284804,60,out/abcd-ml_pasleep_scale_weekly_3_s012_41284804_60.pkl
1273,57.0,44.276087334978186,abcd-ml,pasleep,scale,weekly,3,s012,41284804,60,out/abcd-ml_pasleep_scale_weekly_3_s012_41284804_60.pkl
1274,34.0,47.77939767431282,abcd-ml,pasleep,scale,weekly,3,s012,41284804,60,out/abcd-ml_pasleep_scale_weekly_3_s012_41284804_60.pkl
1275,57.0,44.28655679055795,abcd-ml,pasleep,scale,weekly,3,s012,41284804,60,out/abcd-ml_pasleep_scale_weekly_3_s012_41284804_60.pkl
1276,34.0,47.661744621613195,abcd-ml,pasleep,scale,weekly,3,s012,41284804,60,out/abcd-ml_pasleep_scale_weekly_3_s012_41284804_60.pkl
1277,57.0,44.303107175098106,abcd-ml,pasleep,scale,weekly,3,s012,41284804,60,out/abcd-ml_pasleep_scale_weekly_3_s012_41284804_60.pkl
1278,33.0,47.8978221480207,abcd-ml,pasleep,scale,weekly,3,s012,41284804,60,out/abcd-ml_pasleep_scale_weekly_3_s012_41284804_60.pkl
1279,34.0,44.39420310881499,abcd-ml,pasleep,scale,weekly,3,s012,41284804,60,out/abcd-ml_pasleep_scale_weekly_3_s012_41284804_60.pkl
1280,33.0,48.305716197147476,abcd-ml,pasleep,scale,weekly,3,s012,41284804,60,out/abcd-ml_pasleep_scale_weekly_3_s012_41284804_60.pkl
1281,34.0,44.319639188533806,abcd-ml,pasleep,scale,weekly,3,s012,41284804,60,out/abcd-ml_pasleep_scale_weekly_3_s012_41284804_60.pkl
1282,33.0,48.189258144767955,abcd-ml,pasleep,scale,weekly,3,s012,41284804,60,out/abcd-ml_pasleep_scale_weekly_3_s012_41284804_60.pkl
1283,34.0,44.44944878432536,abcd-ml,pasleep,scale,weekly,3,s012,41284804,60,out/abcd-ml_pasleep_scale_weekly_3_s012_41284804_60.pkl
1284,33.0,48.09014661848036,abcd-ml,pasleep,scale,weekly,3,s012,41284804,60,out/abcd-ml_pasleep_scale_weekly_3_s012_41284804_60.pkl
1285,34.0,44.5386122927123,abcd-ml,pasleep,scale,weekly,3,s012,41284804,60,out/abcd-ml_pasleep_scale_weekly_3_s012_41284804_60.pkl
1286,33.0,48.158866461390325,abcd-ml,pasleep,scale,weekly,3,s012,41284804,60,out/abcd-ml_pasleep_scale_weekly_3_s012_41284804_60.pkl
1287,34.0,44.46275683623847,abcd-ml,pasleep,scale,weekly,3,s012,41284804,60,out/abcd-ml_pasleep_scale_weekly_3_s012_41284804_60.pkl
1288,52.0,47.97376223885232,abcd-ml,pasleep,scale,weekly,3,s012,41284804,60,out/abcd-ml_pasleep_scale_weekly_3_s012_41284804_60.pkl
1289,46.0,44.41146810610368,abcd-ml,pasleep,scale,weekly,3,s012,41284804,60,out/abcd-ml_pasleep_scale_weekly_3_s012_41284804_60.pkl
1290,52.0,48.05580293850068,abcd-ml,pasleep,scale,weekly,3,s012,41284804,60,out/abcd-ml_pasleep_scale_weekly_3_s012_41284804_60.pkl
1291,46.0,44.32044154846261,abcd-ml,pasleep,scale,weekly,3,s012,41284804,60,out/abcd-ml_pasleep_scale_weekly_3_s012_41284804_60.pkl
1292,52.0,48.122819888711504,abcd-ml,pasleep,scale,weekly,3,s012,41284804,60,out/abcd-ml_pasleep_scale_weekly_3_s012_41284804_60.pkl
1293,46.0,44.47261184032554,abcd-ml,pasleep,scale,weekly,3,s012,41284804,60,out/abcd-ml_pasleep_scale_weekly_3_s012_41284804_60.pkl
1294,52.0,47.64895112410285,abcd-ml,pasleep,scale,weekly,3,s012,41284804,60,out/abcd-ml_pasleep_scale_weekly_3_s012_41284804_60.pkl
1295,46.0,44.620189882666125,abcd-ml,pasleep,scale,weekly,3,s012,41284804,60,out/abcd-ml_pasleep_scale_weekly_3_s012_41284804_60.pkl
1296,52.0,47.90973047691603,abcd-ml,pasleep,scale,weekly,3,s012,41284804,60,out/abcd-ml_pasleep_scale_weekly_3_s012_41284804_60.pkl
1297,46.0,44.70922219705556,abcd-ml,pasleep,scale,weekly,3,s012,41284804,60,out/abcd-ml_pasleep_scale_weekly_3_s012_41284804_60.pkl
1298,52.0,47.843920548910404,abcd-ml,pasleep,scale,weekly,3,s012,41284804,60,out/abcd-ml_pasleep_scale_weekly_3_s012_41284804_60.pkl
1299,46.0,44.53547861411277,abcd-ml,pasleep,scale,weekly,3,s012,41284804,60,out/abcd-ml_pasleep_scale_weekly_3_s012_41284804_60.pkl
1300,52.0,48.05177400364812,abcd-ml,pasleep,scale,weekly,3,s012,41284804,60,out/abcd-ml_pasleep_scale_weekly_3_s012_41284804_60.pkl
1301,46.0,44.30467093020028,abcd-ml,pasleep,scale,weekly,3,s012,41284804,60,out/abcd-ml_pasleep_scale_weekly_3_s012_41284804_60.pkl
1302,48.0,49.04630961669219,abcd-ml,pasleep,scale,weekly,3,s012,41284804,60,out/abcd-ml_pasleep_scale_weekly_3_s012_41284804_60.pkl
1303,33.0,44.57986083385647,abcd-ml,pasleep,scale,weekly,3,s012,41284804,60,out/abcd-ml_pasleep_scale_weekly_3_s012_41284804_60.pkl
1304,48.0,48.95392649429586,abcd-ml,pasleep,scale,weekly,3,s012,41284804,60,out/abcd-ml_pasleep_scale_weekly_3_s012_41284804_60.pkl
1305,33.0,44.681796052770665,abcd-ml,pasleep,scale,weekly,3,s012,41284804,60,out/abcd-ml_pasleep_scale_weekly_3_s012_41284804_60.pkl
1306,48.0,49.15960486743917,abcd-ml,pasleep,scale,weekly,3,s012,41284804,60,out/abcd-ml_pasleep_scale_weekly_3_s012_41284804_60.pkl
1307,33.0,44.6961428196411,abcd-ml,pasleep,scale,weekly,3,s012,41284804,60,out/abcd-ml_pasleep_scale_weekly_3_s012_41284804_60.pkl
1308,48.0,48.37145537062882,abcd-ml,pasleep,scale,weekly,3,s012,41284804,60,out/abcd-ml_pasleep_scale_weekly_3_s012_41284804_60.pkl
1309,33.0,44.657516903315866,abcd-ml,pasleep,scale,weekly,3,s012,41284804,60,out/abcd-ml_pasleep_scale_weekly_3_s012_41284804_60.pkl
1310,48.0,46.64368177976408,abcd-ml,pasleep,scale,weekly,3,s012,41284804,60,out/abcd-ml_pasleep_scale_weekly_3_s012_41284804_60.pkl
1311,40.0,44.15179596191116,abcd-ml,pasleep,scale,weekly,3,s012,41284804,60,out/abcd-ml_pasleep_scale_weekly_3_s012_41284804_60.pkl
1312,48.0,46.67718844367559,abcd-ml,pasleep,scale,weekly,3,s012,41284804,60,out/abcd-ml_pasleep_scale_weekly_3_s012_41284804_60.pkl
1313,40.0,44.11495112414791,abcd-ml,pasleep,scale,weekly,3,s012,41284804,60,out/abcd-ml_pasleep_scale_weekly_3_s012_41284804_60.pkl
1314,48.0,46.028522890357586,abcd-ml,pasleep,scale,weekly,3,s012,41284804,60,out/abcd-ml_pasleep_scale_weekly_3_s012_41284804_60.pkl
1315,40.0,43.905508504499025,abcd-ml,pasleep,scale,weekly,3,s012,41284804,60,out/abcd-ml_pasleep_scale_weekly_3_s012_41284804_60.pkl
1316,48.0,45.84604334616712,abcd-ml,pasleep,scale,weekly,3,s012,41284804,60,out/abcd-ml_pasleep_scale_weekly_3_s012_41284804_60.pkl
1317,40.0,43.94598775789125,abcd-ml,pasleep,scale,weekly,3,s012,41284804,60,out/abcd-ml_pasleep_scale_weekly_3_s012_41284804_60.pkl
1318,48.0,45.86084231806668,abcd-ml,pasleep,scale,weekly,3,s012,41284804,60,out/abcd-ml_pasleep_scale_weekly_3_s012_41284804_60.pkl
1319,40.0,43.92983525444851,abcd-ml,pasleep,scale,weekly,3,s012,41284804,60,out/abcd-ml_pasleep_scale_weekly_3_s012_41284804_60.pkl
1320,54.0,47.85762294103268,abcd-ml,pasleep,scale,weekly,3,s012,41284804,60,out/abcd-ml_pasleep_scale_weekly_3_s012_41284804_60.pkl
1321,57.0,44.627592467249926,abcd-ml,pasleep,scale,weekly,3,s012,41284804,60,out/abcd-ml_pasleep_scale_weekly_3_s012_41284804_60.pkl
1322,54.0,48.006416993611836,abcd-ml,pasleep,scale,weekly,3,s012,41284804,60,out/abcd-ml_pasleep_scale_weekly_3_s012_41284804_60.pkl
1323,57.0,44.46369790971313,abcd-ml,pasleep,scale,weekly,3,s012,41284804,60,out/abcd-ml_pasleep_scale_weekly_3_s012_41284804_60.pkl
1324,54.0,47.9528692689409,abcd-ml,pasleep,scale,weekly,3,s012,41284804,60,out/abcd-ml_pasleep_scale_weekly_3_s012_41284804_60.pkl
1325,57.0,44.6907045153485,abcd-ml,pasleep,scale,weekly,3,s012,41284804,60,out/abcd-ml_pasleep_scale_weekly_3_s012_41284804_60.pkl
1326,54.0,48.1131729604745,abcd-ml,pasleep,scale,weekly,3,s012,41284804,60,out/abcd-ml_pasleep_scale_weekly_3_s012_41284804_60.pkl
1327,57.0,44.513990167700044,abcd-ml,pasleep,scale,weekly,3,s012,41284804,60,out/abcd-ml_pasleep_scale_weekly_3_s012_41284804_60.pkl
1328,54.0,48.18316066238998,abcd-ml,pasleep,scale,weekly,3,s012,41284804,60,out/abcd-ml_pasleep_scale_weekly_3_s012_41284804_60.pkl
1329,57.0,44.463342990004236,abcd-ml,pasleep,scale,weekly,3,s012,41284804,60,out/abcd-ml_pasleep_scale_weekly_3_s012_41284804_60.pkl
1330,54.0,48.072940717418625,abcd-ml,pasleep,scale,weekly,3,s012,41284804,60,out/abcd-ml_pasleep_scale_weekly_3_s012_41284804_60.pkl
1331,57.0,44.58448242022581,abcd-ml,pasleep,scale,weekly,3,s012,41284804,60,out/abcd-ml_pasleep_scale_weekly_3_s012_41284804_60.pkl
1332,57.0,47.95591896576698,abcd-ml,pasleep,scale,weekly,3,s012,41284804,60,out/abcd-ml_pasleep_scale_weekly_3_s012_41284804_60.pkl
1333,44.0,44.593916921447686,abcd-ml,pasleep,scale,weekly,3,s012,41284804,60,out/abcd-ml_pasleep_scale_weekly_3_s012_41284804_60.pkl
1334,57.0,47.58017584840397,abcd-ml,pasleep,scale,weekly,3,s012,41284804,60,out/abcd-ml_pasleep_scale_weekly_3_s012_41284804_60.pkl
1335,44.0,44.634893960965556,abcd-ml,pasleep,scale,weekly,3,s012,41284804,60,out/abcd-ml_pasleep_scale_weekly_3_s012_41284804_60.pkl
1336,57.0,47.74995055191237,abcd-ml,pasleep,scale,weekly,3,s012,41284804,60,out/abcd-ml_pasleep_scale_weekly_3_s012_41284804_60.pkl
1337,44.0,44.44743690489234,abcd-ml,pasleep,scale,weekly,3,s012,41284804,60,out/abcd-ml_pasleep_scale_weekly_3_s012_41284804_60.pkl
1338,57.0,47.507545919895705,abcd-ml,pasleep,scale,weekly,3,s012,41284804,60,out/abcd-ml_pasleep_scale_weekly_3_s012_41284804_60.pkl
1339,44.0,44.46964693501856,abcd-ml,pasleep,scale,weekly,3,s012,41284804,60,out/abcd-ml_pasleep_scale_weekly_3_s012_41284804_60.pkl
1340,57.0,47.66227413379385,abcd-ml,pasleep,scale,weekly,3,s012,41284804,60,out/abcd-ml_pasleep_scale_weekly_3_s012_41284804_60.pkl
1341,44.0,44.298858567230724,abcd-ml,pasleep,scale,weekly,3,s012,41284804,60,out/abcd-ml_pasleep_scale_weekly_3_s012_41284804_60.pkl
1342,48.0,48.1230781454084,abcd-ml,pasleep,scale,weekly,3,s012,41284804,60,out/abcd-ml_pasleep_scale_weekly_3_s012_41284804_60.pkl
1343,48.0,44.5730611528376,abcd-ml,pasleep,scale,weekly,3,s012,41284804,60,out/abcd-ml_pasleep_scale_weekly_3_s012_41284804_60.pkl
1344,48.0,48.138095786042584,abcd-ml,pasleep,scale,weekly,3,s012,41284804,60,out/abcd-ml_pasleep_scale_weekly_3_s012_41284804_60.pkl
1345,48.0,44.55651616766853,abcd-ml,pasleep,scale,weekly,3,s012,41284804,60,out/abcd-ml_pasleep_scale_weekly_3_s012_41284804_60.pkl
1346,48.0,47.642454541972896,abcd-ml,pasleep,scale,weekly,3,s012,41284804,60,out/abcd-ml_pasleep_scale_weekly_3_s012_41284804_60.pkl
1347,48.0,44.332599550719394,abcd-ml,pasleep,scale,weekly,3,s012,41284804,60,out/abcd-ml_pasleep_scale_weekly_3_s012_41284804_60.pkl
1348,48.0,47.49788170180237,abcd-ml,pasleep,scale,weekly,3,s012,41284804,60,out/abcd-ml_pasleep_scale_weekly_3_s012_41284804_60.pkl
1349,48.0,44.49322512712112,abcd-ml,pasleep,scale,weekly,3,s012,41284804,60,out/abcd-ml_pasleep_scale_weekly_3_s012_41284804_60.pkl
1350,48.0,45.922625515319965,abcd-ml,pasleep,scale,weekly,3,s012,41284804,60,out/abcd-ml_pasleep_scale_weekly_3_s012_41284804_60.pkl
1351,48.0,44.10897795453965,abcd-ml,pasleep,scale,weekly,3,s012,41284804,60,out/abcd-ml_pasleep_scale_weekly_3_s012_41284804_60.pkl
1352,48.0,46.0315662284181,abcd-ml,pasleep,scale,weekly,3,s012,41284804,60,out/abcd-ml_pasleep_scale_weekly_3_s012_41284804_60.pkl
1353,48.0,43.9880629142502,abcd-ml,pasleep,scale,weekly,3,s012,41284804,60,out/abcd-ml_pasleep_scale_weekly_3_s012_41284804_60.pkl
1354,43.0,46.45996842505051,abcd-ml,pasleep,scale,weekly,3,s012,41284804,60,out/abcd-ml_pasleep_scale_weekly_3_s012_41284804_60.pkl
1355,34.0,44.10350148412151,abcd-ml,pasleep,scale,weekly,3,s012,41284804,60,out/abcd-ml_pasleep_scale_weekly_3_s012_41284804_60.pkl
1356,43.0,46.62996342595477,abcd-ml,pasleep,scale,weekly,3,s012,41284804,60,out/abcd-ml_pasleep_scale_weekly_3_s012_41284804_60.pkl
1357,34.0,44.03761093347123,abcd-ml,pasleep,scale,weekly,3,s012,41284804,60,out/abcd-ml_pasleep_scale_weekly_3_s012_41284804_60.pkl
1358,43.0,47.305850880817715,abcd-ml,pasleep,scale,weekly,3,s012,41284804,60,out/abcd-ml_pasleep_scale_weekly_3_s012_41284804_60.pkl
1359,34.0,44.07507631684712,abcd-ml,pasleep,scale,weekly,3,s012,41284804,60,out/abcd-ml_pasleep_scale_weekly_3_s012_41284804_60.pkl
1360,56.0,47.646030824465946,abcd-ml,pasleep,scale,weekly,3,s012,41284804,60,out/abcd-ml_pasleep_scale_weekly_3_s012_41284804_60.pkl
1361,49.0,44.40938239254834,abcd-ml,pasleep,scale,weekly,3,s012,41284804,60,out/abcd-ml_pasleep_scale_weekly_3_s012_41284804_60.pkl
1362,56.0,47.67547729748499,abcd-ml,pasleep,scale,weekly,3,s012,41284804,60,out/abcd-ml_pasleep_scale_weekly_3_s012_41284804_60.pkl
1363,49.0,44.37696491640854,abcd-ml,pasleep,scale,weekly,3,s012,41284804,60,out/abcd-ml_pasleep_scale_weekly_3_s012_41284804_60.pkl
1364,56.0,47.26243981335063,abcd-ml,pasleep,scale,weekly,3,s012,41284804,60,out/abcd-ml_pasleep_scale_weekly_3_s012_41284804_60.pkl
1365,49.0,44.36223161916894,abcd-ml,pasleep,scale,weekly,3,s012,41284804,60,out/abcd-ml_pasleep_scale_weekly_3_s012_41284804_60.pkl
1366,56.0,47.24259377644579,abcd-ml,pasleep,scale,weekly,3,s012,41284804,60,out/abcd-ml_pasleep_scale_weekly_3_s012_41284804_60.pkl
1367,49.0,44.38450795524484,abcd-ml,pasleep,scale,weekly,3,s012,41284804,60,out/abcd-ml_pasleep_scale_weekly_3_s012_41284804_60.pkl
1368,56.0,47.91791691955868,abcd-ml,pasleep,scale,weekly,3,s012,41284804,60,out/abcd-ml_pasleep_scale_weekly_3_s012_41284804_60.pkl
1369,49.0,44.382798073081915,abcd-ml,pasleep,scale,weekly,3,s012,41284804,60,out/abcd-ml_pasleep_scale_weekly_3_s012_41284804_60.pkl
1370,34.0,47.07916063359765,abcd-ml,pasleep,scale,weekly,3,s012,41284804,60,out/abcd-ml_pasleep_scale_weekly_3_s012_41284804_60.pkl
1371,33.0,44.00875072954001,abcd-ml,pasleep,scale,weekly,3,s012,41284804,60,out/abcd-ml_pasleep_scale_weekly_3_s012_41284804_60.pkl
1372,34.0,47.59668647525335,abcd-ml,pasleep,scale,weekly,3,s012,41284804,60,out/abcd-ml_pasleep_scale_weekly_3_s012_41284804_60.pkl
1373,33.0,44.083260770734704,abcd-ml,pasleep,scale,weekly,3,s012,41284804,60,out/abcd-ml_pasleep_scale_weekly_3_s012_41284804_60.pkl
1374,34.0,47.50398476340047,abcd-ml,pasleep,scale,weekly,3,s012,41284804,60,out/abcd-ml_pasleep_scale_weekly_3_s012_41284804_60.pkl
1375,33.0,44.18531143343394,abcd-ml,pasleep,scale,weekly,3,s012,41284804,60,out/abcd-ml_pasleep_scale_weekly_3_s012_41284804_60.pkl
1376,34.0,47.385915092412695,abcd-ml,pasleep,scale,weekly,3,s012,41284804,60,out/abcd-ml_pasleep_scale_weekly_3_s012_41284804_60.pkl
1377,33.0,44.09709685249399,abcd-ml,pasleep,scale,weekly,3,s012,41284804,60,out/abcd-ml_pasleep_scale_weekly_3_s012_41284804_60.pkl
1378,56.0,48.14240934083773,abcd-ml,pasleep,scale,weekly,3,s012,41284804,60,out/abcd-ml_pasleep_scale_weekly_3_s012_41284804_60.pkl
1379,44.0,44.6116840080505,abcd-ml,pasleep,scale,weekly,3,s012,41284804,60,out/abcd-ml_pasleep_scale_weekly_3_s012_41284804_60.pkl
1380,56.0,48.04360456546868,abcd-ml,pasleep,scale,weekly,3,s012,41284804,60,out/abcd-ml_pasleep_scale_weekly_3_s012_41284804_60.pkl
1381,44.0,44.522738263310856,abcd-ml,pasleep,scale,weekly,3,s012,41284804,60,out/abcd-ml_pasleep_scale_weekly_3_s012_41284804_60.pkl
1382,56.0,48.01936559591034,abcd-ml,pasleep,scale,weekly,3,s012,41284804,60,out/abcd-ml_pasleep_scale_weekly_3_s012_41284804_60.pkl
1383,44.0,44.487739903202225,abcd-ml,pasleep,scale,weekly,3,s012,41284804,60,out/abcd-ml_pasleep_scale_weekly_3_s012_41284804_60.pkl
1384,33.0,48.604348959532416,abcd-ml,pasleep,scale,weekly,3,s012,41284804,60,out/abcd-ml_pasleep_scale_weekly_3_s012_41284804_60.pkl
1385,44.0,44.61284853742246,abcd-ml,pasleep,scale,weekly,3,s012,41284804,60,out/abcd-ml_pasleep_scale_weekly_3_s012_41284804_60.pkl
1386,33.0,48.576990889542344,abcd-ml,pasleep,scale,weekly,3,s012,41284804,60,out/abcd-ml_pasleep_scale_weekly_3_s012_41284804_60.pkl
1387,44.0,44.643035283537,abcd-ml,pasleep,scale,weekly,3,s012,41284804,60,out/abcd-ml_pasleep_scale_weekly_3_s012_41284804_60.pkl
1388,33.0,48.14458389193469,abcd-ml,pasleep,scale,weekly,3,s012,41284804,60,out/abcd-ml_pasleep_scale_weekly_3_s012_41284804_60.pkl
1389,44.0,44.49069006030393,abcd-ml,pasleep,scale,weekly,3,s012,41284804,60,out/abcd-ml_pasleep_scale_weekly_3_s012_41284804_60.pkl
1390,33.0,48.068803288474605,abcd-ml,pasleep,scale,weekly,3,s012,41284804,60,out/abcd-ml_pasleep_scale_weekly_3_s012_41284804_60.pkl
1391,44.0,44.575102483281015,abcd-ml,pasleep,scale,weekly,3,s012,41284804,60,out/abcd-ml_pasleep_scale_weekly_3_s012_41284804_60.pkl
1392,33.0,47.235266093530676,abcd-ml,pasleep,scale,weekly,3,s012,41284804,60,out/abcd-ml_pasleep_scale_weekly_3_s012_41284804_60.pkl
1393,44.0,44.10211909707078,abcd-ml,pasleep,scale,weekly,3,s012,41284804,60,out/abcd-ml_pasleep_scale_weekly_3_s012_41284804_60.pkl
1394,33.0,47.188233733737185,abcd-ml,pasleep,scale,weekly,3,s012,41284804,60,out/abcd-ml_pasleep_scale_weekly_3_s012_41284804_60.pkl
1395,44.0,44.154059012084325,abcd-ml,pasleep,scale,weekly,3,s012,41284804,60,out/abcd-ml_pasleep_scale_weekly_3_s012_41284804_60.pkl
1396,59.0,47.46567248611184,abcd-ml,pasleep,scale,weekly,3,s012,41284804,60,out/abcd-ml_pasleep_scale_weekly_3_s012_41284804_60.pkl
1397,48.0,44.3821125620088,abcd-ml,pasleep,scale,weekly,3,s012,41284804,60,out/abcd-ml_pasleep_scale_weekly_3_s012_41284804_60.pkl
1398,59.0,47.54900758748459,abcd-ml,pasleep,scale,weekly,3,s012,41284804,60,out/abcd-ml_pasleep_scale_weekly_3_s012_41284804_60.pkl
1399,48.0,44.290022165585555,abcd-ml,pasleep,scale,weekly,3,s012,41284804,60,out/abcd-ml_pasleep_scale_weekly_3_s012_41284804_60.pkl
1400,59.0,47.29852526549572,abcd-ml,pasleep,scale,weekly,3,s012,41284804,60,out/abcd-ml_pasleep_scale_weekly_3_s012_41284804_60.pkl
1401,48.0,44.25939082906659,abcd-ml,pasleep,scale,weekly,3,s012,41284804,60,out/abcd-ml_pasleep_scale_weekly_3_s012_41284804_60.pkl
1402,59.0,47.194906890126845,abcd-ml,pasleep,scale,weekly,3,s012,41284804,60,out/abcd-ml_pasleep_scale_weekly_3_s012_41284804_60.pkl
1403,48.0,44.37405077522277,abcd-ml,pasleep,scale,weekly,3,s012,41284804,60,out/abcd-ml_pasleep_scale_weekly_3_s012_41284804_60.pkl
1404,59.0,46.70703402391471,abcd-ml,pasleep,scale,weekly,3,s012,41284804,60,out/abcd-ml_pasleep_scale_weekly_3_s012_41284804_60.pkl
1405,48.0,44.293195605571924,abcd-ml,pasleep,scale,weekly,3,s012,41284804,60,out/abcd-ml_pasleep_scale_weekly_3_s012_41284804_60.pkl
1406,59.0,46.810823708958914,abcd-ml,pasleep,scale,weekly,3,s012,41284804,60,out/abcd-ml_pasleep_scale_weekly_3_s012_41284804_60.pkl
1407,48.0,44.17831632890457,abcd-ml,pasleep,scale,weekly,3,s012,41284804,60,out/abcd-ml_pasleep_scale_weekly_3_s012_41284804_60.pkl
1408,40.0,48.115278841882684,abcd-ml,pasleep,scale,weekly,3,s012,41284804,60,out/abcd-ml_pasleep_scale_weekly_3_s012_41284804_60.pkl
1409,34.0,44.660045176251046,abcd-ml,pasleep,scale,weekly,3,s012,41284804,60,out/abcd-ml_pasleep_scale_weekly_3_s012_41284804_60.pkl
1410,40.0,48.25400124579926,abcd-ml,pasleep,scale,weekly,3,s012,41284804,60,out/abcd-ml_pasleep_scale_weekly_3_s012_41284804_60.pkl
1411,34.0,44.506877621289206,abcd-ml,pasleep,scale,weekly,3,s012,41284804,60,out/abcd-ml_pasleep_scale_weekly_3_s012_41284804_60.pkl
1412,40.0,48.27390216702044,abcd-ml,pasleep,scale,weekly,3,s012,41284804,60,out/abcd-ml_pasleep_scale_weekly_3_s012_41284804_60.pkl
1413,34.0,44.48157970411194,abcd-ml,pasleep,scale,weekly,3,s012,41284804,60,out/abcd-ml_pasleep_scale_weekly_3_s012_41284804_60.pkl
1414,40.0,48.037904143605836,abcd-ml,pasleep,scale,weekly,3,s012,41284804,60,out/abcd-ml_pasleep_scale_weekly_3_s012_41284804_60.pkl
1415,34.0,44.742809199796866,abcd-ml,pasleep,scale,weekly,3,s012,41284804,60,out/abcd-ml_pasleep_scale_weekly_3_s012_41284804_60.pkl
1416,40.0,48.47002431371165,abcd-ml,pasleep,scale,weekly,3,s012,41284804,60,out/abcd-ml_pasleep_scale_weekly_3_s012_41284804_60.pkl
1417,34.0,44.63625562827042,abcd-ml,pasleep,scale,weekly,3,s012,41284804,60,out/abcd-ml_pasleep_scale_weekly_3_s012_41284804_60.pkl
1418,40.0,48.356343503992726,abcd-ml,pasleep,scale,weekly,3,s012,41284804,60,out/abcd-ml_pasleep_scale_weekly_3_s012_41284804_60.pkl
1419,34.0,44.761690610770174,abcd-ml,pasleep,scale,weekly,3,s012,41284804,60,out/abcd-ml_pasleep_scale_weekly_3_s012_41284804_60.pkl
1420,33.0,47.661306253187846,abcd-ml,pasleep,scale,weekly,3,s012,41284804,60,out/abcd-ml_pasleep_scale_weekly_3_s012_41284804_60.pkl
1421,34.0,44.50188610460644,abcd-ml,pasleep,scale,weekly,3,s012,41284804,60,out/abcd-ml_pasleep_scale_weekly_3_s012_41284804_60.pkl
1422,33.0,47.78360465577123,abcd-ml,pasleep,scale,weekly,3,s012,41284804,60,out/abcd-ml_pasleep_scale_weekly_3_s012_41284804_60.pkl
1423,34.0,44.367280025051386,abcd-ml,pasleep,scale,weekly,3,s012,41284804,60,out/abcd-ml_pasleep_scale_weekly_3_s012_41284804_60.pkl
1424,33.0,48.17037929833819,abcd-ml,pasleep,scale,weekly,3,s012,41284804,60,out/abcd-ml_pasleep_scale_weekly_3_s012_41284804_60.pkl
1425,34.0,44.393679659111186,abcd-ml,pasleep,scale,weekly,3,s012,41284804,60,out/abcd-ml_pasleep_scale_weekly_3_s012_41284804_60.pkl
1426,33.0,48.03549956150965,abcd-ml,pasleep,scale,weekly,3,s012,41284804,60,out/abcd-ml_pasleep_scale_weekly_3_s012_41284804_60.pkl
1427,34.0,44.54230013213568,abcd-ml,pasleep,scale,weekly,3,s012,41284804,60,out/abcd-ml_pasleep_scale_weekly_3_s012_41284804_60.pkl
1428,33.0,48.11597005030042,abcd-ml,pasleep,scale,weekly,3,s012,41284804,60,out/abcd-ml_pasleep_scale_weekly_3_s012_41284804_60.pkl
1429,34.0,44.520131975025734,abcd-ml,pasleep,scale,weekly,3,s012,41284804,60,out/abcd-ml_pasleep_scale_weekly_3_s012_41284804_60.pkl
1430,33.0,47.799670890012905,abcd-ml,pasleep,scale,weekly,3,s012,41284804,60,out/abcd-ml_pasleep_scale_weekly_3_s012_41284804_60.pkl
1431,34.0,44.87025565777067,abcd-ml,pasleep,scale,weekly,3,s012,41284804,60,out/abcd-ml_pasleep_scale_weekly_3_s012_41284804_60.pkl
1432,52.0,48.05001575889629,abcd-ml,pasleep,scale,weekly,3,s012,41284804,60,out/abcd-ml_pasleep_scale_weekly_3_s012_41284804_60.pkl
1433,34.0,44.395970590817655,abcd-ml,pasleep,scale,weekly,3,s012,41284804,60,out/abcd-ml_pasleep_scale_weekly_3_s012_41284804_60.pkl
1434,52.0,48.009161703010875,abcd-ml,pasleep,scale,weekly,3,s012,41284804,60,out/abcd-ml_pasleep_scale_weekly_3_s012_41284804_60.pkl
1435,34.0,44.440692908541266,abcd-ml,pasleep,scale,weekly,3,s012,41284804,60,out/abcd-ml_pasleep_scale_weekly_3_s012_41284804_60.pkl
1436,52.0,48.44591992530273,abcd-ml,pasleep,scale,weekly,3,s012,41284804,60,out/abcd-ml_pasleep_scale_weekly_3_s012_41284804_60.pkl
1437,34.0,44.15111906027799,abcd-ml,pasleep,scale,weekly,3,s012,41284804,60,out/abcd-ml_pasleep_scale_weekly_3_s012_41284804_60.pkl
1438,52.0,48.22692552301367,abcd-ml,pasleep,scale,weekly,3,s012,41284804,60,out/abcd-ml_pasleep_scale_weekly_3_s012_41284804_60.pkl
1439,34.0,44.39361472803536,abcd-ml,pasleep,scale,weekly,3,s012,41284804,60,out/abcd-ml_pasleep_scale_weekly_3_s012_41284804_60.pkl
1440,52.0,48.291021142750665,abcd-ml,pasleep,scale,weekly,3,s012,41284804,60,out/abcd-ml_pasleep_scale_weekly_3_s012_41284804_60.pkl
1441,34.0,44.43177025898291,abcd-ml,pasleep,scale,weekly,3,s012,41284804,60,out/abcd-ml_pasleep_scale_weekly_3_s012_41284804_60.pkl
1442,52.0,48.41436242637735,abcd-ml,pasleep,scale,weekly,3,s012,41284804,60,out/abcd-ml_pasleep_scale_weekly_3_s012_41284804_60.pkl
1443,34.0,44.29554465228557,abcd-ml,pasleep,scale,weekly,3,s012,41284804,60,out/abcd-ml_pasleep_scale_weekly_3_s012_41284804_60.pkl
1444,34.0,47.22999399554847,abcd-ml,pasleep,scale,weekly,3,s012,41284804,60,out/abcd-ml_pasleep_scale_weekly_3_s012_41284804_60.pkl
1445,43.0,44.0025399758363,abcd-ml,pasleep,scale,weekly,3,s012,41284804,60,out/abcd-ml_pasleep_scale_weekly_3_s012_41284804_60.pkl
1446,34.0,47.120717897070584,abcd-ml,pasleep,scale,weekly,3,s012,41284804,60,out/abcd-ml_pasleep_scale_weekly_3_s012_41284804_60.pkl
1447,43.0,44.12347827573208,abcd-ml,pasleep,scale,weekly,3,s012,41284804,60,out/abcd-ml_pasleep_scale_weekly_3_s012_41284804_60.pkl
1448,34.0,46.96818933595536,abcd-ml,pasleep,scale,weekly,3,s012,41284804,60,out/abcd-ml_pasleep_scale_weekly_3_s012_41284804_60.pkl
1449,43.0,43.922779304201576,abcd-ml,pasleep,scale,weekly,3,s012,41284804,60,out/abcd-ml_pasleep_scale_weekly_3_s012_41284804_60.pkl
1450,34.0,47.13682973151725,abcd-ml,pasleep,scale,weekly,3,s012,41284804,60,out/abcd-ml_pasleep_scale_weekly_3_s012_41284804_60.pkl
1451,43.0,43.9444088905484,abcd-ml,pasleep,scale,weekly,3,s012,41284804,60,out/abcd-ml_pasleep_scale_weekly_3_s012_41284804_60.pkl
1452,34.0,47.046883517043256,abcd-ml,pasleep,scale,weekly,3,s012,41284804,60,out/abcd-ml_pasleep_scale_weekly_3_s012_41284804_60.pkl
1453,43.0,44.04380281001745,abcd-ml,pasleep,scale,weekly,3,s012,41284804,60,out/abcd-ml_pasleep_scale_weekly_3_s012_41284804_60.pkl
1454,52.0,47.697665036766004,abcd-ml,pasleep,scale,weekly,3,s012,41284804,60,out/abcd-ml_pasleep_scale_weekly_3_s012_41284804_60.pkl
1455,56.0,44.38361623505607,abcd-ml,pasleep,scale,weekly,3,s012,41284804,60,out/abcd-ml_pasleep_scale_weekly_3_s012_41284804_60.pkl
1456,52.0,47.79215718527698,abcd-ml,pasleep,scale,weekly,3,s012,41284804,60,out/abcd-ml_pasleep_scale_weekly_3_s012_41284804_60.pkl
1457,56.0,44.27996229480199,abcd-ml,pasleep,scale,weekly,3,s012,41284804,60,out/abcd-ml_pasleep_scale_weekly_3_s012_41284804_60.pkl
1458,52.0,47.57016528111811,abcd-ml,pasleep,scale,weekly,3,s012,41284804,60,out/abcd-ml_pasleep_scale_weekly_3_s012_41284804_60.pkl
1459,56.0,44.54767645293445,abcd-ml,pasleep,scale,weekly,3,s012,41284804,60,out/abcd-ml_pasleep_scale_weekly_3_s012_41284804_60.pkl
1460,52.0,47.51395210760875,abcd-ml,pasleep,scale,weekly,3,s012,41284804,60,out/abcd-ml_pasleep_scale_weekly_3_s012_41284804_60.pkl
1461,56.0,44.54829866907094,abcd-ml,pasleep,scale,weekly,3,s012,41284804,60,out/abcd-ml_pasleep_scale_weekly_3_s012_41284804_60.pkl
1462,52.0,47.729205552319854,abcd-ml,pasleep,scale,weekly,3,s012,41284804,60,out/abcd-ml_pasleep_scale_weekly_3_s012_41284804_60.pkl
1463,56.0,44.31046872331831,abcd-ml,pasleep,scale,weekly,3,s012,41284804,60,out/abcd-ml_pasleep_scale_weekly_3_s012_41284804_60.pkl
1464,52.0,47.22226860558699,abcd-ml,pasleep,scale,weekly,3,s012,41284804,60,out/abcd-ml_pasleep_scale_weekly_3_s012_41284804_60.pkl
1465,48.0,44.806119737404444,abcd-ml,pasleep,scale,weekly,3,s012,41284804,60,out/abcd-ml_pasleep_scale_weekly_3_s012_41284804_60.pkl
1466,52.0,47.61010863882929,abcd-ml,pasleep,scale,weekly,3,s012,41284804,60,out/abcd-ml_pasleep_scale_weekly_3_s012_41284804_60.pkl
1467,48.0,44.3767201177945,abcd-ml,pasleep,scale,weekly,3,s012,41284804,60,out/abcd-ml_pasleep_scale_weekly_3_s012_41284804_60.pkl
1468,52.0,47.43012117769375,abcd-ml,pasleep,scale,weekly,3,s012,41284804,60,out/abcd-ml_pasleep_scale_weekly_3_s012_41284804_60.pkl
1469,48.0,44.59740957246058,abcd-ml,pasleep,scale,weekly,3,s012,41284804,60,out/abcd-ml_pasleep_scale_weekly_3_s012_41284804_60.pkl
1470,52.0,47.65179963252213,abcd-ml,pasleep,scale,weekly,3,s012,41284804,60,out/abcd-ml_pasleep_scale_weekly_3_s012_41284804_60.pkl
1471,48.0,44.35246406977954,abcd-ml,pasleep,scale,weekly,3,s012,41284804,60,out/abcd-ml_pasleep_scale_weekly_3_s012_41284804_60.pkl
1472,52.0,47.717211234755645,abcd-ml,pasleep,scale,weekly,3,s012,41284804,60,out/abcd-ml_pasleep_scale_weekly_3_s012_41284804_60.pkl
1473,48.0,44.4084624463182,abcd-ml,pasleep,scale,weekly,3,s012,41284804,60,out/abcd-ml_pasleep_scale_weekly_3_s012_41284804_60.pkl
1474,52.0,47.826786106165045,abcd-ml,pasleep,scale,weekly,3,s012,41284804,60,out/abcd-ml_pasleep_scale_weekly_3_s012_41284804_60.pkl
1475,48.0,44.28796447567717,abcd-ml,pasleep,scale,weekly,3,s012,41284804,60,out/abcd-ml_pasleep_scale_weekly_3_s012_41284804_60.pkl
1476,33.0,47.576508347582866,abcd-ml,pasleep,scale,weekly,3,s012,41284804,60,out/abcd-ml_pasleep_scale_weekly_3_s012_41284804_60.pkl
1477,44.0,44.504294726828725,abcd-ml,pasleep,scale,weekly,3,s012,41284804,60,out/abcd-ml_pasleep_scale_weekly_3_s012_41284804_60.pkl
1478,33.0,47.68059290787558,abcd-ml,pasleep,scale,weekly,3,s012,41284804,60,out/abcd-ml_pasleep_scale_weekly_3_s012_41284804_60.pkl
1479,44.0,44.389524671156636,abcd-ml,pasleep,scale,weekly,3,s012,41284804,60,out/abcd-ml_pasleep_scale_weekly_3_s012_41284804_60.pkl
1480,33.0,47.388960726604935,abcd-ml,pasleep,scale,weekly,3,s012,41284804,60,out/abcd-ml_pasleep_scale_weekly_3_s012_41284804_60.pkl
1481,44.0,44.29541622572458,abcd-ml,pasleep,scale,weekly,3,s012,41284804,60,out/abcd-ml_pasleep_scale_weekly_3_s012_41284804_60.pkl
1482,33.0,47.11879011589516,abcd-ml,pasleep,scale,weekly,3,s012,41284804,60,out/abcd-ml_pasleep_scale_weekly_3_s012_41284804_60.pkl
1483,44.0,44.59466489659519,abcd-ml,pasleep,scale,weekly,3,s012,41284804,60,out/abcd-ml_pasleep_scale_weekly_3_s012_41284804_60.pkl
1484,33.0,48.132571557928095,abcd-ml,pasleep,scale,weekly,3,s012,41284804,60,out/abcd-ml_pasleep_scale_weekly_3_s012_41284804_60.pkl
1485,44.0,44.56443848644262,abcd-ml,pasleep,scale,weekly,3,s012,41284804,60,out/abcd-ml_pasleep_scale_weekly_3_s012_41284804_60.pkl
1486,33.0,48.12775088867736,abcd-ml,pasleep,scale,weekly,3,s012,41284804,60,out/abcd-ml_pasleep_scale_weekly_3_s012_41284804_60.pkl
1487,44.0,44.57052084721413,abcd-ml,pasleep,scale,weekly,3,s012,41284804,60,out/abcd-ml_pasleep_scale_weekly_3_s012_41284804_60.pkl
1488,34.0,47.254310135059846,abcd-ml,pasleep,scale,weekly,3,s012,41284804,60,out/abcd-ml_pasleep_scale_weekly_3_s012_41284804_60.pkl
1489,43.0,44.76430930676208,abcd-ml,pasleep,scale,weekly,3,s012,41284804,60,out/abcd-ml_pasleep_scale_weekly_3_s012_41284804_60.pkl
1490,34.0,47.558550276757586,abcd-ml,pasleep,scale,weekly,3,s012,41284804,60,out/abcd-ml_pasleep_scale_weekly_3_s012_41284804_60.pkl
1491,43.0,44.71923816661822,abcd-ml,pasleep,scale,weekly,3,s012,41284804,60,out/abcd-ml_pasleep_scale_weekly_3_s012_41284804_60.pkl
1492,34.0,47.55780039420058,abcd-ml,pasleep,scale,weekly,3,s012,41284804,60,out/abcd-ml_pasleep_scale_weekly_3_s012_41284804_60.pkl
1493,43.0,44.42865066607997,abcd-ml,pasleep,scale,weekly,3,s012,41284804,60,out/abcd-ml_pasleep_scale_weekly_3_s012_41284804_60.pkl
1494,34.0,47.31905666556123,abcd-ml,pasleep,scale,weekly,3,s012,41284804,60,out/abcd-ml_pasleep_scale_weekly_3_s012_41284804_60.pkl
1495,43.0,44.266360164686446,abcd-ml,pasleep,scale,weekly,3,s012,41284804,60,out/abcd-ml_pasleep_scale_weekly_3_s012_41284804_60.pkl
1496,40.0,47.26968332607715,abcd-ml,pasleep,scale,weekly,3,s012,41284804,60,out/abcd-ml_pasleep_scale_weekly_3_s012_41284804_60.pkl
1497,40.0,44.12461288718855,abcd-ml,pasleep,scale,weekly,3,s012,41284804,60,out/abcd-ml_pasleep_scale_weekly_3_s012_41284804_60.pkl
1498,40.0,47.18859496084172,abcd-ml,pasleep,scale,weekly,3,s012,41284804,60,out/abcd-ml_pasleep_scale_weekly_3_s012_41284804_60.pkl
1499,40.0,44.2143848926788,abcd-ml,pasleep,scale,weekly,3,s012,41284804,60,out/abcd-ml_pasleep_scale_weekly_3_s012_41284804_60.pkl
1500,40.0,47.54289519948661,abcd-ml,pasleep,scale,weekly,3,s012,41284804,60,out/abcd-ml_pasleep_scale_weekly_3_s012_41284804_60.pkl
1501,40.0,44.096439343533795,abcd-ml,pasleep,scale,weekly,3,s012,41284804,60,out/abcd-ml_pasleep_scale_weekly_3_s012_41284804_60.pkl
1502,40.0,47.695435031516325,abcd-ml,pasleep,scale,weekly,3,s012,41284804,60,out/abcd-ml_pasleep_scale_weekly_3_s012_41284804_60.pkl
1503,40.0,44.16355687269515,abcd-ml,pasleep,scale,weekly,3,s012,41284804,60,out/abcd-ml_pasleep_scale_weekly_3_s012_41284804_60.pkl
1504,39.0,48.32986396101289,abcd-ml,pasleep,scale,weekly,3,s012,41284804,60,out/abcd-ml_pasleep_scale_weekly_3_s012_41284804_60.pkl
1505,34.0,44.52719644632651,abcd-ml,pasleep,scale,weekly,3,s012,41284804,60,out/abcd-ml_pasleep_scale_weekly_3_s012_41284804_60.pkl
1506,39.0,48.36043704623846,abcd-ml,pasleep,scale,weekly,3,s012,41284804,60,out/abcd-ml_pasleep_scale_weekly_3_s012_41284804_60.pkl
1507,34.0,44.49398317597894,abcd-ml,pasleep,scale,weekly,3,s012,41284804,60,out/abcd-ml_pasleep_scale_weekly_3_s012_41284804_60.pkl
1508,39.0,48.32675916589265,abcd-ml,pasleep,scale,weekly,3,s012,41284804,60,out/abcd-ml_pasleep_scale_weekly_3_s012_41284804_60.pkl
1509,34.0,44.55767492455303,abcd-ml,pasleep,scale,weekly,3,s012,41284804,60,out/abcd-ml_pasleep_scale_weekly_3_s012_41284804_60.pkl
1510,39.0,48.06974502143677,abcd-ml,pasleep,scale,weekly,3,s012,41284804,60,out/abcd-ml_pasleep_scale_weekly_3_s012_41284804_60.pkl
1511,34.0,44.84239180895071,abcd-ml,pasleep,scale,weekly,3,s012,41284804,60,out/abcd-ml_pasleep_scale_weekly_3_s012_41284804_60.pkl
1512,39.0,48.58262901574389,abcd-ml,pasleep,scale,weekly,3,s012,41284804,60,out/abcd-ml_pasleep_scale_weekly_3_s012_41284804_60.pkl
1513,34.0,44.617226766758414,abcd-ml,pasleep,scale,weekly,3,s012,41284804,60,out/abcd-ml_pasleep_scale_weekly_3_s012_41284804_60.pkl
1514,64.0,48.009294391060784,abcd-ml,pasleep,scale,weekly,3,s012,41284804,60,out/abcd-ml_pasleep_scale_weekly_3_s012_41284804_60.pkl
1515,66.0,44.23333571973812,abcd-ml,pasleep,scale,weekly,3,s012,41284804,60,out/abcd-ml_pasleep_scale_weekly_3_s012_41284804_60.pkl
1516,64.0,47.36310088193132,abcd-ml,pasleep,scale,weekly,3,s012,41284804,60,out/abcd-ml_pasleep_scale_weekly_3_s012_41284804_60.pkl
1517,66.0,43.76455000371844,abcd-ml,pasleep,scale,weekly,3,s012,41284804,60,out/abcd-ml_pasleep_scale_weekly_3_s012_41284804_60.pkl
1518,64.0,47.10135629034568,abcd-ml,pasleep,scale,weekly,3,s012,41284804,60,out/abcd-ml_pasleep_scale_weekly_3_s012_41284804_60.pkl
1519,66.0,44.05403868978796,abcd-ml,pasleep,scale,weekly,3,s012,41284804,60,out/abcd-ml_pasleep_scale_weekly_3_s012_41284804_60.pkl
1520,64.0,47.73226320331802,abcd-ml,pasleep,scale,weekly,3,s012,41284804,60,out/abcd-ml_pasleep_scale_weekly_3_s012_41284804_60.pkl
1521,66.0,44.31620160466125,abcd-ml,pasleep,scale,weekly,3,s012,41284804,60,out/abcd-ml_pasleep_scale_weekly_3_s012_41284804_60.pkl
1522,64.0,47.69061371596796,abcd-ml,pasleep,scale,weekly,3,s012,41284804,60,out/abcd-ml_pasleep_scale_weekly_3_s012_41284804_60.pkl
1523,66.0,44.363657730412314,abcd-ml,pasleep,scale,weekly,3,s012,41284804,60,out/abcd-ml_pasleep_scale_weekly_3_s012_41284804_60.pkl
1524,39.0,48.175330058130086,abcd-ml,pasleep,scale,weekly,3,s012,41284804,60,out/abcd-ml_pasleep_scale_weekly_3_s012_41284804_60.pkl
1525,34.0,44.74828037832937,abcd-ml,pasleep,scale,weekly,3,s012,41284804,60,out/abcd-ml_pasleep_scale_weekly_3_s012_41284804_60.pkl
1526,39.0,48.37121333314463,abcd-ml,pasleep,scale,weekly,3,s012,41284804,60,out/abcd-ml_pasleep_scale_weekly_3_s012_41284804_60.pkl
1527,34.0,44.53181904185741,abcd-ml,pasleep,scale,weekly,3,s012,41284804,60,out/abcd-ml_pasleep_scale_weekly_3_s012_41284804_60.pkl
1528,39.0,48.35658300374935,abcd-ml,pasleep,scale,weekly,3,s012,41284804,60,out/abcd-ml_pasleep_scale_weekly_3_s012_41284804_60.pkl
1529,34.0,44.549377413834996,abcd-ml,pasleep,scale,weekly,3,s012,41284804,60,out/abcd-ml_pasleep_scale_weekly_3_s012_41284804_60.pkl
1530,39.0,48.2265738397647,abcd-ml,pasleep,scale,weekly,3,s012,41284804,60,out/abcd-ml_pasleep_scale_weekly_3_s012_41284804_60.pkl
1531,34.0,44.6927322115755,abcd-ml,pasleep,scale,weekly,3,s012,41284804,60,out/abcd-ml_pasleep_scale_weekly_3_s012_41284804_60.pkl
1532,39.0,48.344137354594615,abcd-ml,pasleep,scale,weekly,3,s012,41284804,60,out/abcd-ml_pasleep_scale_weekly_3_s012_41284804_60.pkl
1533,34.0,44.69838982346833,abcd-ml,pasleep,scale,weekly,3,s012,41284804,60,out/abcd-ml_pasleep_scale_weekly_3_s012_41284804_60.pkl
1534,39.0,48.470966771129284,abcd-ml,pasleep,scale,weekly,3,s012,41284804,60,out/abcd-ml_pasleep_scale_weekly_3_s012_41284804_60.pkl
1535,34.0,44.55852708080677,abcd-ml,pasleep,scale,weekly,3,s012,41284804,60,out/abcd-ml_pasleep_scale_weekly_3_s012_41284804_60.pkl
1536,50.0,46.74435813128155,abcd-ml,pasleep,scale,weekly,3,s012,41284804,60,out/abcd-ml_pasleep_scale_weekly_3_s012_41284804_60.pkl
1537,53.0,44.29309610837714,abcd-ml,pasleep,scale,weekly,3,s012,41284804,60,out/abcd-ml_pasleep_scale_weekly_3_s012_41284804_60.pkl
1538,50.0,46.880062835662244,abcd-ml,pasleep,scale,weekly,3,s012,41284804,60,out/abcd-ml_pasleep_scale_weekly_3_s012_41284804_60.pkl
1539,53.0,44.14314465312111,abcd-ml,pasleep,scale,weekly,3,s012,41284804,60,out/abcd-ml_pasleep_scale_weekly_3_s012_41284804_60.pkl
1540,50.0,47.73232267978125,abcd-ml,pasleep,scale,weekly,3,s012,41284804,60,out/abcd-ml_pasleep_scale_weekly_3_s012_41284804_60.pkl
1541,53.0,44.697508126066985,abcd-ml,pasleep,scale,weekly,3,s012,41284804,60,out/abcd-ml_pasleep_scale_weekly_3_s012_41284804_60.pkl
1542,50.0,47.619509699603796,abcd-ml,pasleep,scale,weekly,3,s012,41284804,60,out/abcd-ml_pasleep_scale_weekly_3_s012_41284804_60.pkl
1543,53.0,44.652183558402584,abcd-ml,pasleep,scale,weekly,3,s012,41284804,60,out/abcd-ml_pasleep_scale_weekly_3_s012_41284804_60.pkl
1544,39.0,47.92743286602041,abcd-ml,pasleep,scale,weekly,3,s012,41284804,60,out/abcd-ml_pasleep_scale_weekly_3_s012_41284804_60.pkl
1545,54.0,44.54775654250196,abcd-ml,pasleep,scale,weekly,3,s012,41284804,60,out/abcd-ml_pasleep_scale_weekly_3_s012_41284804_60.pkl
1546,39.0,48.03756969537812,abcd-ml,pasleep,scale,weekly,3,s012,41284804,60,out/abcd-ml_pasleep_scale_weekly_3_s012_41284804_60.pkl
1547,54.0,44.42640840211615,abcd-ml,pasleep,scale,weekly,3,s012,41284804,60,out/abcd-ml_pasleep_scale_weekly_3_s012_41284804_60.pkl
1548,39.0,48.67726637613331,abcd-ml,pasleep,scale,weekly,3,s012,41284804,60,out/abcd-ml_pasleep_scale_weekly_3_s012_41284804_60.pkl
1549,54.0,44.65401390086636,abcd-ml,pasleep,scale,weekly,3,s012,41284804,60,out/abcd-ml_pasleep_scale_weekly_3_s012_41284804_60.pkl
1550,39.0,48.410637916262225,abcd-ml,pasleep,scale,weekly,3,s012,41284804,60,out/abcd-ml_pasleep_scale_weekly_3_s012_41284804_60.pkl
1551,54.0,44.94918952392569,abcd-ml,pasleep,scale,weekly,3,s012,41284804,60,out/abcd-ml_pasleep_scale_weekly_3_s012_41284804_60.pkl
1552,39.0,48.26915327598722,abcd-ml,pasleep,scale,weekly,3,s012,41284804,60,out/abcd-ml_pasleep_scale_weekly_3_s012_41284804_60.pkl
1553,54.0,44.474342576755255,abcd-ml,pasleep,scale,weekly,3,s012,41284804,60,out/abcd-ml_pasleep_scale_weekly_3_s012_41284804_60.pkl
1554,39.0,48.298766599950845,abcd-ml,pasleep,scale,weekly,3,s012,41284804,60,out/abcd-ml_pasleep_scale_weekly_3_s012_41284804_60.pkl
1555,54.0,44.44232580720986,abcd-ml,pasleep,scale,weekly,3,s012,41284804,60,out/abcd-ml_pasleep_scale_weekly_3_s012_41284804_60.pkl
1556,70.0,48.67292330867008,abcd-ml,pasleep,scale,weekly,3,s012,41284804,60,out/abcd-ml_pasleep_scale_weekly_3_s012_41284804_60.pkl
1557,44.0,44.333898451134395,abcd-ml,pasleep,scale,weekly,3,s012,41284804,60,out/abcd-ml_pasleep_scale_weekly_3_s012_41284804_60.pkl
1558,70.0,48.48520555451916,abcd-ml,pasleep,scale,weekly,3,s012,41284804,60,out/abcd-ml_pasleep_scale_weekly_3_s012_41284804_60.pkl
1559,44.0,44.54129305030348,abcd-ml,pasleep,scale,weekly,3,s012,41284804,60,out/abcd-ml_pasleep_scale_weekly_3_s012_41284804_60.pkl
1560,70.0,48.46278426686534,abcd-ml,pasleep,scale,weekly,3,s012,41284804,60,out/abcd-ml_pasleep_scale_weekly_3_s012_41284804_60.pkl
1561,44.0,44.36385974696745,abcd-ml,pasleep,scale,weekly,3,s012,41284804,60,out/abcd-ml_pasleep_scale_weekly_3_s012_41284804_60.pkl
1562,70.0,48.3602805955152,abcd-ml,pasleep,scale,weekly,3,s012,41284804,60,out/abcd-ml_pasleep_scale_weekly_3_s012_41284804_60.pkl
1563,44.0,44.47659856608108,abcd-ml,pasleep,scale,weekly,3,s012,41284804,60,out/abcd-ml_pasleep_scale_weekly_3_s012_41284804_60.pkl
1564,70.0,48.5324690010248,abcd-ml,pasleep,scale,weekly,3,s012,41284804,60,out/abcd-ml_pasleep_scale_weekly_3_s012_41284804_60.pkl
1565,44.0,44.306920847515094,abcd-ml,pasleep,scale,weekly,3,s012,41284804,60,out/abcd-ml_pasleep_scale_weekly_3_s012_41284804_60.pkl
1566,70.0,48.35632577512534,abcd-ml,pasleep,scale,weekly,3,s012,41284804,60,out/abcd-ml_pasleep_scale_weekly_3_s012_41284804_60.pkl
1567,44.0,44.501384714302034,abcd-ml,pasleep,scale,weekly,3,s012,41284804,60,out/abcd-ml_pasleep_scale_weekly_3_s012_41284804_60.pkl
1568,34.0,47.45372920144341,abcd-ml,pasleep,scale,weekly,3,s012,41284804,60,out/abcd-ml_pasleep_scale_weekly_3_s012_41284804_60.pkl
1569,34.0,44.47919723678848,abcd-ml,pasleep,scale,weekly,3,s012,41284804,60,out/abcd-ml_pasleep_scale_weekly_3_s012_41284804_60.pkl
1570,34.0,47.13869026564803,abcd-ml,pasleep,scale,weekly,3,s012,41284804,60,out/abcd-ml_pasleep_scale_weekly_3_s012_41284804_60.pkl
1571,34.0,44.37667045511019,abcd-ml,pasleep,scale,weekly,3,s012,41284804,60,out/abcd-ml_pasleep_scale_weekly_3_s012_41284804_60.pkl
1572,34.0,47.35693462146308,abcd-ml,pasleep,scale,weekly,3,s012,41284804,60,out/abcd-ml_pasleep_scale_weekly_3_s012_41284804_60.pkl
1573,34.0,44.135655890934956,abcd-ml,pasleep,scale,weekly,3,s012,41284804,60,out/abcd-ml_pasleep_scale_weekly_3_s012_41284804_60.pkl
1574,34.0,47.5726305373985,abcd-ml,pasleep,scale,weekly,3,s012,41284804,60,out/abcd-ml_pasleep_scale_weekly_3_s012_41284804_60.pkl
1575,34.0,44.510349012088284,abcd-ml,pasleep,scale,weekly,3,s012,41284804,60,out/abcd-ml_pasleep_scale_weekly_3_s012_41284804_60.pkl
1576,48.0,48.04204216080731,abcd-ml,pasleep,scale,weekly,3,s012,41284804,60,out/abcd-ml_pasleep_scale_weekly_3_s012_41284804_60.pkl
1577,40.0,44.51111355245929,abcd-ml,pasleep,scale,weekly,3,s012,41284804,60,out/abcd-ml_pasleep_scale_weekly_3_s012_41284804_60.pkl
1578,48.0,48.12268603977524,abcd-ml,pasleep,scale,weekly,3,s012,41284804,60,out/abcd-ml_pasleep_scale_weekly_3_s012_41284804_60.pkl
1579,40.0,44.4224221065845,abcd-ml,pasleep,scale,weekly,3,s012,41284804,60,out/abcd-ml_pasleep_scale_weekly_3_s012_41284804_60.pkl
1580,48.0,47.742857404808944,abcd-ml,pasleep,scale,weekly,3,s012,41284804,60,out/abcd-ml_pasleep_scale_weekly_3_s012_41284804_60.pkl
1581,40.0,44.49764464378341,abcd-ml,pasleep,scale,weekly,3,s012,41284804,60,out/abcd-ml_pasleep_scale_weekly_3_s012_41284804_60.pkl
1582,48.0,47.93260383195208,abcd-ml,pasleep,scale,weekly,3,s012,41284804,60,out/abcd-ml_pasleep_scale_weekly_3_s012_41284804_60.pkl
1583,40.0,44.28776681519969,abcd-ml,pasleep,scale,weekly,3,s012,41284804,60,out/abcd-ml_pasleep_scale_weekly_3_s012_41284804_60.pkl
1584,48.0,48.29529882449041,abcd-ml,pasleep,scale,weekly,3,s012,41284804,60,out/abcd-ml_pasleep_scale_weekly_3_s012_41284804_60.pkl
1585,40.0,44.591273730060706,abcd-ml,pasleep,scale,weekly,3,s012,41284804,60,out/abcd-ml_pasleep_scale_weekly_3_s012_41284804_60.pkl
1586,34.0,47.90777337378004,abcd-ml,pasleep,scale,weekly,3,s012,41284804,60,out/abcd-ml_pasleep_scale_weekly_3_s012_41284804_60.pkl
1587,33.0,44.30970720653524,abcd-ml,pasleep,scale,weekly,3,s012,41284804,60,out/abcd-ml_pasleep_scale_weekly_3_s012_41284804_60.pkl
1588,34.0,47.84571202381535,abcd-ml,pasleep,scale,weekly,3,s012,41284804,60,out/abcd-ml_pasleep_scale_weekly_3_s012_41284804_60.pkl
1589,33.0,44.377686746537584,abcd-ml,pasleep,scale,weekly,3,s012,41284804,60,out/abcd-ml_pasleep_scale_weekly_3_s012_41284804_60.pkl
1590,34.0,47.81096511943933,abcd-ml,pasleep,scale,weekly,3,s012,41284804,60,out/abcd-ml_pasleep_scale_weekly_3_s012_41284804_60.pkl
1591,33.0,44.12545824908854,abcd-ml,pasleep,scale,weekly,3,s012,41284804,60,out/abcd-ml_pasleep_scale_weekly_3_s012_41284804_60.pkl
1592,34.0,47.69819887954685,abcd-ml,pasleep,scale,weekly,3,s012,41284804,60,out/abcd-ml_pasleep_scale_weekly_3_s012_41284804_60.pkl
1593,33.0,44.249699072115106,abcd-ml,pasleep,scale,weekly,3,s012,41284804,60,out/abcd-ml_pasleep_scale_weekly_3_s012_41284804_60.pkl
1594,34.0,48.0505042556078,abcd-ml,pasleep,scale,weekly,3,s012,41284804,60,out/abcd-ml_pasleep_scale_weekly_3_s012_41284804_60.pkl
1595,33.0,44.25672806230034,abcd-ml,pasleep,scale,weekly,3,s012,41284804,60,out/abcd-ml_pasleep_scale_weekly_3_s012_41284804_60.pkl
1596,53.0,47.75804769818316,abcd-ml,pasleep,scale,weekly,3,s012,41284804,60,out/abcd-ml_pasleep_scale_weekly_3_s012_41284804_60.pkl
1597,56.0,44.35934521212751,abcd-ml,pasleep,scale,weekly,3,s012,41284804,60,out/abcd-ml_pasleep_scale_weekly_3_s012_41284804_60.pkl
1598,53.0,47.80334328396421,abcd-ml,pasleep,scale,weekly,3,s012,41284804,60,out/abcd-ml_pasleep_scale_weekly_3_s012_41284804_60.pkl
1599,56.0,44.30946927336631,abcd-ml,pasleep,scale,weekly,3,s012,41284804,60,out/abcd-ml_pasleep_scale_weekly_3_s012_41284804_60.pkl
1600,53.0,47.3835097864087,abcd-ml,pasleep,scale,weekly,3,s012,41284804,60,out/abcd-ml_pasleep_scale_weekly_3_s012_41284804_60.pkl
1601,56.0,44.22365698413048,abcd-ml,pasleep,scale,weekly,3,s012,41284804,60,out/abcd-ml_pasleep_scale_weekly_3_s012_41284804_60.pkl
1602,53.0,47.40085989718998,abcd-ml,pasleep,scale,weekly,3,s012,41284804,60,out/abcd-ml_pasleep_scale_weekly_3_s012_41284804_60.pkl
1603,56.0,44.20477507817688,abcd-ml,pasleep,scale,weekly,3,s012,41284804,60,out/abcd-ml_pasleep_scale_weekly_3_s012_41284804_60.pkl
1604,53.0,47.75857831897104,abcd-ml,pasleep,scale,weekly,3,s012,41284804,60,out/abcd-ml_pasleep_scale_weekly_3_s012_41284804_60.pkl
1605,56.0,44.36340089518166,abcd-ml,pasleep,scale,weekly,3,s012,41284804,60,out/abcd-ml_pasleep_scale_weekly_3_s012_41284804_60.pkl
1606,48.0,48.17873495099068,abcd-ml,pasleep,scale,weekly,3,s012,41284804,60,out/abcd-ml_pasleep_scale_weekly_3_s012_41284804_60.pkl
1607,47.0,44.39508486305836,abcd-ml,pasleep,scale,weekly,3,s012,41284804,60,out/abcd-ml_pasleep_scale_weekly_3_s012_41284804_60.pkl
1608,48.0,48.08054674153142,abcd-ml,pasleep,scale,weekly,3,s012,41284804,60,out/abcd-ml_pasleep_scale_weekly_3_s012_41284804_60.pkl
1609,47.0,44.50393330117761,abcd-ml,pasleep,scale,weekly,3,s012,41284804,60,out/abcd-ml_pasleep_scale_weekly_3_s012_41284804_60.pkl
1610,48.0,47.953223516743584,abcd-ml,pasleep,scale,weekly,3,s012,41284804,60,out/abcd-ml_pasleep_scale_weekly_3_s012_41284804_60.pkl
1611,47.0,44.22055598225865,abcd-ml,pasleep,scale,weekly,3,s012,41284804,60,out/abcd-ml_pasleep_scale_weekly_3_s012_41284804_60.pkl
1612,48.0,47.83960934504924,abcd-ml,pasleep,scale,weekly,3,s012,41284804,60,out/abcd-ml_pasleep_scale_weekly_3_s012_41284804_60.pkl
1613,47.0,44.346490412670555,abcd-ml,pasleep,scale,weekly,3,s012,41284804,60,out/abcd-ml_pasleep_scale_weekly_3_s012_41284804_60.pkl
1614,48.0,48.19437427177894,abcd-ml,pasleep,scale,weekly,3,s012,41284804,60,out/abcd-ml_pasleep_scale_weekly_3_s012_41284804_60.pkl
1615,47.0,44.4209751389253,abcd-ml,pasleep,scale,weekly,3,s012,41284804,60,out/abcd-ml_pasleep_scale_weekly_3_s012_41284804_60.pkl
1616,40.0,47.640340992744996,abcd-ml,pasleep,scale,weekly,3,s012,41284804,60,out/abcd-ml_pasleep_scale_weekly_3_s012_41284804_60.pkl
1617,46.0,44.86508798415565,abcd-ml,pasleep,scale,weekly,3,s012,41284804,60,out/abcd-ml_pasleep_scale_weekly_3_s012_41284804_60.pkl
1618,40.0,47.86249479881424,abcd-ml,pasleep,scale,weekly,3,s012,41284804,60,out/abcd-ml_pasleep_scale_weekly_3_s012_41284804_60.pkl
1619,46.0,44.618487413346784,abcd-ml,pasleep,scale,weekly,3,s012,41284804,60,out/abcd-ml_pasleep_scale_weekly_3_s012_41284804_60.pkl
1620,40.0,47.85641975360223,abcd-ml,pasleep,scale,weekly,3,s012,41284804,60,out/abcd-ml_pasleep_scale_weekly_3_s012_41284804_60.pkl
1621,46.0,44.38978881012266,abcd-ml,pasleep,scale,weekly,3,s012,41284804,60,out/abcd-ml_pasleep_scale_weekly_3_s012_41284804_60.pkl
1622,40.0,47.80658835417139,abcd-ml,pasleep,scale,weekly,3,s012,41284804,60,out/abcd-ml_pasleep_scale_weekly_3_s012_41284804_60.pkl
1623,46.0,44.47345221193487,abcd-ml,pasleep,scale,weekly,3,s012,41284804,60,out/abcd-ml_pasleep_scale_weekly_3_s012_41284804_60.pkl
1624,40.0,47.800967571875304,abcd-ml,pasleep,scale,weekly,3,s012,41284804,60,out/abcd-ml_pasleep_scale_weekly_3_s012_41284804_60.pkl
1625,46.0,44.47966149612142,abcd-ml,pasleep,scale,weekly,3,s012,41284804,60,out/abcd-ml_pasleep_scale_weekly_3_s012_41284804_60.pkl
1626,40.0,47.69065372714347,abcd-ml,pasleep,scale,weekly,3,s012,41284804,60,out/abcd-ml_pasleep_scale_weekly_3_s012_41284804_60.pkl
1627,46.0,44.40118654570162,abcd-ml,pasleep,scale,weekly,3,s012,41284804,60,out/abcd-ml_pasleep_scale_weekly_3_s012_41284804_60.pkl
1628,40.0,47.694008481305474,abcd-ml,pasleep,scale,weekly,3,s012,41284804,60,out/abcd-ml_pasleep_scale_weekly_3_s012_41284804_60.pkl
1629,46.0,44.39748492562684,abcd-ml,pasleep,scale,weekly,3,s012,41284804,60,out/abcd-ml_pasleep_scale_weekly_3_s012_41284804_60.pkl
1630,54.0,47.941411076598854,abcd-ml,pasleep,scale,weekly,3,s012,41284804,60,out/abcd-ml_pasleep_scale_weekly_3_s012_41284804_60.pkl
1631,43.0,44.37696832904176,abcd-ml,pasleep,scale,weekly,3,s012,41284804,60,out/abcd-ml_pasleep_scale_weekly_3_s012_41284804_60.pkl
1632,54.0,47.835580649450186,abcd-ml,pasleep,scale,weekly,3,s012,41284804,60,out/abcd-ml_pasleep_scale_weekly_3_s012_41284804_60.pkl
1633,43.0,44.22248456162052,abcd-ml,pasleep,scale,weekly,3,s012,41284804,60,out/abcd-ml_pasleep_scale_weekly_3_s012_41284804_60.pkl
1634,54.0,47.72180417960549,abcd-ml,pasleep,scale,weekly,3,s012,41284804,60,out/abcd-ml_pasleep_scale_weekly_3_s012_41284804_60.pkl
1635,43.0,44.348587709434796,abcd-ml,pasleep,scale,weekly,3,s012,41284804,60,out/abcd-ml_pasleep_scale_weekly_3_s012_41284804_60.pkl
1636,54.0,47.89446766458868,abcd-ml,pasleep,scale,weekly,3,s012,41284804,60,out/abcd-ml_pasleep_scale_weekly_3_s012_41284804_60.pkl
1637,43.0,44.30955573217646,abcd-ml,pasleep,scale,weekly,3,s012,41284804,60,out/abcd-ml_pasleep_scale_weekly_3_s012_41284804_60.pkl
1638,54.0,47.815407477471396,abcd-ml,pasleep,scale,weekly,3,s012,41284804,60,out/abcd-ml_pasleep_scale_weekly_3_s012_41284804_60.pkl
1639,43.0,44.39762407311659,abcd-ml,pasleep,scale,weekly,3,s012,41284804,60,out/abcd-ml_pasleep_scale_weekly_3_s012_41284804_60.pkl
1640,50.0,47.915289924985835,abcd-ml,pasleep,scale,weekly,3,s012,41284804,60,out/abcd-ml_pasleep_scale_weekly_3_s012_41284804_60.pkl
1641,49.0,44.570265922459484,abcd-ml,pasleep,scale,weekly,3,s012,41284804,60,out/abcd-ml_pasleep_scale_weekly_3_s012_41284804_60.pkl
1642,50.0,48.02304107081085,abcd-ml,pasleep,scale,weekly,3,s012,41284804,60,out/abcd-ml_pasleep_scale_weekly_3_s012_41284804_60.pkl
1643,49.0,44.45146438969002,abcd-ml,pasleep,scale,weekly,3,s012,41284804,60,out/abcd-ml_pasleep_scale_weekly_3_s012_41284804_60.pkl
1644,50.0,48.715767393470244,abcd-ml,pasleep,scale,weekly,3,s012,41284804,60,out/abcd-ml_pasleep_scale_weekly_3_s012_41284804_60.pkl
1645,49.0,44.655448488793084,abcd-ml,pasleep,scale,weekly,3,s012,41284804,60,out/abcd-ml_pasleep_scale_weekly_3_s012_41284804_60.pkl
1646,50.0,47.83919727709316,abcd-ml,pasleep,scale,weekly,3,s012,41284804,60,out/abcd-ml_pasleep_scale_weekly_3_s012_41284804_60.pkl
1647,49.0,44.67617111069079,abcd-ml,pasleep,scale,weekly,3,s012,41284804,60,out/abcd-ml_pasleep_scale_weekly_3_s012_41284804_60.pkl
1648,50.0,48.13890139191649,abcd-ml,pasleep,scale,weekly,3,s012,41284804,60,out/abcd-ml_pasleep_scale_weekly_3_s012_41284804_60.pkl
1649,49.0,44.344141208165695,abcd-ml,pasleep,scale,weekly,3,s012,41284804,60,out/abcd-ml_pasleep_scale_weekly_3_s012_41284804_60.pkl
1650,48.0,47.43516205140966,abcd-ml,pasleep,scale,weekly,3,s012,41284804,60,out/abcd-ml_pasleep_scale_weekly_3_s012_41284804_60.pkl
1651,61.0,44.4492231572122,abcd-ml,pasleep,scale,weekly,3,s012,41284804,60,out/abcd-ml_pasleep_scale_weekly_3_s012_41284804_60.pkl
1652,48.0,47.56221911291957,abcd-ml,pasleep,scale,weekly,3,s012,41284804,60,out/abcd-ml_pasleep_scale_weekly_3_s012_41284804_60.pkl
1653,61.0,44.30938322932801,abcd-ml,pasleep,scale,weekly,3,s012,41284804,60,out/abcd-ml_pasleep_scale_weekly_3_s012_41284804_60.pkl
1654,48.0,47.37577718170795,abcd-ml,pasleep,scale,weekly,3,s012,41284804,60,out/abcd-ml_pasleep_scale_weekly_3_s012_41284804_60.pkl
1655,61.0,44.516710027365804,abcd-ml,pasleep,scale,weekly,3,s012,41284804,60,out/abcd-ml_pasleep_scale_weekly_3_s012_41284804_60.pkl
1656,48.0,47.56592013627614,abcd-ml,pasleep,scale,weekly,3,s012,41284804,60,out/abcd-ml_pasleep_scale_weekly_3_s012_41284804_60.pkl
1657,61.0,44.30677877259965,abcd-ml,pasleep,scale,weekly,3,s012,41284804,60,out/abcd-ml_pasleep_scale_weekly_3_s012_41284804_60.pkl
1658,48.0,47.743218857592765,abcd-ml,pasleep,scale,weekly,3,s012,41284804,60,out/abcd-ml_pasleep_scale_weekly_3_s012_41284804_60.pkl
1659,61.0,44.52004872099374,abcd-ml,pasleep,scale,weekly,3,s012,41284804,60,out/abcd-ml_pasleep_scale_weekly_3_s012_41284804_60.pkl
1660,48.0,47.86462902851733,abcd-ml,pasleep,scale,weekly,3,s012,41284804,60,out/abcd-ml_pasleep_scale_weekly_3_s012_41284804_60.pkl
1661,61.0,44.38640150787604,abcd-ml,pasleep,scale,weekly,3,s012,41284804,60,out/abcd-ml_pasleep_scale_weekly_3_s012_41284804_60.pkl
1662,50.0,47.986909318379126,abcd-ml,pasleep,scale,weekly,3,s012,41284804,60,out/abcd-ml_pasleep_scale_weekly_3_s012_41284804_60.pkl
1663,54.0,44.26382470844641,abcd-ml,pasleep,scale,weekly,3,s012,41284804,60,out/abcd-ml_pasleep_scale_weekly_3_s012_41284804_60.pkl
1664,50.0,47.83771296287094,abcd-ml,pasleep,scale,weekly,3,s012,41284804,60,out/abcd-ml_pasleep_scale_weekly_3_s012_41284804_60.pkl
1665,54.0,44.43009530989785,abcd-ml,pasleep,scale,weekly,3,s012,41284804,60,out/abcd-ml_pasleep_scale_weekly_3_s012_41284804_60.pkl
1666,50.0,47.2663504596407,abcd-ml,pasleep,scale,weekly,3,s012,41284804,60,out/abcd-ml_pasleep_scale_weekly_3_s012_41284804_60.pkl
1667,54.0,44.79707169862235,abcd-ml,pasleep,scale,weekly,3,s012,41284804,60,out/abcd-ml_pasleep_scale_weekly_3_s012_41284804_60.pkl
1668,50.0,47.55172666231283,abcd-ml,pasleep,scale,weekly,3,s012,41284804,60,out/abcd-ml_pasleep_scale_weekly_3_s012_41284804_60.pkl
1669,54.0,44.48074322097721,abcd-ml,pasleep,scale,weekly,3,s012,41284804,60,out/abcd-ml_pasleep_scale_weekly_3_s012_41284804_60.pkl
1670,50.0,47.29920319412892,abcd-ml,pasleep,scale,weekly,3,s012,41284804,60,out/abcd-ml_pasleep_scale_weekly_3_s012_41284804_60.pkl
1671,54.0,44.33842575333887,abcd-ml,pasleep,scale,weekly,3,s012,41284804,60,out/abcd-ml_pasleep_scale_weekly_3_s012_41284804_60.pkl
1672,50.0,47.10929341066189,abcd-ml,pasleep,scale,weekly,3,s012,41284804,60,out/abcd-ml_pasleep_scale_weekly_3_s012_41284804_60.pkl
1673,54.0,44.54880194361327,abcd-ml,pasleep,scale,weekly,3,s012,41284804,60,out/abcd-ml_pasleep_scale_weekly_3_s012_41284804_60.pkl
1674,64.0,48.311685958012205,abcd-ml,pasleep,scale,weekly,3,s012,41284804,60,out/abcd-ml_pasleep_scale_weekly_3_s012_41284804_60.pkl
1675,58.0,44.510129222871385,abcd-ml,pasleep,scale,weekly,3,s012,41284804,60,out/abcd-ml_pasleep_scale_weekly_3_s012_41284804_60.pkl
1676,64.0,47.89812029279564,abcd-ml,pasleep,scale,weekly,3,s012,41284804,60,out/abcd-ml_pasleep_scale_weekly_3_s012_41284804_60.pkl
1677,58.0,44.34397205773579,abcd-ml,pasleep,scale,weekly,3,s012,41284804,60,out/abcd-ml_pasleep_scale_weekly_3_s012_41284804_60.pkl
1678,64.0,47.65388384791211,abcd-ml,pasleep,scale,weekly,3,s012,41284804,60,out/abcd-ml_pasleep_scale_weekly_3_s012_41284804_60.pkl
1679,58.0,44.40913332629458,abcd-ml,pasleep,scale,weekly,3,s012,41284804,60,out/abcd-ml_pasleep_scale_weekly_3_s012_41284804_60.pkl
1680,64.0,48.430045030354194,abcd-ml,pasleep,scale,weekly,3,s012,41284804,60,out/abcd-ml_pasleep_scale_weekly_3_s012_41284804_60.pkl
1681,58.0,44.463260897015,abcd-ml,pasleep,scale,weekly,3,s012,41284804,60,out/abcd-ml_pasleep_scale_weekly_3_s012_41284804_60.pkl
1682,48.0,48.13751172737625,abcd-ml,pasleep,scale,weekly,3,s012,41284804,60,out/abcd-ml_pasleep_scale_weekly_3_s012_41284804_60.pkl
1683,40.0,44.537621235784414,abcd-ml,pasleep,scale,weekly,3,s012,41284804,60,out/abcd-ml_pasleep_scale_weekly_3_s012_41284804_60.pkl
1684,48.0,48.20763633444973,abcd-ml,pasleep,scale,weekly,3,s012,41284804,60,out/abcd-ml_pasleep_scale_weekly_3_s012_41284804_60.pkl
1685,40.0,44.460410615318956,abcd-ml,pasleep,scale,weekly,3,s012,41284804,60,out/abcd-ml_pasleep_scale_weekly_3_s012_41284804_60.pkl
1686,48.0,48.05259653711483,abcd-ml,pasleep,scale,weekly,3,s012,41284804,60,out/abcd-ml_pasleep_scale_weekly_3_s012_41284804_60.pkl
1687,40.0,44.6317725660263,abcd-ml,pasleep,scale,weekly,3,s012,41284804,60,out/abcd-ml_pasleep_scale_weekly_3_s012_41284804_60.pkl
1688,48.0,48.13351711876378,abcd-ml,pasleep,scale,weekly,3,s012,41284804,60,out/abcd-ml_pasleep_scale_weekly_3_s012_41284804_60.pkl
1689,40.0,44.52984057305714,abcd-ml,pasleep,scale,weekly,3,s012,41284804,60,out/abcd-ml_pasleep_scale_weekly_3_s012_41284804_60.pkl
1690,50.0,47.73314418924767,abcd-ml,pasleep,scale,weekly,3,s012,41284804,60,out/abcd-ml_pasleep_scale_weekly_3_s012_41284804_60.pkl
1691,44.0,44.297782476756055,abcd-ml,pasleep,scale,weekly,3,s012,41284804,60,out/abcd-ml_pasleep_scale_weekly_3_s012_41284804_60.pkl
1692,50.0,47.70572362211649,abcd-ml,pasleep,scale,weekly,3,s012,41284804,60,out/abcd-ml_pasleep_scale_weekly_3_s012_41284804_60.pkl
1693,44.0,44.32833825420417,abcd-ml,pasleep,scale,weekly,3,s012,41284804,60,out/abcd-ml_pasleep_scale_weekly_3_s012_41284804_60.pkl
1694,50.0,47.85756772824621,abcd-ml,pasleep,scale,weekly,3,s012,41284804,60,out/abcd-ml_pasleep_scale_weekly_3_s012_41284804_60.pkl
1695,44.0,44.363692310272405,abcd-ml,pasleep,scale,weekly,3,s012,41284804,60,out/abcd-ml_pasleep_scale_weekly_3_s012_41284804_60.pkl
1696,50.0,47.96938112999289,abcd-ml,pasleep,scale,weekly,3,s012,41284804,60,out/abcd-ml_pasleep_scale_weekly_3_s012_41284804_60.pkl
1697,44.0,44.35863564549758,abcd-ml,pasleep,scale,weekly,3,s012,41284804,60,out/abcd-ml_pasleep_scale_weekly_3_s012_41284804_60.pkl
1698,50.0,47.86566665761055,abcd-ml,pasleep,scale,weekly,3,s012,41284804,60,out/abcd-ml_pasleep_scale_weekly_3_s012_41284804_60.pkl
1699,44.0,44.47378205156683,abcd-ml,pasleep,scale,weekly,3,s012,41284804,60,out/abcd-ml_pasleep_scale_weekly_3_s012_41284804_60.pkl
1700,40.0,45.97143708165493,abcd-ml,pasleep,scale,weekly,3,s012,41284804,60,out/abcd-ml_pasleep_scale_weekly_3_s012_41284804_60.pkl
1701,43.0,44.66839255635896,abcd-ml,pasleep,scale,weekly,3,s012,41284804,60,out/abcd-ml_pasleep_scale_weekly_3_s012_41284804_60.pkl
1702,40.0,46.211592450746004,abcd-ml,pasleep,scale,weekly,3,s012,41284804,60,out/abcd-ml_pasleep_scale_weekly_3_s012_41284804_60.pkl
1703,43.0,44.40194203666272,abcd-ml,pasleep,scale,weekly,3,s012,41284804,60,out/abcd-ml_pasleep_scale_weekly_3_s012_41284804_60.pkl
1704,40.0,47.47406078289517,abcd-ml,pasleep,scale,weekly,3,s012,41284804,60,out/abcd-ml_pasleep_scale_weekly_3_s012_41284804_60.pkl
1705,43.0,44.7048878190852,abcd-ml,pasleep,scale,weekly,3,s012,41284804,60,out/abcd-ml_pasleep_scale_weekly_3_s012_41284804_60.pkl
1706,40.0,47.57883805856609,abcd-ml,pasleep,scale,weekly,3,s012,41284804,60,out/abcd-ml_pasleep_scale_weekly_3_s012_41284804_60.pkl
1707,43.0,44.58872006344398,abcd-ml,pasleep,scale,weekly,3,s012,41284804,60,out/abcd-ml_pasleep_scale_weekly_3_s012_41284804_60.pkl
1708,40.0,46.556359165756554,abcd-ml,pasleep,scale,weekly,3,s012,41284804,60,out/abcd-ml_pasleep_scale_weekly_3_s012_41284804_60.pkl
1709,43.0,43.91633581738557,abcd-ml,pasleep,scale,weekly,3,s012,41284804,60,out/abcd-ml_pasleep_scale_weekly_3_s012_41284804_60.pkl
1710,40.0,46.519772566489074,abcd-ml,pasleep,scale,weekly,3,s012,41284804,60,out/abcd-ml_pasleep_scale_weekly_3_s012_41284804_60.pkl
1711,43.0,43.9570937225884,abcd-ml,pasleep,scale,weekly,3,s012,41284804,60,out/abcd-ml_pasleep_scale_weekly_3_s012_41284804_60.pkl
1712,55.0,48.333847780099795,abcd-ml,pasleep,scale,weekly,3,s012,41284804,60,out/abcd-ml_pasleep_scale_weekly_3_s012_41284804_60.pkl
1713,40.0,44.621357772636344,abcd-ml,pasleep,scale,weekly,3,s012,41284804,60,out/abcd-ml_pasleep_scale_weekly_3_s012_41284804_60.pkl
1714,55.0,47.82014312825679,abcd-ml,pasleep,scale,weekly,3,s012,41284804,60,out/abcd-ml_pasleep_scale_weekly_3_s012_41284804_60.pkl
1715,40.0,44.42966845014293,abcd-ml,pasleep,scale,weekly,3,s012,41284804,60,out/abcd-ml_pasleep_scale_weekly_3_s012_41284804_60.pkl
1716,55.0,48.29423382643003,abcd-ml,pasleep,scale,weekly,3,s012,41284804,60,out/abcd-ml_pasleep_scale_weekly_3_s012_41284804_60.pkl
1717,40.0,44.49164177611263,abcd-ml,pasleep,scale,weekly,3,s012,41284804,60,out/abcd-ml_pasleep_scale_weekly_3_s012_41284804_60.pkl
1718,55.0,48.30545352818275,abcd-ml,pasleep,scale,weekly,3,s012,41284804,60,out/abcd-ml_pasleep_scale_weekly_3_s012_41284804_60.pkl
1719,40.0,44.47957708634604,abcd-ml,pasleep,scale,weekly,3,s012,41284804,60,out/abcd-ml_pasleep_scale_weekly_3_s012_41284804_60.pkl
1720,55.0,48.27889117579737,abcd-ml,pasleep,scale,weekly,3,s012,41284804,60,out/abcd-ml_pasleep_scale_weekly_3_s012_41284804_60.pkl
1721,40.0,44.50036100058128,abcd-ml,pasleep,scale,weekly,3,s012,41284804,60,out/abcd-ml_pasleep_scale_weekly_3_s012_41284804_60.pkl
1722,55.0,48.30878235966698,abcd-ml,pasleep,scale,weekly,3,s012,41284804,60,out/abcd-ml_pasleep_scale_weekly_3_s012_41284804_60.pkl
1723,40.0,44.46752098419406,abcd-ml,pasleep,scale,weekly,3,s012,41284804,60,out/abcd-ml_pasleep_scale_weekly_3_s012_41284804_60.pkl
1724,34.0,46.970269488258474,abcd-ml,pasleep,scale,weekly,3,s012,41284804,60,out/abcd-ml_pasleep_scale_weekly_3_s012_41284804_60.pkl
1725,33.0,44.73483870942694,abcd-ml,pasleep,scale,weekly,3,s012,41284804,60,out/abcd-ml_pasleep_scale_weekly_3_s012_41284804_60.pkl
1726,34.0,47.156639907597246,abcd-ml,pasleep,scale,weekly,3,s012,41284804,60,out/abcd-ml_pasleep_scale_weekly_3_s012_41284804_60.pkl
1727,33.0,44.52919822388402,abcd-ml,pasleep,scale,weekly,3,s012,41284804,60,out/abcd-ml_pasleep_scale_weekly_3_s012_41284804_60.pkl
1728,55.0,48.89512032679658,abcd-ml,pasleep,scale,weekly,3,s012,41284804,60,out/abcd-ml_pasleep_scale_weekly_3_s012_41284804_60.pkl
1729,43.0,44.81435794573197,abcd-ml,pasleep,scale,weekly,3,s012,41284804,60,out/abcd-ml_pasleep_scale_weekly_3_s012_41284804_60.pkl
1730,55.0,47.851387980983446,abcd-ml,pasleep,scale,weekly,3,s012,41284804,60,out/abcd-ml_pasleep_scale_weekly_3_s012_41284804_60.pkl
1731,43.0,44.39502040800427,abcd-ml,pasleep,scale,weekly,3,s012,41284804,60,out/abcd-ml_pasleep_scale_weekly_3_s012_41284804_60.pkl
1732,55.0,47.90053968111093,abcd-ml,pasleep,scale,weekly,3,s012,41284804,60,out/abcd-ml_pasleep_scale_weekly_3_s012_41284804_60.pkl
1733,43.0,44.34048093877931,abcd-ml,pasleep,scale,weekly,3,s012,41284804,60,out/abcd-ml_pasleep_scale_weekly_3_s012_41284804_60.pkl
1734,55.0,48.42455473630217,abcd-ml,pasleep,scale,weekly,3,s012,41284804,60,out/abcd-ml_pasleep_scale_weekly_3_s012_41284804_60.pkl
1735,43.0,44.509573113058146,abcd-ml,pasleep,scale,weekly,3,s012,41284804,60,out/abcd-ml_pasleep_scale_weekly_3_s012_41284804_60.pkl
1736,55.0,47.07214247932592,abcd-ml,pasleep,scale,weekly,3,s012,41284804,60,out/abcd-ml_pasleep_scale_weekly_3_s012_41284804_60.pkl
1737,43.0,44.45577455502502,abcd-ml,pasleep,scale,weekly,3,s012,41284804,60,out/abcd-ml_pasleep_scale_weekly_3_s012_41284804_60.pkl
1738,55.0,47.323159376846604,abcd-ml,pasleep,scale,weekly,3,s012,41284804,60,out/abcd-ml_pasleep_scale_weekly_3_s012_41284804_60.pkl
1739,43.0,44.17735606759296,abcd-ml,pasleep,scale,weekly,3,s012,41284804,60,out/abcd-ml_pasleep_scale_weekly_3_s012_41284804_60.pkl
1740,34.0,46.40731282389424,abcd-ml,pasleep,scale,weekly,3,s012,41284804,60,out/abcd-ml_pasleep_scale_weekly_3_s012_41284804_60.pkl
1741,34.0,43.95521180472214,abcd-ml,pasleep,scale,weekly,3,s012,41284804,60,out/abcd-ml_pasleep_scale_weekly_3_s012_41284804_60.pkl
1742,34.0,46.35251717995518,abcd-ml,pasleep,scale,weekly,3,s012,41284804,60,out/abcd-ml_pasleep_scale_weekly_3_s012_41284804_60.pkl
1743,34.0,44.01597311154613,abcd-ml,pasleep,scale,weekly,3,s012,41284804,60,out/abcd-ml_pasleep_scale_weekly_3_s012_41284804_60.pkl
1744,34.0,46.67070696109404,abcd-ml,pasleep,scale,weekly,3,s012,41284804,60,out/abcd-ml_pasleep_scale_weekly_3_s012_41284804_60.pkl
1745,34.0,44.03157783754206,abcd-ml,pasleep,scale,weekly,3,s012,41284804,60,out/abcd-ml_pasleep_scale_weekly_3_s012_41284804_60.pkl
1746,34.0,46.6812938940134,abcd-ml,pasleep,scale,weekly,3,s012,41284804,60,out/abcd-ml_pasleep_scale_weekly_3_s012_41284804_60.pkl
1747,34.0,44.01995545691837,abcd-ml,pasleep,scale,weekly,3,s012,41284804,60,out/abcd-ml_pasleep_scale_weekly_3_s012_41284804_60.pkl
1748,34.0,47.28371584196323,abcd-ml,pasleep,scale,weekly,3,s012,41284804,60,out/abcd-ml_pasleep_scale_weekly_3_s012_41284804_60.pkl
1749,34.0,44.178532925223806,abcd-ml,pasleep,scale,weekly,3,s012,41284804,60,out/abcd-ml_pasleep_scale_weekly_3_s012_41284804_60.pkl
1750,34.0,47.30598084966759,abcd-ml,pasleep,scale,weekly,3,s012,41284804,60,out/abcd-ml_pasleep_scale_weekly_3_s012_41284804_60.pkl
1751,34.0,44.15396579772914,abcd-ml,pasleep,scale,weekly,3,s012,41284804,60,out/abcd-ml_pasleep_scale_weekly_3_s012_41284804_60.pkl
1752,34.0,47.95486723295812,abcd-ml,pasleep,scale,weekly,3,s012,41284804,60,out/abcd-ml_pasleep_scale_weekly_3_s012_41284804_60.pkl
1753,40.0,44.59681920377817,abcd-ml,pasleep,scale,weekly,3,s012,41284804,60,out/abcd-ml_pasleep_scale_weekly_3_s012_41284804_60.pkl
1754,34.0,48.14232408931663,abcd-ml,pasleep,scale,weekly,3,s012,41284804,60,out/abcd-ml_pasleep_scale_weekly_3_s012_41284804_60.pkl
1755,40.0,44.38850955580054,abcd-ml,pasleep,scale,weekly,3,s012,41284804,60,out/abcd-ml_pasleep_scale_weekly_3_s012_41284804_60.pkl
1756,34.0,47.775150123957744,abcd-ml,pasleep,scale,weekly,3,s012,41284804,60,out/abcd-ml_pasleep_scale_weekly_3_s012_41284804_60.pkl
1757,40.0,44.056168926005604,abcd-ml,pasleep,scale,weekly,3,s012,41284804,60,out/abcd-ml_pasleep_scale_weekly_3_s012_41284804_60.pkl
1758,34.0,47.652289996418745,abcd-ml,pasleep,scale,weekly,3,s012,41284804,60,out/abcd-ml_pasleep_scale_weekly_3_s012_41284804_60.pkl
1759,40.0,44.192399372695,abcd-ml,pasleep,scale,weekly,3,s012,41284804,60,out/abcd-ml_pasleep_scale_weekly_3_s012_41284804_60.pkl
1760,34.0,47.14045568529285,abcd-ml,pasleep,scale,weekly,3,s012,41284804,60,out/abcd-ml_pasleep_scale_weekly_3_s012_41284804_60.pkl
1761,40.0,43.87292719628809,abcd-ml,pasleep,scale,weekly,3,s012,41284804,60,out/abcd-ml_pasleep_scale_weekly_3_s012_41284804_60.pkl
1762,34.0,46.95111554766555,abcd-ml,pasleep,scale,weekly,3,s012,41284804,60,out/abcd-ml_pasleep_scale_weekly_3_s012_41284804_60.pkl
1763,40.0,44.08293515185417,abcd-ml,pasleep,scale,weekly,3,s012,41284804,60,out/abcd-ml_pasleep_scale_weekly_3_s012_41284804_60.pkl
1764,39.0,47.57135343785916,abcd-ml,pasleep,scale,weekly,3,s012,41284804,60,out/abcd-ml_pasleep_scale_weekly_3_s012_41284804_60.pkl
1765,34.0,44.774514170538396,abcd-ml,pasleep,scale,weekly,3,s012,41284804,60,out/abcd-ml_pasleep_scale_weekly_3_s012_41284804_60.pkl
1766,39.0,47.903318389615215,abcd-ml,pasleep,scale,weekly,3,s012,41284804,60,out/abcd-ml_pasleep_scale_weekly_3_s012_41284804_60.pkl
1767,34.0,44.40678870312123,abcd-ml,pasleep,scale,weekly,3,s012,41284804,60,out/abcd-ml_pasleep_scale_weekly_3_s012_41284804_60.pkl
1768,41.0,47.314715125893954,abcd-ml,pasleep,scale,weekly,3,s012,41284804,60,out/abcd-ml_pasleep_scale_weekly_3_s012_41284804_60.pkl
1769,40.0,43.949888538681705,abcd-ml,pasleep,scale,weekly,3,s012,41284804,60,out/abcd-ml_pasleep_scale_weekly_3_s012_41284804_60.pkl
1770,41.0,47.64465667513122,abcd-ml,pasleep,scale,weekly,3,s012,41284804,60,out/abcd-ml_pasleep_scale_weekly_3_s012_41284804_60.pkl
1771,40.0,44.05165478693009,abcd-ml,pasleep,scale,weekly,3,s012,41284804,60,out/abcd-ml_pasleep_scale_weekly_3_s012_41284804_60.pkl
1772,41.0,47.504192747905655,abcd-ml,pasleep,scale,weekly,3,s012,41284804,60,out/abcd-ml_pasleep_scale_weekly_3_s012_41284804_60.pkl
1773,40.0,44.20686486123999,abcd-ml,pasleep,scale,weekly,3,s012,41284804,60,out/abcd-ml_pasleep_scale_weekly_3_s012_41284804_60.pkl
1774,41.0,47.88289139022803,abcd-ml,pasleep,scale,weekly,3,s012,41284804,60,out/abcd-ml_pasleep_scale_weekly_3_s012_41284804_60.pkl
1775,40.0,44.36059556514509,abcd-ml,pasleep,scale,weekly,3,s012,41284804,60,out/abcd-ml_pasleep_scale_weekly_3_s012_41284804_60.pkl
1776,41.0,47.949035899795106,abcd-ml,pasleep,scale,weekly,3,s012,41284804,60,out/abcd-ml_pasleep_scale_weekly_3_s012_41284804_60.pkl
1777,40.0,44.28795846844001,abcd-ml,pasleep,scale,weekly,3,s012,41284804,60,out/abcd-ml_pasleep_scale_weekly_3_s012_41284804_60.pkl
1778,41.0,48.99677572269158,abcd-ml,pasleep,scale,weekly,3,s012,41284804,60,out/abcd-ml_pasleep_scale_weekly_3_s012_41284804_60.pkl
1779,46.0,44.62836168314476,abcd-ml,pasleep,scale,weekly,3,s012,41284804,60,out/abcd-ml_pasleep_scale_weekly_3_s012_41284804_60.pkl
1780,41.0,47.91135301791881,abcd-ml,pasleep,scale,weekly,3,s012,41284804,60,out/abcd-ml_pasleep_scale_weekly_3_s012_41284804_60.pkl
1781,46.0,44.329018781587536,abcd-ml,pasleep,scale,weekly,3,s012,41284804,60,out/abcd-ml_pasleep_scale_weekly_3_s012_41284804_60.pkl
1782,41.0,48.41468100112651,abcd-ml,pasleep,scale,weekly,3,s012,41284804,60,out/abcd-ml_pasleep_scale_weekly_3_s012_41284804_60.pkl
1783,46.0,44.428065127076785,abcd-ml,pasleep,scale,weekly,3,s012,41284804,60,out/abcd-ml_pasleep_scale_weekly_3_s012_41284804_60.pkl
1784,41.0,48.33623249718216,abcd-ml,pasleep,scale,weekly,3,s012,41284804,60,out/abcd-ml_pasleep_scale_weekly_3_s012_41284804_60.pkl
1785,46.0,44.514940362304856,abcd-ml,pasleep,scale,weekly,3,s012,41284804,60,out/abcd-ml_pasleep_scale_weekly_3_s012_41284804_60.pkl
1786,41.0,48.280576318575555,abcd-ml,pasleep,scale,weekly,3,s012,41284804,60,out/abcd-ml_pasleep_scale_weekly_3_s012_41284804_60.pkl
1787,46.0,44.318169806415995,abcd-ml,pasleep,scale,weekly,3,s012,41284804,60,out/abcd-ml_pasleep_scale_weekly_3_s012_41284804_60.pkl
1788,41.0,48.19824240460673,abcd-ml,pasleep,scale,weekly,3,s012,41284804,60,out/abcd-ml_pasleep_scale_weekly_3_s012_41284804_60.pkl
1789,46.0,44.409317012866865,abcd-ml,pasleep,scale,weekly,3,s012,41284804,60,out/abcd-ml_pasleep_scale_weekly_3_s012_41284804_60.pkl
1790,34.0,47.92873904946718,abcd-ml,pasleep,scale,weekly,3,s012,41284804,60,out/abcd-ml_pasleep_scale_weekly_3_s012_41284804_60.pkl
1791,34.0,44.13919466692944,abcd-ml,pasleep,scale,weekly,3,s012,41284804,60,out/abcd-ml_pasleep_scale_weekly_3_s012_41284804_60.pkl
1792,34.0,47.75741234453526,abcd-ml,pasleep,scale,weekly,3,s012,41284804,60,out/abcd-ml_pasleep_scale_weekly_3_s012_41284804_60.pkl
1793,34.0,44.32851571264081,abcd-ml,pasleep,scale,weekly,3,s012,41284804,60,out/abcd-ml_pasleep_scale_weekly_3_s012_41284804_60.pkl
1794,34.0,48.033367240830245,abcd-ml,pasleep,scale,weekly,3,s012,41284804,60,out/abcd-ml_pasleep_scale_weekly_3_s012_41284804_60.pkl
1795,34.0,44.19425848022475,abcd-ml,pasleep,scale,weekly,3,s012,41284804,60,out/abcd-ml_pasleep_scale_weekly_3_s012_41284804_60.pkl
1796,34.0,47.946959106411256,abcd-ml,pasleep,scale,weekly,3,s012,41284804,60,out/abcd-ml_pasleep_scale_weekly_3_s012_41284804_60.pkl
1797,34.0,43.9806245898456,abcd-ml,pasleep,scale,weekly,3,s012,41284804,60,out/abcd-ml_pasleep_scale_weekly_3_s012_41284804_60.pkl
1798,34.0,47.693728056155884,abcd-ml,pasleep,scale,weekly,3,s012,41284804,60,out/abcd-ml_pasleep_scale_weekly_3_s012_41284804_60.pkl
1799,34.0,44.260864661660044,abcd-ml,pasleep,scale,weekly,3,s012,41284804,60,out/abcd-ml_pasleep_scale_weekly_3_s012_41284804_60.pkl
1800,34.0,48.11527158615369,abcd-ml,pasleep,scale,weekly,3,s012,41284804,60,out/abcd-ml_pasleep_scale_weekly_3_s012_41284804_60.pkl
1801,34.0,44.10333945412166,abcd-ml,pasleep,scale,weekly,3,s012,41284804,60,out/abcd-ml_pasleep_scale_weekly_3_s012_41284804_60.pkl
1802,34.0,49.039971930515,abcd-ml,pasleep,scale,weekly,3,s012,41284804,60,out/abcd-ml_pasleep_scale_weekly_3_s012_41284804_60.pkl
1803,34.0,44.68905654022936,abcd-ml,pasleep,scale,weekly,3,s012,41284804,60,out/abcd-ml_pasleep_scale_weekly_3_s012_41284804_60.pkl
1804,34.0,47.80298443680169,abcd-ml,pasleep,scale,weekly,3,s012,41284804,60,out/abcd-ml_pasleep_scale_weekly_3_s012_41284804_60.pkl
1805,34.0,44.60164755519632,abcd-ml,pasleep,scale,weekly,3,s012,41284804,60,out/abcd-ml_pasleep_scale_weekly_3_s012_41284804_60.pkl
1806,34.0,47.853496816457465,abcd-ml,pasleep,scale,weekly,3,s012,41284804,60,out/abcd-ml_pasleep_scale_weekly_3_s012_41284804_60.pkl
1807,34.0,44.61402562347479,abcd-ml,pasleep,scale,weekly,3,s012,41284804,60,out/abcd-ml_pasleep_scale_weekly_3_s012_41284804_60.pkl
1808,34.0,48.05610932414508,abcd-ml,pasleep,scale,weekly,3,s012,41284804,60,out/abcd-ml_pasleep_scale_weekly_3_s012_41284804_60.pkl
1809,34.0,44.39029394335897,abcd-ml,pasleep,scale,weekly,3,s012,41284804,60,out/abcd-ml_pasleep_scale_weekly_3_s012_41284804_60.pkl
1810,34.0,47.50242287397113,abcd-ml,pasleep,scale,weekly,3,s012,41284804,60,out/abcd-ml_pasleep_scale_weekly_3_s012_41284804_60.pkl
1811,34.0,44.49926354817764,abcd-ml,pasleep,scale,weekly,3,s012,41284804,60,out/abcd-ml_pasleep_scale_weekly_3_s012_41284804_60.pkl
1812,52.0,47.95840920212789,abcd-ml,pasleep,scale,weekly,3,s012,41284804,60,out/abcd-ml_pasleep_scale_weekly_3_s012_41284804_60.pkl
1813,51.0,44.61091567767546,abcd-ml,pasleep,scale,weekly,3,s012,41284804,60,out/abcd-ml_pasleep_scale_weekly_3_s012_41284804_60.pkl
1814,52.0,48.00338785977214,abcd-ml,pasleep,scale,weekly,3,s012,41284804,60,out/abcd-ml_pasleep_scale_weekly_3_s012_41284804_60.pkl
1815,51.0,44.56076085471298,abcd-ml,pasleep,scale,weekly,3,s012,41284804,60,out/abcd-ml_pasleep_scale_weekly_3_s012_41284804_60.pkl
1816,52.0,47.900824269297125,abcd-ml,pasleep,scale,weekly,3,s012,41284804,60,out/abcd-ml_pasleep_scale_weekly_3_s012_41284804_60.pkl
1817,51.0,44.34078577565793,abcd-ml,pasleep,scale,weekly,3,s012,41284804,60,out/abcd-ml_pasleep_scale_weekly_3_s012_41284804_60.pkl
1818,52.0,45.307695651040206,abcd-ml,pasleep,scale,weekly,3,s012,41284804,60,out/abcd-ml_pasleep_scale_weekly_3_s012_41284804_60.pkl
1819,51.0,43.3573272508001,abcd-ml,pasleep,scale,weekly,3,s012,41284804,60,out/abcd-ml_pasleep_scale_weekly_3_s012_41284804_60.pkl
1820,52.0,46.57126632783761,abcd-ml,pasleep,scale,weekly,3,s012,41284804,60,out/abcd-ml_pasleep_scale_weekly_3_s012_41284804_60.pkl
1821,51.0,44.11774756371729,abcd-ml,pasleep,scale,weekly,3,s012,41284804,60,out/abcd-ml_pasleep_scale_weekly_3_s012_41284804_60.pkl
1822,68.0,48.89617706683879,abcd-ml,pasleep,scale,weekly,3,s012,41284804,60,out/abcd-ml_pasleep_scale_weekly_3_s012_41284804_60.pkl
1823,68.0,44.76127738916706,abcd-ml,pasleep,scale,weekly,3,s012,41284804,60,out/abcd-ml_pasleep_scale_weekly_3_s012_41284804_60.pkl
1824,68.0,47.792179706246145,abcd-ml,pasleep,scale,weekly,3,s012,41284804,60,out/abcd-ml_pasleep_scale_weekly_3_s012_41284804_60.pkl
1825,68.0,44.46052881312693,abcd-ml,pasleep,scale,weekly,3,s012,41284804,60,out/abcd-ml_pasleep_scale_weekly_3_s012_41284804_60.pkl
1826,68.0,47.86889820727709,abcd-ml,pasleep,scale,weekly,3,s012,41284804,60,out/abcd-ml_pasleep_scale_weekly_3_s012_41284804_60.pkl
1827,68.0,44.420870203387466,abcd-ml,pasleep,scale,weekly,3,s012,41284804,60,out/abcd-ml_pasleep_scale_weekly_3_s012_41284804_60.pkl
1828,68.0,47.858816693885956,abcd-ml,pasleep,scale,weekly,3,s012,41284804,60,out/abcd-ml_pasleep_scale_weekly_3_s012_41284804_60.pkl
1829,68.0,44.366757086934705,abcd-ml,pasleep,scale,weekly,3,s012,41284804,60,out/abcd-ml_pasleep_scale_weekly_3_s012_41284804_60.pkl
1830,69.0,47.91598622319122,abcd-ml,pasleep,scale,weekly,3,s012,41284804,60,out/abcd-ml_pasleep_scale_weekly_3_s012_41284804_60.pkl
1831,70.0,44.96528181231896,abcd-ml,pasleep,scale,weekly,3,s012,41284804,60,out/abcd-ml_pasleep_scale_weekly_3_s012_41284804_60.pkl
1832,69.0,48.24975984499564,abcd-ml,pasleep,scale,weekly,3,s012,41284804,60,out/abcd-ml_pasleep_scale_weekly_3_s012_41284804_60.pkl
1833,70.0,44.59583903715474,abcd-ml,pasleep,scale,weekly,3,s012,41284804,60,out/abcd-ml_pasleep_scale_weekly_3_s012_41284804_60.pkl
1834,69.0,47.812048109197626,abcd-ml,pasleep,scale,weekly,3,s012,41284804,60,out/abcd-ml_pasleep_scale_weekly_3_s012_41284804_60.pkl
1835,70.0,44.439576693770874,abcd-ml,pasleep,scale,weekly,3,s012,41284804,60,out/abcd-ml_pasleep_scale_weekly_3_s012_41284804_60.pkl
1836,69.0,47.6514290269383,abcd-ml,pasleep,scale,weekly,3,s012,41284804,60,out/abcd-ml_pasleep_scale_weekly_3_s012_41284804_60.pkl
1837,70.0,44.6168031757162,abcd-ml,pasleep,scale,weekly,3,s012,41284804,60,out/abcd-ml_pasleep_scale_weekly_3_s012_41284804_60.pkl
1838,69.0,48.30873046832845,abcd-ml,pasleep,scale,weekly,3,s012,41284804,60,out/abcd-ml_pasleep_scale_weekly_3_s012_41284804_60.pkl
1839,70.0,44.442983515074374,abcd-ml,pasleep,scale,weekly,3,s012,41284804,60,out/abcd-ml_pasleep_scale_weekly_3_s012_41284804_60.pkl
1840,69.0,48.151410387838645,abcd-ml,pasleep,scale,weekly,3,s012,41284804,60,out/abcd-ml_pasleep_scale_weekly_3_s012_41284804_60.pkl
1841,70.0,44.616569867052725,abcd-ml,pasleep,scale,weekly,3,s012,41284804,60,out/abcd-ml_pasleep_scale_weekly_3_s012_41284804_60.pkl
1842,60.0,47.49705069734938,abcd-ml,pasleep,scale,weekly,3,s012,41284804,60,out/abcd-ml_pasleep_scale_weekly_3_s012_41284804_60.pkl
1843,40.0,44.1557767312055,abcd-ml,pasleep,scale,weekly,3,s012,41284804,60,out/abcd-ml_pasleep_scale_weekly_3_s012_41284804_60.pkl
1844,60.0,46.97671065691131,abcd-ml,pasleep,scale,weekly,3,s012,41284804,60,out/abcd-ml_pasleep_scale_weekly_3_s012_41284804_60.pkl
1845,40.0,43.74148346947297,abcd-ml,pasleep,scale,weekly,3,s012,41284804,60,out/abcd-ml_pasleep_scale_weekly_3_s012_41284804_60.pkl
1846,60.0,46.84373808554392,abcd-ml,pasleep,scale,weekly,3,s012,41284804,60,out/abcd-ml_pasleep_scale_weekly_3_s012_41284804_60.pkl
1847,40.0,43.88852678741614,abcd-ml,pasleep,scale,weekly,3,s012,41284804,60,out/abcd-ml_pasleep_scale_weekly_3_s012_41284804_60.pkl
1848,60.0,46.90308937310782,abcd-ml,pasleep,scale,weekly,3,s012,41284804,60,out/abcd-ml_pasleep_scale_weekly_3_s012_41284804_60.pkl
1849,40.0,44.18602157057195,abcd-ml,pasleep,scale,weekly,3,s012,41284804,60,out/abcd-ml_pasleep_scale_weekly_3_s012_41284804_60.pkl
1850,60.0,46.92756705855189,abcd-ml,pasleep,scale,weekly,3,s012,41284804,60,out/abcd-ml_pasleep_scale_weekly_3_s012_41284804_60.pkl
1851,40.0,44.15819158523826,abcd-ml,pasleep,scale,weekly,3,s012,41284804,60,out/abcd-ml_pasleep_scale_weekly_3_s012_41284804_60.pkl
1852,44.0,48.35000040732935,abcd-ml,pasleep,scale,weekly,3,s012,41284804,60,out/abcd-ml_pasleep_scale_weekly_3_s012_41284804_60.pkl
1853,34.0,44.447429096319276,abcd-ml,pasleep,scale,weekly,3,s012,41284804,60,out/abcd-ml_pasleep_scale_weekly_3_s012_41284804_60.pkl
1854,44.0,48.20646685275156,abcd-ml,pasleep,scale,weekly,3,s012,41284804,60,out/abcd-ml_pasleep_scale_weekly_3_s012_41284804_60.pkl
1855,34.0,44.60589370322957,abcd-ml,pasleep,scale,weekly,3,s012,41284804,60,out/abcd-ml_pasleep_scale_weekly_3_s012_41284804_60.pkl
1856,44.0,48.129201641666185,abcd-ml,pasleep,scale,weekly,3,s012,41284804,60,out/abcd-ml_pasleep_scale_weekly_3_s012_41284804_60.pkl
1857,34.0,44.44122945008491,abcd-ml,pasleep,scale,weekly,3,s012,41284804,60,out/abcd-ml_pasleep_scale_weekly_3_s012_41284804_60.pkl
1858,44.0,48.10486721056635,abcd-ml,pasleep,scale,weekly,3,s012,41284804,60,out/abcd-ml_pasleep_scale_weekly_3_s012_41284804_60.pkl
1859,34.0,44.4692162940613,abcd-ml,pasleep,scale,weekly,3,s012,41284804,60,out/abcd-ml_pasleep_scale_weekly_3_s012_41284804_60.pkl
1860,44.0,48.877182971652566,abcd-ml,pasleep,scale,weekly,3,s012,41284804,60,out/abcd-ml_pasleep_scale_weekly_3_s012_41284804_60.pkl
1861,34.0,44.41637360072046,abcd-ml,pasleep,scale,weekly,3,s012,41284804,60,out/abcd-ml_pasleep_scale_weekly_3_s012_41284804_60.pkl
1862,44.0,48.734403354527515,abcd-ml,pasleep,scale,weekly,3,s012,41284804,60,out/abcd-ml_pasleep_scale_weekly_3_s012_41284804_60.pkl
1863,34.0,44.57391642746808,abcd-ml,pasleep,scale,weekly,3,s012,41284804,60,out/abcd-ml_pasleep_scale_weekly_3_s012_41284804_60.pkl
1864,60.0,47.9452431097881,abcd-ml,pasleep,scale,weekly,3,s012,41284804,60,out/abcd-ml_pasleep_scale_weekly_3_s012_41284804_60.pkl
1865,52.0,44.517197858953566,abcd-ml,pasleep,scale,weekly,3,s012,41284804,60,out/abcd-ml_pasleep_scale_weekly_3_s012_41284804_60.pkl
1866,60.0,47.96396403868622,abcd-ml,pasleep,scale,weekly,3,s012,41284804,60,out/abcd-ml_pasleep_scale_weekly_3_s012_41284804_60.pkl
1867,52.0,44.5315565010501,abcd-ml,pasleep,scale,weekly,3,s012,41284804,60,out/abcd-ml_pasleep_scale_weekly_3_s012_41284804_60.pkl
1868,60.0,47.917067778719556,abcd-ml,pasleep,scale,weekly,3,s012,41284804,60,out/abcd-ml_pasleep_scale_weekly_3_s012_41284804_60.pkl
1869,52.0,44.42721249433198,abcd-ml,pasleep,scale,weekly,3,s012,41284804,60,out/abcd-ml_pasleep_scale_weekly_3_s012_41284804_60.pkl
1870,60.0,47.976092849296435,abcd-ml,pasleep,scale,weekly,3,s012,41284804,60,out/abcd-ml_pasleep_scale_weekly_3_s012_41284804_60.pkl
1871,52.0,44.362382463943405,abcd-ml,pasleep,scale,weekly,3,s012,41284804,60,out/abcd-ml_pasleep_scale_weekly_3_s012_41284804_60.pkl
1872,70.0,47.98533495928881,abcd-ml,pasleep,scale,weekly,3,s012,41284804,60,out/abcd-ml_pasleep_scale_weekly_3_s012_41284804_60.pkl
1873,58.0,44.32130447563451,abcd-ml,pasleep,scale,weekly,3,s012,41284804,60,out/abcd-ml_pasleep_scale_weekly_3_s012_41284804_60.pkl
1874,70.0,47.914384001002894,abcd-ml,pasleep,scale,weekly,3,s012,41284804,60,out/abcd-ml_pasleep_scale_weekly_3_s012_41284804_60.pkl
1875,58.0,44.40014846486737,abcd-ml,pasleep,scale,weekly,3,s012,41284804,60,out/abcd-ml_pasleep_scale_weekly_3_s012_41284804_60.pkl
1876,70.0,47.68597358366708,abcd-ml,pasleep,scale,weekly,3,s012,41284804,60,out/abcd-ml_pasleep_scale_weekly_3_s012_41284804_60.pkl
1877,58.0,44.37416094599233,abcd-ml,pasleep,scale,weekly,3,s012,41284804,60,out/abcd-ml_pasleep_scale_weekly_3_s012_41284804_60.pkl
1878,70.0,47.76080975460148,abcd-ml,pasleep,scale,weekly,3,s012,41284804,60,out/abcd-ml_pasleep_scale_weekly_3_s012_41284804_60.pkl
1879,58.0,44.29108325352337,abcd-ml,pasleep,scale,weekly,3,s012,41284804,60,out/abcd-ml_pasleep_scale_weekly_3_s012_41284804_60.pkl
1880,70.0,47.969543654423326,abcd-ml,pasleep,scale,weekly,3,s012,41284804,60,out/abcd-ml_pasleep_scale_weekly_3_s012_41284804_60.pkl
1881,58.0,44.41555801928488,abcd-ml,pasleep,scale,weekly,3,s012,41284804,60,out/abcd-ml_pasleep_scale_weekly_3_s012_41284804_60.pkl
1882,70.0,48.04251488433206,abcd-ml,pasleep,scale,weekly,3,s012,41284804,60,out/abcd-ml_pasleep_scale_weekly_3_s012_41284804_60.pkl
1883,58.0,44.33455654359558,abcd-ml,pasleep,scale,weekly,3,s012,41284804,60,out/abcd-ml_pasleep_scale_weekly_3_s012_41284804_60.pkl
1884,59.0,47.66809896095976,abcd-ml,pasleep,scale,weekly,3,s012,41284804,60,out/abcd-ml_pasleep_scale_weekly_3_s012_41284804_60.pkl
1885,52.0,44.14054739246548,abcd-ml,pasleep,scale,weekly,3,s012,41284804,60,out/abcd-ml_pasleep_scale_weekly_3_s012_41284804_60.pkl
1886,59.0,47.47139074866214,abcd-ml,pasleep,scale,weekly,3,s012,41284804,60,out/abcd-ml_pasleep_scale_weekly_3_s012_41284804_60.pkl
1887,52.0,44.35854526873696,abcd-ml,pasleep,scale,weekly,3,s012,41284804,60,out/abcd-ml_pasleep_scale_weekly_3_s012_41284804_60.pkl
1888,59.0,48.004194841272344,abcd-ml,pasleep,scale,weekly,3,s012,41284804,60,out/abcd-ml_pasleep_scale_weekly_3_s012_41284804_60.pkl
1889,52.0,44.066060648219754,abcd-ml,pasleep,scale,weekly,3,s012,41284804,60,out/abcd-ml_pasleep_scale_weekly_3_s012_41284804_60.pkl
1890,59.0,47.79325054397696,abcd-ml,pasleep,scale,weekly,3,s012,41284804,60,out/abcd-ml_pasleep_scale_weekly_3_s012_41284804_60.pkl
1891,52.0,44.29982627769426,abcd-ml,pasleep,scale,weekly,3,s012,41284804,60,out/abcd-ml_pasleep_scale_weekly_3_s012_41284804_60.pkl
1892,59.0,47.75601451745399,abcd-ml,pasleep,scale,weekly,3,s012,41284804,60,out/abcd-ml_pasleep_scale_weekly_3_s012_41284804_60.pkl
1893,52.0,44.46385992725013,abcd-ml,pasleep,scale,weekly,3,s012,41284804,60,out/abcd-ml_pasleep_scale_weekly_3_s012_41284804_60.pkl
1894,59.0,47.85065293175482,abcd-ml,pasleep,scale,weekly,3,s012,41284804,60,out/abcd-ml_pasleep_scale_weekly_3_s012_41284804_60.pkl
1895,52.0,44.35826269873739,abcd-ml,pasleep,scale,weekly,3,s012,41284804,60,out/abcd-ml_pasleep_scale_weekly_3_s012_41284804_60.pkl
1896,44.0,48.378755859329985,abcd-ml,pasleep,scale,weekly,3,s012,41284804,60,out/abcd-ml_pasleep_scale_weekly_3_s012_41284804_60.pkl
1897,48.0,44.28380678405492,abcd-ml,pasleep,scale,weekly,3,s012,41284804,60,out/abcd-ml_pasleep_scale_weekly_3_s012_41284804_60.pkl
1898,44.0,48.240407427702046,abcd-ml,pasleep,scale,weekly,3,s012,41284804,60,out/abcd-ml_pasleep_scale_weekly_3_s012_41284804_60.pkl
1899,48.0,44.43674788161151,abcd-ml,pasleep,scale,weekly,3,s012,41284804,60,out/abcd-ml_pasleep_scale_weekly_3_s012_41284804_60.pkl
1900,44.0,48.18387339354291,abcd-ml,pasleep,scale,weekly,3,s012,41284804,60,out/abcd-ml_pasleep_scale_weekly_3_s012_41284804_60.pkl
1901,48.0,43.96782276583926,abcd-ml,pasleep,scale,weekly,3,s012,41284804,60,out/abcd-ml_pasleep_scale_weekly_3_s012_41284804_60.pkl
1902,44.0,47.90256116293929,abcd-ml,pasleep,scale,weekly,3,s012,41284804,60,out/abcd-ml_pasleep_scale_weekly_3_s012_41284804_60.pkl
1903,48.0,44.27948169685102,abcd-ml,pasleep,scale,weekly,3,s012,41284804,60,out/abcd-ml_pasleep_scale_weekly_3_s012_41284804_60.pkl
1904,44.0,48.03363271884908,abcd-ml,pasleep,scale,weekly,3,s012,41284804,60,out/abcd-ml_pasleep_scale_weekly_3_s012_41284804_60.pkl
1905,48.0,44.40380451242619,abcd-ml,pasleep,scale,weekly,3,s012,41284804,60,out/abcd-ml_pasleep_scale_weekly_3_s012_41284804_60.pkl
1906,44.0,48.11886106047392,abcd-ml,pasleep,scale,weekly,3,s012,41284804,60,out/abcd-ml_pasleep_scale_weekly_3_s012_41284804_60.pkl
1907,48.0,44.30993372028927,abcd-ml,pasleep,scale,weekly,3,s012,41284804,60,out/abcd-ml_pasleep_scale_weekly_3_s012_41284804_60.pkl
1908,63.0,47.78251946046012,abcd-ml,pasleep,scale,weekly,3,s012,41284804,60,out/abcd-ml_pasleep_scale_weekly_3_s012_41284804_60.pkl
1909,52.0,44.201332928573805,abcd-ml,pasleep,scale,weekly,3,s012,41284804,60,out/abcd-ml_pasleep_scale_weekly_3_s012_41284804_60.pkl
1910,63.0,47.6269732009079,abcd-ml,pasleep,scale,weekly,3,s012,41284804,60,out/abcd-ml_pasleep_scale_weekly_3_s012_41284804_60.pkl
1911,52.0,44.37327278063821,abcd-ml,pasleep,scale,weekly,3,s012,41284804,60,out/abcd-ml_pasleep_scale_weekly_3_s012_41284804_60.pkl
1912,63.0,48.152843780912576,abcd-ml,pasleep,scale,weekly,3,s012,41284804,60,out/abcd-ml_pasleep_scale_weekly_3_s012_41284804_60.pkl
1913,52.0,44.15920518212119,abcd-ml,pasleep,scale,weekly,3,s012,41284804,60,out/abcd-ml_pasleep_scale_weekly_3_s012_41284804_60.pkl
1914,63.0,47.92004091315512,abcd-ml,pasleep,scale,weekly,3,s012,41284804,60,out/abcd-ml_pasleep_scale_weekly_3_s012_41284804_60.pkl
1915,52.0,44.416895507805194,abcd-ml,pasleep,scale,weekly,3,s012,41284804,60,out/abcd-ml_pasleep_scale_weekly_3_s012_41284804_60.pkl
1916,63.0,47.89500887698121,abcd-ml,pasleep,scale,weekly,3,s012,41284804,60,out/abcd-ml_pasleep_scale_weekly_3_s012_41284804_60.pkl
1917,52.0,44.150225066131085,abcd-ml,pasleep,scale,weekly,3,s012,41284804,60,out/abcd-ml_pasleep_scale_weekly_3_s012_41284804_60.pkl
1918,63.0,47.762605001069545,abcd-ml,pasleep,scale,weekly,3,s012,41284804,60,out/abcd-ml_pasleep_scale_weekly_3_s012_41284804_60.pkl
1919,52.0,44.296389336877,abcd-ml,pasleep,scale,weekly,3,s012,41284804,60,out/abcd-ml_pasleep_scale_weekly_3_s012_41284804_60.pkl
1920,62.0,47.50261507851022,abcd-ml,pasleep,scale,weekly,3,s012,41284804,60,out/abcd-ml_pasleep_scale_weekly_3_s012_41284804_60.pkl
1921,46.0,44.30651800072349,abcd-ml,pasleep,scale,weekly,3,s012,41284804,60,out/abcd-ml_pasleep_scale_weekly_3_s012_41284804_60.pkl
1922,62.0,47.52263060046524,abcd-ml,pasleep,scale,weekly,3,s012,41284804,60,out/abcd-ml_pasleep_scale_weekly_3_s012_41284804_60.pkl
1923,46.0,44.284954286385116,abcd-ml,pasleep,scale,weekly,3,s012,41284804,60,out/abcd-ml_pasleep_scale_weekly_3_s012_41284804_60.pkl
1924,62.0,47.00881014318602,abcd-ml,pasleep,scale,weekly,3,s012,41284804,60,out/abcd-ml_pasleep_scale_weekly_3_s012_41284804_60.pkl
1925,46.0,44.09870368198022,abcd-ml,pasleep,scale,weekly,3,s012,41284804,60,out/abcd-ml_pasleep_scale_weekly_3_s012_41284804_60.pkl
1926,62.0,47.85175806538047,abcd-ml,pasleep,scale,weekly,3,s012,41284804,60,out/abcd-ml_pasleep_scale_weekly_3_s012_41284804_60.pkl
1927,46.0,44.450016568178654,abcd-ml,pasleep,scale,weekly,3,s012,41284804,60,out/abcd-ml_pasleep_scale_weekly_3_s012_41284804_60.pkl
1928,62.0,47.91230259913789,abcd-ml,pasleep,scale,weekly,3,s012,41284804,60,out/abcd-ml_pasleep_scale_weekly_3_s012_41284804_60.pkl
1929,46.0,44.38336405951853,abcd-ml,pasleep,scale,weekly,3,s012,41284804,60,out/abcd-ml_pasleep_scale_weekly_3_s012_41284804_60.pkl
1930,60.0,47.82605138311024,abcd-ml,pasleep,scale,weekly,3,s012,41284804,60,out/abcd-ml_pasleep_scale_weekly_3_s012_41284804_60.pkl
1931,49.0,44.507830236325695,abcd-ml,pasleep,scale,weekly,3,s012,41284804,60,out/abcd-ml_pasleep_scale_weekly_3_s012_41284804_60.pkl
1932,60.0,47.930880112213906,abcd-ml,pasleep,scale,weekly,3,s012,41284804,60,out/abcd-ml_pasleep_scale_weekly_3_s012_41284804_60.pkl
1933,49.0,44.39196720482313,abcd-ml,pasleep,scale,weekly,3,s012,41284804,60,out/abcd-ml_pasleep_scale_weekly_3_s012_41284804_60.pkl
1934,60.0,47.86745361493247,abcd-ml,pasleep,scale,weekly,3,s012,41284804,60,out/abcd-ml_pasleep_scale_weekly_3_s012_41284804_60.pkl
1935,49.0,44.32105407865821,abcd-ml,pasleep,scale,weekly,3,s012,41284804,60,out/abcd-ml_pasleep_scale_weekly_3_s012_41284804_60.pkl
1936,60.0,47.89933560518598,abcd-ml,pasleep,scale,weekly,3,s012,41284804,60,out/abcd-ml_pasleep_scale_weekly_3_s012_41284804_60.pkl
1937,49.0,44.28615147514665,abcd-ml,pasleep,scale,weekly,3,s012,41284804,60,out/abcd-ml_pasleep_scale_weekly_3_s012_41284804_60.pkl
1938,60.0,47.90373796938,abcd-ml,pasleep,scale,weekly,3,s012,41284804,60,out/abcd-ml_pasleep_scale_weekly_3_s012_41284804_60.pkl
1939,49.0,44.37278946345798,abcd-ml,pasleep,scale,weekly,3,s012,41284804,60,out/abcd-ml_pasleep_scale_weekly_3_s012_41284804_60.pkl
1940,60.0,47.90836456450869,abcd-ml,pasleep,scale,weekly,3,s012,41284804,60,out/abcd-ml_pasleep_scale_weekly_3_s012_41284804_60.pkl
1941,49.0,44.3681089481977,abcd-ml,pasleep,scale,weekly,3,s012,41284804,60,out/abcd-ml_pasleep_scale_weekly_3_s012_41284804_60.pkl
1942,41.0,47.11326699334654,abcd-ml,pasleep,scale,weekly,3,s012,41284804,60,out/abcd-ml_pasleep_scale_weekly_3_s012_41284804_60.pkl
1943,44.0,44.21167610072503,abcd-ml,pasleep,scale,weekly,3,s012,41284804,60,out/abcd-ml_pasleep_scale_weekly_3_s012_41284804_60.pkl
1944,41.0,47.17178027937769,abcd-ml,pasleep,scale,weekly,3,s012,41284804,60,out/abcd-ml_pasleep_scale_weekly_3_s012_41284804_60.pkl
1945,44.0,44.146956951882956,abcd-ml,pasleep,scale,weekly,3,s012,41284804,60,out/abcd-ml_pasleep_scale_weekly_3_s012_41284804_60.pkl
1946,41.0,47.50852009701502,abcd-ml,pasleep,scale,weekly,3,s012,41284804,60,out/abcd-ml_pasleep_scale_weekly_3_s012_41284804_60.pkl
1947,44.0,44.176205805949394,abcd-ml,pasleep,scale,weekly,3,s012,41284804,60,out/abcd-ml_pasleep_scale_weekly_3_s012_41284804_60.pkl
1948,41.0,47.51965637459247,abcd-ml,pasleep,scale,weekly,3,s012,41284804,60,out/abcd-ml_pasleep_scale_weekly_3_s012_41284804_60.pkl
1949,44.0,44.16405244689801,abcd-ml,pasleep,scale,weekly,3,s012,41284804,60,out/abcd-ml_pasleep_scale_weekly_3_s012_41284804_60.pkl
1950,41.0,47.390464257046865,abcd-ml,pasleep,scale,weekly,3,s012,41284804,60,out/abcd-ml_pasleep_scale_weekly_3_s012_41284804_60.pkl
1951,44.0,44.28770440300178,abcd-ml,pasleep,scale,weekly,3,s012,41284804,60,out/abcd-ml_pasleep_scale_weekly_3_s012_41284804_60.pkl
1952,41.0,47.32712560192381,abcd-ml,pasleep,scale,weekly,3,s012,41284804,60,out/abcd-ml_pasleep_scale_weekly_3_s012_41284804_60.pkl
1953,44.0,44.35821369145101,abcd-ml,pasleep,scale,weekly,3,s012,41284804,60,out/abcd-ml_pasleep_scale_weekly_3_s012_41284804_60.pkl
1954,48.0,47.93768804802213,abcd-ml,pasleep,scale,weekly,3,s012,41284804,60,out/abcd-ml_pasleep_scale_weekly_3_s012_41284804_60.pkl
1955,33.0,44.25707692582884,abcd-ml,pasleep,scale,weekly,3,s012,41284804,60,out/abcd-ml_pasleep_scale_weekly_3_s012_41284804_60.pkl
1956,48.0,47.24587409543217,abcd-ml,pasleep,scale,weekly,3,s012,41284804,60,out/abcd-ml_pasleep_scale_weekly_3_s012_41284804_60.pkl
1957,33.0,43.9426499556151,abcd-ml,pasleep,scale,weekly,3,s012,41284804,60,out/abcd-ml_pasleep_scale_weekly_3_s012_41284804_60.pkl
1958,48.0,47.21444624075299,abcd-ml,pasleep,scale,weekly,3,s012,41284804,60,out/abcd-ml_pasleep_scale_weekly_3_s012_41284804_60.pkl
1959,33.0,44.161845071515266,abcd-ml,pasleep,scale,weekly,3,s012,41284804,60,out/abcd-ml_pasleep_scale_weekly_3_s012_41284804_60.pkl
1960,48.0,47.3555227778825,abcd-ml,pasleep,scale,weekly,3,s012,41284804,60,out/abcd-ml_pasleep_scale_weekly_3_s012_41284804_60.pkl
1961,33.0,44.00638789218646,abcd-ml,pasleep,scale,weekly,3,s012,41284804,60,out/abcd-ml_pasleep_scale_weekly_3_s012_41284804_60.pkl
1962,43.0,48.77975688871148,abcd-ml,pasleep,scale,weekly,3,s012,41284804,60,out/abcd-ml_pasleep_scale_weekly_3_s012_41284804_60.pkl
1963,53.0,44.942350124006204,abcd-ml,pasleep,scale,weekly,3,s012,41284804,60,out/abcd-ml_pasleep_scale_weekly_3_s012_41284804_60.pkl
1964,43.0,47.73602454289835,abcd-ml,pasleep,scale,weekly,3,s012,41284804,60,out/abcd-ml_pasleep_scale_weekly_3_s012_41284804_60.pkl
1965,53.0,44.5230125862785,abcd-ml,pasleep,scale,weekly,3,s012,41284804,60,out/abcd-ml_pasleep_scale_weekly_3_s012_41284804_60.pkl
1966,43.0,47.83429878803188,abcd-ml,pasleep,scale,weekly,3,s012,41284804,60,out/abcd-ml_pasleep_scale_weekly_3_s012_41284804_60.pkl
1967,53.0,44.4139309573288,abcd-ml,pasleep,scale,weekly,3,s012,41284804,60,out/abcd-ml_pasleep_scale_weekly_3_s012_41284804_60.pkl
1968,43.0,47.822045100627996,abcd-ml,pasleep,scale,weekly,3,s012,41284804,60,out/abcd-ml_pasleep_scale_weekly_3_s012_41284804_60.pkl
1969,53.0,44.570445106561266,abcd-ml,pasleep,scale,weekly,3,s012,41284804,60,out/abcd-ml_pasleep_scale_weekly_3_s012_41284804_60.pkl
1970,43.0,47.79430335276155,abcd-ml,pasleep,scale,weekly,3,s012,41284804,60,out/abcd-ml_pasleep_scale_weekly_3_s012_41284804_60.pkl
1971,53.0,44.600796537953954,abcd-ml,pasleep,scale,weekly,3,s012,41284804,60,out/abcd-ml_pasleep_scale_weekly_3_s012_41284804_60.pkl
1972,43.0,47.52220732920859,abcd-ml,pasleep,scale,weekly,3,s012,41284804,60,out/abcd-ml_pasleep_scale_weekly_3_s012_41284804_60.pkl
1973,53.0,43.88657186863767,abcd-ml,pasleep,scale,weekly,3,s012,41284804,60,out/abcd-ml_pasleep_scale_weekly_3_s012_41284804_60.pkl
1974,43.0,47.24164354935924,abcd-ml,pasleep,scale,weekly,3,s012,41284804,60,out/abcd-ml_pasleep_scale_weekly_3_s012_41284804_60.pkl
1975,53.0,44.19853537770097,abcd-ml,pasleep,scale,weekly,3,s012,41284804,60,out/abcd-ml_pasleep_scale_weekly_3_s012_41284804_60.pkl
1976,43.0,47.87187889772151,abcd-ml,pasleep,scale,weekly,3,s012,41284804,60,out/abcd-ml_pasleep_scale_weekly_3_s012_41284804_60.pkl
1977,54.0,44.246329570579526,abcd-ml,pasleep,scale,weekly,3,s012,41284804,60,out/abcd-ml_pasleep_scale_weekly_3_s012_41284804_60.pkl
1978,43.0,47.77843028822436,abcd-ml,pasleep,scale,weekly,3,s012,41284804,60,out/abcd-ml_pasleep_scale_weekly_3_s012_41284804_60.pkl
1979,54.0,44.34982115417993,abcd-ml,pasleep,scale,weekly,3,s012,41284804,60,out/abcd-ml_pasleep_scale_weekly_3_s012_41284804_60.pkl
1980,43.0,47.14808843991114,abcd-ml,pasleep,scale,weekly,3,s012,41284804,60,out/abcd-ml_pasleep_scale_weekly_3_s012_41284804_60.pkl
1981,54.0,44.232501487860716,abcd-ml,pasleep,scale,weekly,3,s012,41284804,60,out/abcd-ml_pasleep_scale_weekly_3_s012_41284804_60.pkl
1982,43.0,46.98133104464597,abcd-ml,pasleep,scale,weekly,3,s012,41284804,60,out/abcd-ml_pasleep_scale_weekly_3_s012_41284804_60.pkl
1983,54.0,44.417999608682564,abcd-ml,pasleep,scale,weekly,3,s012,41284804,60,out/abcd-ml_pasleep_scale_weekly_3_s012_41284804_60.pkl
1984,43.0,47.05104827001303,abcd-ml,pasleep,scale,weekly,3,s012,41284804,60,out/abcd-ml_pasleep_scale_weekly_3_s012_41284804_60.pkl
1985,54.0,43.849286749361696,abcd-ml,pasleep,scale,weekly,3,s012,41284804,60,out/abcd-ml_pasleep_scale_weekly_3_s012_41284804_60.pkl
1986,43.0,46.896803273197605,abcd-ml,pasleep,scale,weekly,3,s012,41284804,60,out/abcd-ml_pasleep_scale_weekly_3_s012_41284804_60.pkl
1987,54.0,44.0202056657359,abcd-ml,pasleep,scale,weekly,3,s012,41284804,60,out/abcd-ml_pasleep_scale_weekly_3_s012_41284804_60.pkl
1988,39.0,47.46408830404734,abcd-ml,pasleep,scale,weekly,3,s012,41284804,60,out/abcd-ml_pasleep_scale_weekly_3_s012_41284804_60.pkl
1989,41.0,44.28400788179829,abcd-ml,pasleep,scale,weekly,3,s012,41284804,60,out/abcd-ml_pasleep_scale_weekly_3_s012_41284804_60.pkl
1990,39.0,47.4686443202526,abcd-ml,pasleep,scale,weekly,3,s012,41284804,60,out/abcd-ml_pasleep_scale_weekly_3_s012_41284804_60.pkl
1991,41.0,44.279572290422216,abcd-ml,pasleep,scale,weekly,3,s012,41284804,60,out/abcd-ml_pasleep_scale_weekly_3_s012_41284804_60.pkl
1992,39.0,47.04254133137842,abcd-ml,pasleep,scale,weekly,3,s012,41284804,60,out/abcd-ml_pasleep_scale_weekly_3_s012_41284804_60.pkl
1993,41.0,44.22348789981493,abcd-ml,pasleep,scale,weekly,3,s012,41284804,60,out/abcd-ml_pasleep_scale_weekly_3_s012_41284804_60.pkl
1994,39.0,47.56235959684397,abcd-ml,pasleep,scale,weekly,3,s012,41284804,60,out/abcd-ml_pasleep_scale_weekly_3_s012_41284804_60.pkl
1995,41.0,44.280989909463926,abcd-ml,pasleep,scale,weekly,3,s012,41284804,60,out/abcd-ml_pasleep_scale_weekly_3_s012_41284804_60.pkl
1996,34.0,47.90534763603897,abcd-ml,pasleep,scale,weekly,3,s012,41284804,60,out/abcd-ml_pasleep_scale_weekly_3_s012_41284804_60.pkl
1997,40.0,44.36302403995459,abcd-ml,pasleep,scale,weekly,3,s012,41284804,60,out/abcd-ml_pasleep_scale_weekly_3_s012_41284804_60.pkl
1998,34.0,47.93034936534668,abcd-ml,pasleep,scale,weekly,3,s012,41284804,60,out/abcd-ml_pasleep_scale_weekly_3_s012_41284804_60.pkl
1999,40.0,44.3357385015418,abcd-ml,pasleep,scale,weekly,3,s012,41284804,60,out/abcd-ml_pasleep_scale_weekly_3_s012_41284804_60.pkl
2000,34.0,47.654440771958356,abcd-ml,pasleep,scale,weekly,3,s012,41284804,60,out/abcd-ml_pasleep_scale_weekly_3_s012_41284804_60.pkl
2001,40.0,44.261175063445236,abcd-ml,pasleep,scale,weekly,3,s012,41284804,60,out/abcd-ml_pasleep_scale_weekly_3_s012_41284804_60.pkl
2002,34.0,47.669019612126554,abcd-ml,pasleep,scale,weekly,3,s012,41284804,60,out/abcd-ml_pasleep_scale_weekly_3_s012_41284804_60.pkl
2003,40.0,44.24542085272503,abcd-ml,pasleep,scale,weekly,3,s012,41284804,60,out/abcd-ml_pasleep_scale_weekly_3_s012_41284804_60.pkl
2004,34.0,47.55989131444589,abcd-ml,pasleep,scale,weekly,3,s012,41284804,60,out/abcd-ml_pasleep_scale_weekly_3_s012_41284804_60.pkl
2005,40.0,44.39672014607075,abcd-ml,pasleep,scale,weekly,3,s012,41284804,60,out/abcd-ml_pasleep_scale_weekly_3_s012_41284804_60.pkl
2006,34.0,47.57381116044158,abcd-ml,pasleep,scale,weekly,3,s012,41284804,60,out/abcd-ml_pasleep_scale_weekly_3_s012_41284804_60.pkl
2007,40.0,44.38165705920629,abcd-ml,pasleep,scale,weekly,3,s012,41284804,60,out/abcd-ml_pasleep_scale_weekly_3_s012_41284804_60.pkl
2008,40.0,47.36001675669124,abcd-ml,pasleep,scale,weekly,3,s012,41284804,60,out/abcd-ml_pasleep_scale_weekly_3_s012_41284804_60.pkl
2009,34.0,44.35225569219827,abcd-ml,pasleep,scale,weekly,3,s012,41284804,60,out/abcd-ml_pasleep_scale_weekly_3_s012_41284804_60.pkl
2010,40.0,47.507399593715164,abcd-ml,pasleep,scale,weekly,3,s012,41284804,60,out/abcd-ml_pasleep_scale_weekly_3_s012_41284804_60.pkl
2011,34.0,44.47638029153683,abcd-ml,pasleep,scale,weekly,3,s012,41284804,60,out/abcd-ml_pasleep_scale_weekly_3_s012_41284804_60.pkl
2012,40.0,47.58061696361304,abcd-ml,pasleep,scale,weekly,3,s012,41284804,60,out/abcd-ml_pasleep_scale_weekly_3_s012_41284804_60.pkl
2013,34.0,44.39172730172744,abcd-ml,pasleep,scale,weekly,3,s012,41284804,60,out/abcd-ml_pasleep_scale_weekly_3_s012_41284804_60.pkl
2014,34.0,48.775145131044006,abcd-ml,pasleep,scale,weekly,3,s012,41284804,60,out/abcd-ml_pasleep_scale_weekly_3_s012_41284804_60.pkl
2015,34.0,44.775433141659676,abcd-ml,pasleep,scale,weekly,3,s012,41284804,60,out/abcd-ml_pasleep_scale_weekly_3_s012_41284804_60.pkl
2016,34.0,48.87522046859689,abcd-ml,pasleep,scale,weekly,3,s012,41284804,60,out/abcd-ml_pasleep_scale_weekly_3_s012_41284804_60.pkl
2017,34.0,44.66442218328663,abcd-ml,pasleep,scale,weekly,3,s012,41284804,60,out/abcd-ml_pasleep_scale_weekly_3_s012_41284804_60.pkl
2018,34.0,47.761965198345436,abcd-ml,pasleep,scale,weekly,3,s012,41284804,60,out/abcd-ml_pasleep_scale_weekly_3_s012_41284804_60.pkl
2019,34.0,44.49459048430916,abcd-ml,pasleep,scale,weekly,3,s012,41284804,60,out/abcd-ml_pasleep_scale_weekly_3_s012_41284804_60.pkl
2020,34.0,48.87992526949227,abcd-ml,pasleep,scale,weekly,3,s012,41284804,60,out/abcd-ml_pasleep_scale_weekly_3_s012_41284804_60.pkl
2021,34.0,44.61180488586479,abcd-ml,pasleep,scale,weekly,3,s012,41284804,60,out/abcd-ml_pasleep_scale_weekly_3_s012_41284804_60.pkl
2022,34.0,48.8285574550661,abcd-ml,pasleep,scale,weekly,3,s012,41284804,60,out/abcd-ml_pasleep_scale_weekly_3_s012_41284804_60.pkl
2023,34.0,44.66891278149683,abcd-ml,pasleep,scale,weekly,3,s012,41284804,60,out/abcd-ml_pasleep_scale_weekly_3_s012_41284804_60.pkl
2024,34.0,48.6335885399768,abcd-ml,pasleep,scale,weekly,3,s012,41284804,60,out/abcd-ml_pasleep_scale_weekly_3_s012_41284804_60.pkl
2025,34.0,44.62669581227779,abcd-ml,pasleep,scale,weekly,3,s012,41284804,60,out/abcd-ml_pasleep_scale_weekly_3_s012_41284804_60.pkl
2026,34.0,48.65684643901101,abcd-ml,pasleep,scale,weekly,3,s012,41284804,60,out/abcd-ml_pasleep_scale_weekly_3_s012_41284804_60.pkl
2027,34.0,44.60089848579954,abcd-ml,pasleep,scale,weekly,3,s012,41284804,60,out/abcd-ml_pasleep_scale_weekly_3_s012_41284804_60.pkl
2028,70.0,48.55188849949804,abcd-ml,pasleep,scale,weekly,3,s012,41284804,60,out/abcd-ml_pasleep_scale_weekly_3_s012_41284804_60.pkl
2029,61.0,44.68958131120692,abcd-ml,pasleep,scale,weekly,3,s012,41284804,60,out/abcd-ml_pasleep_scale_weekly_3_s012_41284804_60.pkl
2030,70.0,48.64964877768409,abcd-ml,pasleep,scale,weekly,3,s012,41284804,60,out/abcd-ml_pasleep_scale_weekly_3_s012_41284804_60.pkl
2031,61.0,44.58239002295957,abcd-ml,pasleep,scale,weekly,3,s012,41284804,60,out/abcd-ml_pasleep_scale_weekly_3_s012_41284804_60.pkl
2032,70.0,48.53487159966349,abcd-ml,pasleep,scale,weekly,3,s012,41284804,60,out/abcd-ml_pasleep_scale_weekly_3_s012_41284804_60.pkl
2033,61.0,44.80306510911105,abcd-ml,pasleep,scale,weekly,3,s012,41284804,60,out/abcd-ml_pasleep_scale_weekly_3_s012_41284804_60.pkl
2034,70.0,48.7151413658383,abcd-ml,pasleep,scale,weekly,3,s012,41284804,60,out/abcd-ml_pasleep_scale_weekly_3_s012_41284804_60.pkl
2035,61.0,44.60421362968799,abcd-ml,pasleep,scale,weekly,3,s012,41284804,60,out/abcd-ml_pasleep_scale_weekly_3_s012_41284804_60.pkl
2036,70.0,48.76705213880268,abcd-ml,pasleep,scale,weekly,3,s012,41284804,60,out/abcd-ml_pasleep_scale_weekly_3_s012_41284804_60.pkl
2037,61.0,44.747183603839105,abcd-ml,pasleep,scale,weekly,3,s012,41284804,60,out/abcd-ml_pasleep_scale_weekly_3_s012_41284804_60.pkl
2038,53.0,47.812089657451914,abcd-ml,pasleep,scale,weekly,3,s012,41284804,60,out/abcd-ml_pasleep_scale_weekly_3_s012_41284804_60.pkl
2039,46.0,44.5347299387768,abcd-ml,pasleep,scale,weekly,3,s012,41284804,60,out/abcd-ml_pasleep_scale_weekly_3_s012_41284804_60.pkl
2040,53.0,47.95386169947968,abcd-ml,pasleep,scale,weekly,3,s012,41284804,60,out/abcd-ml_pasleep_scale_weekly_3_s012_41284804_60.pkl
2041,46.0,44.378299090987014,abcd-ml,pasleep,scale,weekly,3,s012,41284804,60,out/abcd-ml_pasleep_scale_weekly_3_s012_41284804_60.pkl
2042,53.0,47.68411408062353,abcd-ml,pasleep,scale,weekly,3,s012,41284804,60,out/abcd-ml_pasleep_scale_weekly_3_s012_41284804_60.pkl
2043,46.0,44.6153484176116,abcd-ml,pasleep,scale,weekly,3,s012,41284804,60,out/abcd-ml_pasleep_scale_weekly_3_s012_41284804_60.pkl
2044,53.0,47.86539685338173,abcd-ml,pasleep,scale,weekly,3,s012,41284804,60,out/abcd-ml_pasleep_scale_weekly_3_s012_41284804_60.pkl
2045,46.0,44.4149809693915,abcd-ml,pasleep,scale,weekly,3,s012,41284804,60,out/abcd-ml_pasleep_scale_weekly_3_s012_41284804_60.pkl
2046,53.0,47.68087755206794,abcd-ml,pasleep,scale,weekly,3,s012,41284804,60,out/abcd-ml_pasleep_scale_weekly_3_s012_41284804_60.pkl
2047,46.0,44.269272407798155,abcd-ml,pasleep,scale,weekly,3,s012,41284804,60,out/abcd-ml_pasleep_scale_weekly_3_s012_41284804_60.pkl
2048,53.0,47.555356447348444,abcd-ml,pasleep,scale,weekly,3,s012,41284804,60,out/abcd-ml_pasleep_scale_weekly_3_s012_41284804_60.pkl
2049,46.0,44.4077596856978,abcd-ml,pasleep,scale,weekly,3,s012,41284804,60,out/abcd-ml_pasleep_scale_weekly_3_s012_41284804_60.pkl
2050,48.0,47.666989077499125,abcd-ml,pasleep,scale,weekly,3,s012,41284804,60,out/abcd-ml_pasleep_scale_weekly_3_s012_41284804_60.pkl
2051,49.0,44.62914405239184,abcd-ml,pasleep,scale,weekly,3,s012,41284804,60,out/abcd-ml_pasleep_scale_weekly_3_s012_41284804_60.pkl
2052,48.0,47.838248570259,abcd-ml,pasleep,scale,weekly,3,s012,41284804,60,out/abcd-ml_pasleep_scale_weekly_3_s012_41284804_60.pkl
2053,49.0,44.440316313812524,abcd-ml,pasleep,scale,weekly,3,s012,41284804,60,out/abcd-ml_pasleep_scale_weekly_3_s012_41284804_60.pkl
2054,48.0,47.059066137112715,abcd-ml,pasleep,scale,weekly,3,s012,41284804,60,out/abcd-ml_pasleep_scale_weekly_3_s012_41284804_60.pkl
2055,49.0,44.306758126490784,abcd-ml,pasleep,scale,weekly,3,s012,41284804,60,out/abcd-ml_pasleep_scale_weekly_3_s012_41284804_60.pkl
2056,48.0,47.25903162011856,abcd-ml,pasleep,scale,weekly,3,s012,41284804,60,out/abcd-ml_pasleep_scale_weekly_3_s012_41284804_60.pkl
2057,49.0,44.3203931236595,abcd-ml,pasleep,scale,weekly,3,s012,41284804,60,out/abcd-ml_pasleep_scale_weekly_3_s012_41284804_60.pkl
2058,48.0,47.081707181290405,abcd-ml,pasleep,scale,weekly,3,s012,41284804,60,out/abcd-ml_pasleep_scale_weekly_3_s012_41284804_60.pkl
2059,49.0,44.51605236757488,abcd-ml,pasleep,scale,weekly,3,s012,41284804,60,out/abcd-ml_pasleep_scale_weekly_3_s012_41284804_60.pkl
2060,39.0,47.541496379432935,abcd-ml,pasleep,scale,weekly,3,s012,41284804,60,out/abcd-ml_pasleep_scale_weekly_3_s012_41284804_60.pkl
2061,34.0,44.17143492460876,abcd-ml,pasleep,scale,weekly,3,s012,41284804,60,out/abcd-ml_pasleep_scale_weekly_3_s012_41284804_60.pkl
2062,39.0,47.45709551183753,abcd-ml,pasleep,scale,weekly,3,s012,41284804,60,out/abcd-ml_pasleep_scale_weekly_3_s012_41284804_60.pkl
2063,34.0,44.26528870339571,abcd-ml,pasleep,scale,weekly,3,s012,41284804,60,out/abcd-ml_pasleep_scale_weekly_3_s012_41284804_60.pkl
2064,39.0,48.3165144533886,abcd-ml,pasleep,scale,weekly,3,s012,41284804,60,out/abcd-ml_pasleep_scale_weekly_3_s012_41284804_60.pkl
2065,34.0,44.62914951858335,abcd-ml,pasleep,scale,weekly,3,s012,41284804,60,out/abcd-ml_pasleep_scale_weekly_3_s012_41284804_60.pkl
2066,39.0,48.22702956418541,abcd-ml,pasleep,scale,weekly,3,s012,41284804,60,out/abcd-ml_pasleep_scale_weekly_3_s012_41284804_60.pkl
2067,34.0,44.728431540352474,abcd-ml,pasleep,scale,weekly,3,s012,41284804,60,out/abcd-ml_pasleep_scale_weekly_3_s012_41284804_60.pkl
2068,39.0,49.07822799272581,abcd-ml,pasleep,scale,weekly,3,s012,41284804,60,out/abcd-ml_pasleep_scale_weekly_3_s012_41284804_60.pkl
2069,34.0,44.69017511879974,abcd-ml,pasleep,scale,weekly,3,s012,41284804,60,out/abcd-ml_pasleep_scale_weekly_3_s012_41284804_60.pkl
2070,39.0,49.07087470338527,abcd-ml,pasleep,scale,weekly,3,s012,41284804,60,out/abcd-ml_pasleep_scale_weekly_3_s012_41284804_60.pkl
2071,34.0,44.69828877217842,abcd-ml,pasleep,scale,weekly,3,s012,41284804,60,out/abcd-ml_pasleep_scale_weekly_3_s012_41284804_60.pkl
2072,55.0,47.67861840061039,abcd-ml,pasleep,scale,weekly,3,s012,41284804,60,out/abcd-ml_pasleep_scale_weekly_3_s012_41284804_60.pkl
2073,44.0,44.298637613597556,abcd-ml,pasleep,scale,weekly,3,s012,41284804,60,out/abcd-ml_pasleep_scale_weekly_3_s012_41284804_60.pkl
2074,55.0,47.64448408411478,abcd-ml,pasleep,scale,weekly,3,s012,41284804,60,out/abcd-ml_pasleep_scale_weekly_3_s012_41284804_60.pkl
2075,44.0,44.336438676690086,abcd-ml,pasleep,scale,weekly,3,s012,41284804,60,out/abcd-ml_pasleep_scale_weekly_3_s012_41284804_60.pkl
2076,55.0,47.898353075774864,abcd-ml,pasleep,scale,weekly,3,s012,41284804,60,out/abcd-ml_pasleep_scale_weekly_3_s012_41284804_60.pkl
2077,44.0,44.07862463557905,abcd-ml,pasleep,scale,weekly,3,s012,41284804,60,out/abcd-ml_pasleep_scale_weekly_3_s012_41284804_60.pkl
2078,55.0,47.81029268467739,abcd-ml,pasleep,scale,weekly,3,s012,41284804,60,out/abcd-ml_pasleep_scale_weekly_3_s012_41284804_60.pkl
2079,44.0,44.176266499254034,abcd-ml,pasleep,scale,weekly,3,s012,41284804,60,out/abcd-ml_pasleep_scale_weekly_3_s012_41284804_60.pkl
2080,55.0,47.700142588744455,abcd-ml,pasleep,scale,weekly,3,s012,41284804,60,out/abcd-ml_pasleep_scale_weekly_3_s012_41284804_60.pkl
2081,44.0,44.209215139212354,abcd-ml,pasleep,scale,weekly,3,s012,41284804,60,out/abcd-ml_pasleep_scale_weekly_3_s012_41284804_60.pkl
2082,55.0,47.676152643172664,abcd-ml,pasleep,scale,weekly,3,s012,41284804,60,out/abcd-ml_pasleep_scale_weekly_3_s012_41284804_60.pkl
2083,44.0,44.23568562329339,abcd-ml,pasleep,scale,weekly,3,s012,41284804,60,out/abcd-ml_pasleep_scale_weekly_3_s012_41284804_60.pkl
2084,52.0,47.79383433577925,abcd-ml,pasleep,scale,weekly,3,s012,41284804,60,out/abcd-ml_pasleep_scale_weekly_3_s012_41284804_60.pkl
2085,34.0,44.91524865441285,abcd-ml,pasleep,scale,weekly,3,s012,41284804,60,out/abcd-ml_pasleep_scale_weekly_3_s012_41284804_60.pkl
2086,52.0,48.189924654260636,abcd-ml,pasleep,scale,weekly,3,s012,41284804,60,out/abcd-ml_pasleep_scale_weekly_3_s012_41284804_60.pkl
2087,34.0,44.47675085797938,abcd-ml,pasleep,scale,weekly,3,s012,41284804,60,out/abcd-ml_pasleep_scale_weekly_3_s012_41284804_60.pkl
2088,52.0,48.02499137846704,abcd-ml,pasleep,scale,weekly,3,s012,41284804,60,out/abcd-ml_pasleep_scale_weekly_3_s012_41284804_60.pkl
2089,34.0,44.432208308055834,abcd-ml,pasleep,scale,weekly,3,s012,41284804,60,out/abcd-ml_pasleep_scale_weekly_3_s012_41284804_60.pkl
2090,52.0,47.82406635729529,abcd-ml,pasleep,scale,weekly,3,s012,41284804,60,out/abcd-ml_pasleep_scale_weekly_3_s012_41284804_60.pkl
2091,34.0,44.65404293259974,abcd-ml,pasleep,scale,weekly,3,s012,41284804,60,out/abcd-ml_pasleep_scale_weekly_3_s012_41284804_60.pkl
2092,52.0,48.2790943536591,abcd-ml,pasleep,scale,weekly,3,s012,41284804,60,out/abcd-ml_pasleep_scale_weekly_3_s012_41284804_60.pkl
2093,34.0,44.48029607217636,abcd-ml,pasleep,scale,weekly,3,s012,41284804,60,out/abcd-ml_pasleep_scale_weekly_3_s012_41284804_60.pkl
2094,52.0,47.88791843154226,abcd-ml,pasleep,scale,weekly,3,s012,41284804,60,out/abcd-ml_pasleep_scale_weekly_3_s012_41284804_60.pkl
2095,34.0,44.91342323441074,abcd-ml,pasleep,scale,weekly,3,s012,41284804,60,out/abcd-ml_pasleep_scale_weekly_3_s012_41284804_60.pkl
2096,48.0,48.12276429114539,abcd-ml,pasleep,scale,weekly,3,s012,41284804,60,out/abcd-ml_pasleep_scale_weekly_3_s012_41284804_60.pkl
2097,54.0,44.40374951474547,abcd-ml,pasleep,scale,weekly,3,s012,41284804,60,out/abcd-ml_pasleep_scale_weekly_3_s012_41284804_60.pkl
2098,48.0,48.08333745575569,abcd-ml,pasleep,scale,weekly,3,s012,41284804,60,out/abcd-ml_pasleep_scale_weekly_3_s012_41284804_60.pkl
2099,54.0,44.447594508431784,abcd-ml,pasleep,scale,weekly,3,s012,41284804,60,out/abcd-ml_pasleep_scale_weekly_3_s012_41284804_60.pkl
2100,48.0,48.091258677903106,abcd-ml,pasleep,scale,weekly,3,s012,41284804,60,out/abcd-ml_pasleep_scale_weekly_3_s012_41284804_60.pkl
2101,54.0,44.42283199946218,abcd-ml,pasleep,scale,weekly,3,s012,41284804,60,out/abcd-ml_pasleep_scale_weekly_3_s012_41284804_60.pkl
2102,48.0,48.02121513660137,abcd-ml,pasleep,scale,weekly,3,s012,41284804,60,out/abcd-ml_pasleep_scale_weekly_3_s012_41284804_60.pkl
2103,54.0,44.500635185639105,abcd-ml,pasleep,scale,weekly,3,s012,41284804,60,out/abcd-ml_pasleep_scale_weekly_3_s012_41284804_60.pkl
2104,48.0,48.776547180945954,abcd-ml,pasleep,scale,weekly,3,s012,41284804,60,out/abcd-ml_pasleep_scale_weekly_3_s012_41284804_60.pkl
2105,54.0,44.68519306261684,abcd-ml,pasleep,scale,weekly,3,s012,41284804,60,out/abcd-ml_pasleep_scale_weekly_3_s012_41284804_60.pkl
2106,48.0,48.78064090532033,abcd-ml,pasleep,scale,weekly,3,s012,41284804,60,out/abcd-ml_pasleep_scale_weekly_3_s012_41284804_60.pkl
2107,54.0,44.68067581731994,abcd-ml,pasleep,scale,weekly,3,s012,41284804,60,out/abcd-ml_pasleep_scale_weekly_3_s012_41284804_60.pkl
2108,48.0,48.07160364464722,abcd-ml,pasleep,scale,weekly,3,s012,41284804,60,out/abcd-ml_pasleep_scale_weekly_3_s012_41284804_60.pkl
2109,34.0,44.26359681138601,abcd-ml,pasleep,scale,weekly,3,s012,41284804,60,out/abcd-ml_pasleep_scale_weekly_3_s012_41284804_60.pkl
2110,48.0,47.93314139064278,abcd-ml,pasleep,scale,weekly,3,s012,41284804,60,out/abcd-ml_pasleep_scale_weekly_3_s012_41284804_60.pkl
2111,34.0,44.072045592948825,abcd-ml,pasleep,scale,weekly,3,s012,41284804,60,out/abcd-ml_pasleep_scale_weekly_3_s012_41284804_60.pkl
2112,48.0,47.91754298941605,abcd-ml,pasleep,scale,weekly,3,s012,41284804,60,out/abcd-ml_pasleep_scale_weekly_3_s012_41284804_60.pkl
2113,34.0,44.03129943293858,abcd-ml,pasleep,scale,weekly,3,s012,41284804,60,out/abcd-ml_pasleep_scale_weekly_3_s012_41284804_60.pkl
2114,40.0,48.529587851213606,abcd-ml,pasleep,scale,weekly,3,s012,41284804,60,out/abcd-ml_pasleep_scale_weekly_3_s012_41284804_60.pkl
2115,57.0,44.34237143678877,abcd-ml,pasleep,scale,weekly,3,s012,41284804,60,out/abcd-ml_pasleep_scale_weekly_3_s012_41284804_60.pkl
2116,40.0,48.06736164991702,abcd-ml,pasleep,scale,weekly,3,s012,41284804,60,out/abcd-ml_pasleep_scale_weekly_3_s012_41284804_60.pkl
2117,57.0,44.15666405893229,abcd-ml,pasleep,scale,weekly,3,s012,41284804,60,out/abcd-ml_pasleep_scale_weekly_3_s012_41284804_60.pkl
2118,40.0,48.13691793203223,abcd-ml,pasleep,scale,weekly,3,s012,41284804,60,out/abcd-ml_pasleep_scale_weekly_3_s012_41284804_60.pkl
2119,57.0,44.079470848366654,abcd-ml,pasleep,scale,weekly,3,s012,41284804,60,out/abcd-ml_pasleep_scale_weekly_3_s012_41284804_60.pkl
2120,40.0,49.046889944685844,abcd-ml,pasleep,scale,weekly,3,s012,41284804,60,out/abcd-ml_pasleep_scale_weekly_3_s012_41284804_60.pkl
2121,57.0,44.65246537445704,abcd-ml,pasleep,scale,weekly,3,s012,41284804,60,out/abcd-ml_pasleep_scale_weekly_3_s012_41284804_60.pkl
2122,40.0,49.321767340819754,abcd-ml,pasleep,scale,weekly,3,s012,41284804,60,out/abcd-ml_pasleep_scale_weekly_3_s012_41284804_60.pkl
2123,57.0,44.348356696887585,abcd-ml,pasleep,scale,weekly,3,s012,41284804,60,out/abcd-ml_pasleep_scale_weekly_3_s012_41284804_60.pkl
2124,40.0,48.11407323996541,abcd-ml,pasleep,scale,weekly,3,s012,41284804,60,out/abcd-ml_pasleep_scale_weekly_3_s012_41284804_60.pkl
2125,57.0,44.24767413739947,abcd-ml,pasleep,scale,weekly,3,s012,41284804,60,out/abcd-ml_pasleep_scale_weekly_3_s012_41284804_60.pkl
2126,40.0,47.896265780486274,abcd-ml,pasleep,scale,weekly,3,s012,41284804,60,out/abcd-ml_pasleep_scale_weekly_3_s012_41284804_60.pkl
2127,57.0,44.48837705667148,abcd-ml,pasleep,scale,weekly,3,s012,41284804,60,out/abcd-ml_pasleep_scale_weekly_3_s012_41284804_60.pkl
2128,45.0,47.795839681674835,abcd-ml,pasleep,scale,weekly,3,s012,41284804,60,out/abcd-ml_pasleep_scale_weekly_3_s012_41284804_60.pkl
2129,49.0,44.62647018390829,abcd-ml,pasleep,scale,weekly,3,s012,41284804,60,out/abcd-ml_pasleep_scale_weekly_3_s012_41284804_60.pkl
2130,45.0,48.03119206635566,abcd-ml,pasleep,scale,weekly,3,s012,41284804,60,out/abcd-ml_pasleep_scale_weekly_3_s012_41284804_60.pkl
2131,49.0,44.505774800335026,abcd-ml,pasleep,scale,weekly,3,s012,41284804,60,out/abcd-ml_pasleep_scale_weekly_3_s012_41284804_60.pkl
2132,45.0,48.153328715194945,abcd-ml,pasleep,scale,weekly,3,s012,41284804,60,out/abcd-ml_pasleep_scale_weekly_3_s012_41284804_60.pkl
2133,49.0,44.371323947147076,abcd-ml,pasleep,scale,weekly,3,s012,41284804,60,out/abcd-ml_pasleep_scale_weekly_3_s012_41284804_60.pkl
2134,45.0,48.37873037754706,abcd-ml,pasleep,scale,weekly,3,s012,41284804,60,out/abcd-ml_pasleep_scale_weekly_3_s012_41284804_60.pkl
2135,49.0,44.66049985838839,abcd-ml,pasleep,scale,weekly,3,s012,41284804,60,out/abcd-ml_pasleep_scale_weekly_3_s012_41284804_60.pkl
2136,45.0,48.53296337660786,abcd-ml,pasleep,scale,weekly,3,s012,41284804,60,out/abcd-ml_pasleep_scale_weekly_3_s012_41284804_60.pkl
2137,49.0,44.490373681999955,abcd-ml,pasleep,scale,weekly,3,s012,41284804,60,out/abcd-ml_pasleep_scale_weekly_3_s012_41284804_60.pkl
2138,48.0,47.18055629912777,abcd-ml,pasleep,scale,weekly,3,s012,41284804,60,out/abcd-ml_pasleep_scale_weekly_3_s012_41284804_60.pkl
2139,44.0,44.285604725054924,abcd-ml,pasleep,scale,weekly,3,s012,41284804,60,out/abcd-ml_pasleep_scale_weekly_3_s012_41284804_60.pkl
2140,48.0,46.596373555404696,abcd-ml,pasleep,scale,weekly,3,s012,41284804,60,out/abcd-ml_pasleep_scale_weekly_3_s012_41284804_60.pkl
2141,44.0,44.196284243260195,abcd-ml,pasleep,scale,weekly,3,s012,41284804,60,out/abcd-ml_pasleep_scale_weekly_3_s012_41284804_60.pkl
2142,48.0,46.943951916980275,abcd-ml,pasleep,scale,weekly,3,s012,41284804,60,out/abcd-ml_pasleep_scale_weekly_3_s012_41284804_60.pkl
2143,44.0,44.1645232403727,abcd-ml,pasleep,scale,weekly,3,s012,41284804,60,out/abcd-ml_pasleep_scale_weekly_3_s012_41284804_60.pkl
2144,48.0,47.03910708205392,abcd-ml,pasleep,scale,weekly,3,s012,41284804,60,out/abcd-ml_pasleep_scale_weekly_3_s012_41284804_60.pkl
2145,44.0,44.059361093472425,abcd-ml,pasleep,scale,weekly,3,s012,41284804,60,out/abcd-ml_pasleep_scale_weekly_3_s012_41284804_60.pkl
2146,39.0,47.65051866248889,abcd-ml,pasleep,scale,weekly,3,s012,41284804,60,out/abcd-ml_pasleep_scale_weekly_3_s012_41284804_60.pkl
2147,34.0,44.27325461814048,abcd-ml,pasleep,scale,weekly,3,s012,41284804,60,out/abcd-ml_pasleep_scale_weekly_3_s012_41284804_60.pkl
2148,39.0,47.61090384323379,abcd-ml,pasleep,scale,weekly,3,s012,41284804,60,out/abcd-ml_pasleep_scale_weekly_3_s012_41284804_60.pkl
2149,34.0,44.31696538636892,abcd-ml,pasleep,scale,weekly,3,s012,41284804,60,out/abcd-ml_pasleep_scale_weekly_3_s012_41284804_60.pkl
2150,39.0,47.54333513478953,abcd-ml,pasleep,scale,weekly,3,s012,41284804,60,out/abcd-ml_pasleep_scale_weekly_3_s012_41284804_60.pkl
2151,34.0,44.22127461669433,abcd-ml,pasleep,scale,weekly,3,s012,41284804,60,out/abcd-ml_pasleep_scale_weekly_3_s012_41284804_60.pkl
2152,39.0,47.43185257580457,abcd-ml,pasleep,scale,weekly,3,s012,41284804,60,out/abcd-ml_pasleep_scale_weekly_3_s012_41284804_60.pkl
2153,34.0,44.345407619155694,abcd-ml,pasleep,scale,weekly,3,s012,41284804,60,out/abcd-ml_pasleep_scale_weekly_3_s012_41284804_60.pkl
2154,39.0,47.31779333514748,abcd-ml,pasleep,scale,weekly,3,s012,41284804,60,out/abcd-ml_pasleep_scale_weekly_3_s012_41284804_60.pkl
2155,34.0,44.26649124173904,abcd-ml,pasleep,scale,weekly,3,s012,41284804,60,out/abcd-ml_pasleep_scale_weekly_3_s012_41284804_60.pkl
2156,41.0,47.920499664569405,abcd-ml,pasleep,scale,weekly,3,s012,41284804,60,out/abcd-ml_pasleep_scale_weekly_3_s012_41284804_60.pkl
2157,33.0,44.26648464115986,abcd-ml,pasleep,scale,weekly,3,s012,41284804,60,out/abcd-ml_pasleep_scale_weekly_3_s012_41284804_60.pkl
2158,41.0,47.5695588461949,abcd-ml,pasleep,scale,weekly,3,s012,41284804,60,out/abcd-ml_pasleep_scale_weekly_3_s012_41284804_60.pkl
2159,33.0,44.05614299583486,abcd-ml,pasleep,scale,weekly,3,s012,41284804,60,out/abcd-ml_pasleep_scale_weekly_3_s012_41284804_60.pkl
2160,41.0,47.43895147671448,abcd-ml,pasleep,scale,weekly,3,s012,41284804,60,out/abcd-ml_pasleep_scale_weekly_3_s012_41284804_60.pkl
2161,33.0,44.200560100214894,abcd-ml,pasleep,scale,weekly,3,s012,41284804,60,out/abcd-ml_pasleep_scale_weekly_3_s012_41284804_60.pkl
2162,41.0,48.07765601162855,abcd-ml,pasleep,scale,weekly,3,s012,41284804,60,out/abcd-ml_pasleep_scale_weekly_3_s012_41284804_60.pkl
2163,33.0,44.20184740055552,abcd-ml,pasleep,scale,weekly,3,s012,41284804,60,out/abcd-ml_pasleep_scale_weekly_3_s012_41284804_60.pkl
2164,41.0,47.89764250594468,abcd-ml,pasleep,scale,weekly,3,s012,41284804,60,out/abcd-ml_pasleep_scale_weekly_3_s012_41284804_60.pkl
2165,33.0,44.40108461217211,abcd-ml,pasleep,scale,weekly,3,s012,41284804,60,out/abcd-ml_pasleep_scale_weekly_3_s012_41284804_60.pkl
2166,71.0,48.26166173829854,abcd-ml,pasleep,scale,weekly,3,s012,41284804,60,out/abcd-ml_pasleep_scale_weekly_3_s012_41284804_60.pkl
2167,52.0,44.386640714456206,abcd-ml,pasleep,scale,weekly,3,s012,41284804,60,out/abcd-ml_pasleep_scale_weekly_3_s012_41284804_60.pkl
2168,71.0,48.307736961847674,abcd-ml,pasleep,scale,weekly,3,s012,41284804,60,out/abcd-ml_pasleep_scale_weekly_3_s012_41284804_60.pkl
2169,52.0,44.428642560728875,abcd-ml,pasleep,scale,weekly,3,s012,41284804,60,out/abcd-ml_pasleep_scale_weekly_3_s012_41284804_60.pkl
2170,71.0,48.146812570510214,abcd-ml,pasleep,scale,weekly,3,s012,41284804,60,out/abcd-ml_pasleep_scale_weekly_3_s012_41284804_60.pkl
2171,52.0,44.606383039228945,abcd-ml,pasleep,scale,weekly,3,s012,41284804,60,out/abcd-ml_pasleep_scale_weekly_3_s012_41284804_60.pkl
2172,71.0,48.77594329473978,abcd-ml,pasleep,scale,weekly,3,s012,41284804,60,out/abcd-ml_pasleep_scale_weekly_3_s012_41284804_60.pkl
2173,52.0,44.39285572171279,abcd-ml,pasleep,scale,weekly,3,s012,41284804,60,out/abcd-ml_pasleep_scale_weekly_3_s012_41284804_60.pkl
2174,71.0,48.5866551277274,abcd-ml,pasleep,scale,weekly,3,s012,41284804,60,out/abcd-ml_pasleep_scale_weekly_3_s012_41284804_60.pkl
2175,52.0,44.60204876956013,abcd-ml,pasleep,scale,weekly,3,s012,41284804,60,out/abcd-ml_pasleep_scale_weekly_3_s012_41284804_60.pkl
2176,58.0,48.36312054425682,abcd-ml,pasleep,scale,weekly,3,s012,41284804,60,out/abcd-ml_pasleep_scale_weekly_3_s012_41284804_60.pkl
2177,63.0,44.632876183272074,abcd-ml,pasleep,scale,weekly,3,s012,41284804,60,out/abcd-ml_pasleep_scale_weekly_3_s012_41284804_60.pkl
2178,58.0,48.47482447295765,abcd-ml,pasleep,scale,weekly,3,s012,41284804,60,out/abcd-ml_pasleep_scale_weekly_3_s012_41284804_60.pkl
2179,63.0,44.508139943579735,abcd-ml,pasleep,scale,weekly,3,s012,41284804,60,out/abcd-ml_pasleep_scale_weekly_3_s012_41284804_60.pkl
2180,58.0,48.554954523797655,abcd-ml,pasleep,scale,weekly,3,s012,41284804,60,out/abcd-ml_pasleep_scale_weekly_3_s012_41284804_60.pkl
2181,63.0,44.28424192605226,abcd-ml,pasleep,scale,weekly,3,s012,41284804,60,out/abcd-ml_pasleep_scale_weekly_3_s012_41284804_60.pkl
2182,58.0,48.35887212120644,abcd-ml,pasleep,scale,weekly,3,s012,41284804,60,out/abcd-ml_pasleep_scale_weekly_3_s012_41284804_60.pkl
2183,63.0,44.50122652502564,abcd-ml,pasleep,scale,weekly,3,s012,41284804,60,out/abcd-ml_pasleep_scale_weekly_3_s012_41284804_60.pkl
2184,58.0,47.881952939664664,abcd-ml,pasleep,scale,weekly,3,s012,41284804,60,out/abcd-ml_pasleep_scale_weekly_3_s012_41284804_60.pkl
2185,63.0,44.44122334756443,abcd-ml,pasleep,scale,weekly,3,s012,41284804,60,out/abcd-ml_pasleep_scale_weekly_3_s012_41284804_60.pkl
2186,58.0,47.94433629186741,abcd-ml,pasleep,scale,weekly,3,s012,41284804,60,out/abcd-ml_pasleep_scale_weekly_3_s012_41284804_60.pkl
2187,63.0,44.37273957484024,abcd-ml,pasleep,scale,weekly,3,s012,41284804,60,out/abcd-ml_pasleep_scale_weekly_3_s012_41284804_60.pkl
2188,33.0,48.78392231162568,abcd-ml,pasleep,scale,weekly,3,s012,41284804,60,out/abcd-ml_pasleep_scale_weekly_3_s012_41284804_60.pkl
2189,34.0,44.493095307842644,abcd-ml,pasleep,scale,weekly,3,s012,41284804,60,out/abcd-ml_pasleep_scale_weekly_3_s012_41284804_60.pkl
2190,33.0,48.72590000754235,abcd-ml,pasleep,scale,weekly,3,s012,41284804,60,out/abcd-ml_pasleep_scale_weekly_3_s012_41284804_60.pkl
2191,34.0,44.55712455270406,abcd-ml,pasleep,scale,weekly,3,s012,41284804,60,out/abcd-ml_pasleep_scale_weekly_3_s012_41284804_60.pkl
2192,33.0,48.163644955092956,abcd-ml,pasleep,scale,weekly,3,s012,41284804,60,out/abcd-ml_pasleep_scale_weekly_3_s012_41284804_60.pkl
2193,34.0,44.483570000994895,abcd-ml,pasleep,scale,weekly,3,s012,41284804,60,out/abcd-ml_pasleep_scale_weekly_3_s012_41284804_60.pkl
2194,33.0,48.471134311684125,abcd-ml,pasleep,scale,weekly,3,s012,41284804,60,out/abcd-ml_pasleep_scale_weekly_3_s012_41284804_60.pkl
2195,34.0,44.49951528951046,abcd-ml,pasleep,scale,weekly,3,s012,41284804,60,out/abcd-ml_pasleep_scale_weekly_3_s012_41284804_60.pkl
2196,60.0,47.9074602930144,abcd-ml,pasleep,scale,weekly,3,s012,41284804,60,out/abcd-ml_pasleep_scale_weekly_3_s012_41284804_60.pkl
2197,50.0,44.283310783647465,abcd-ml,pasleep,scale,weekly,3,s012,41284804,60,out/abcd-ml_pasleep_scale_weekly_3_s012_41284804_60.pkl
2198,60.0,47.79860379238229,abcd-ml,pasleep,scale,weekly,3,s012,41284804,60,out/abcd-ml_pasleep_scale_weekly_3_s012_41284804_60.pkl
2199,50.0,44.351225252405726,abcd-ml,pasleep,scale,weekly,3,s012,41284804,60,out/abcd-ml_pasleep_scale_weekly_3_s012_41284804_60.pkl
2200,60.0,47.67794686655208,abcd-ml,pasleep,scale,weekly,3,s012,41284804,60,out/abcd-ml_pasleep_scale_weekly_3_s012_41284804_60.pkl
2201,50.0,44.4854875769484,abcd-ml,pasleep,scale,weekly,3,s012,41284804,60,out/abcd-ml_pasleep_scale_weekly_3_s012_41284804_60.pkl
2202,60.0,47.68839367097454,abcd-ml,pasleep,scale,weekly,3,s012,41284804,60,out/abcd-ml_pasleep_scale_weekly_3_s012_41284804_60.pkl
2203,50.0,44.57303165203495,abcd-ml,pasleep,scale,weekly,3,s012,41284804,60,out/abcd-ml_pasleep_scale_weekly_3_s012_41284804_60.pkl
2204,60.0,47.85393128181226,abcd-ml,pasleep,scale,weekly,3,s012,41284804,60,out/abcd-ml_pasleep_scale_weekly_3_s012_41284804_60.pkl
2205,50.0,44.388911022019315,abcd-ml,pasleep,scale,weekly,3,s012,41284804,60,out/abcd-ml_pasleep_scale_weekly_3_s012_41284804_60.pkl
2206,33.0,47.9666863404742,abcd-ml,pasleep,scale,weekly,3,s012,41284804,60,out/abcd-ml_pasleep_scale_weekly_3_s012_41284804_60.pkl
2207,34.0,44.35271696519145,abcd-ml,pasleep,scale,weekly,3,s012,41284804,60,out/abcd-ml_pasleep_scale_weekly_3_s012_41284804_60.pkl
2208,33.0,48.18058670147254,abcd-ml,pasleep,scale,weekly,3,s012,41284804,60,out/abcd-ml_pasleep_scale_weekly_3_s012_41284804_60.pkl
2209,34.0,44.455969903439524,abcd-ml,pasleep,scale,weekly,3,s012,41284804,60,out/abcd-ml_pasleep_scale_weekly_3_s012_41284804_60.pkl
2210,33.0,47.9797465488967,abcd-ml,pasleep,scale,weekly,3,s012,41284804,60,out/abcd-ml_pasleep_scale_weekly_3_s012_41284804_60.pkl
2211,34.0,44.67915870496128,abcd-ml,pasleep,scale,weekly,3,s012,41284804,60,out/abcd-ml_pasleep_scale_weekly_3_s012_41284804_60.pkl
2212,33.0,47.87743421021114,abcd-ml,pasleep,scale,weekly,3,s012,41284804,60,out/abcd-ml_pasleep_scale_weekly_3_s012_41284804_60.pkl
2213,34.0,44.35705436236424,abcd-ml,pasleep,scale,weekly,3,s012,41284804,60,out/abcd-ml_pasleep_scale_weekly_3_s012_41284804_60.pkl
2214,33.0,47.69725818106042,abcd-ml,pasleep,scale,weekly,3,s012,41284804,60,out/abcd-ml_pasleep_scale_weekly_3_s012_41284804_60.pkl
2215,34.0,44.55732518502438,abcd-ml,pasleep,scale,weekly,3,s012,41284804,60,out/abcd-ml_pasleep_scale_weekly_3_s012_41284804_60.pkl
2216,48.0,48.31169731368507,abcd-ml,pasleep,scale,weekly,3,s012,41284804,60,out/abcd-ml_pasleep_scale_weekly_3_s012_41284804_60.pkl
2217,46.0,44.608559482179416,abcd-ml,pasleep,scale,weekly,3,s012,41284804,60,out/abcd-ml_pasleep_scale_weekly_3_s012_41284804_60.pkl
2218,48.0,47.764021118604084,abcd-ml,pasleep,scale,weekly,3,s012,41284804,60,out/abcd-ml_pasleep_scale_weekly_3_s012_41284804_60.pkl
2219,46.0,44.426129959432544,abcd-ml,pasleep,scale,weekly,3,s012,41284804,60,out/abcd-ml_pasleep_scale_weekly_3_s012_41284804_60.pkl
2220,48.0,47.82124171639791,abcd-ml,pasleep,scale,weekly,3,s012,41284804,60,out/abcd-ml_pasleep_scale_weekly_3_s012_41284804_60.pkl
2221,46.0,44.36328617225119,abcd-ml,pasleep,scale,weekly,3,s012,41284804,60,out/abcd-ml_pasleep_scale_weekly_3_s012_41284804_60.pkl
2222,48.0,47.98719461332727,abcd-ml,pasleep,scale,weekly,3,s012,41284804,60,out/abcd-ml_pasleep_scale_weekly_3_s012_41284804_60.pkl
2223,46.0,44.52303789604322,abcd-ml,pasleep,scale,weekly,3,s012,41284804,60,out/abcd-ml_pasleep_scale_weekly_3_s012_41284804_60.pkl
2224,48.0,48.03674142946892,abcd-ml,pasleep,scale,weekly,3,s012,41284804,60,out/abcd-ml_pasleep_scale_weekly_3_s012_41284804_60.pkl
2225,46.0,44.468676733205086,abcd-ml,pasleep,scale,weekly,3,s012,41284804,60,out/abcd-ml_pasleep_scale_weekly_3_s012_41284804_60.pkl
2226,66.0,47.989808939668684,abcd-ml,pasleep,scale,weekly,3,s012,41284804,60,out/abcd-ml_pasleep_scale_weekly_3_s012_41284804_60.pkl
2227,56.0,44.73229620211234,abcd-ml,pasleep,scale,weekly,3,s012,41284804,60,out/abcd-ml_pasleep_scale_weekly_3_s012_41284804_60.pkl
2228,66.0,48.18997708063468,abcd-ml,pasleep,scale,weekly,3,s012,41284804,60,out/abcd-ml_pasleep_scale_weekly_3_s012_41284804_60.pkl
2229,56.0,44.509923516094986,abcd-ml,pasleep,scale,weekly,3,s012,41284804,60,out/abcd-ml_pasleep_scale_weekly_3_s012_41284804_60.pkl
2230,66.0,48.20417002794895,abcd-ml,pasleep,scale,weekly,3,s012,41284804,60,out/abcd-ml_pasleep_scale_weekly_3_s012_41284804_60.pkl
2231,56.0,44.562081422710946,abcd-ml,pasleep,scale,weekly,3,s012,41284804,60,out/abcd-ml_pasleep_scale_weekly_3_s012_41284804_60.pkl
2232,57.0,47.289935855290935,abcd-ml,pasleep,scale,weekly,3,s012,41284804,60,out/abcd-ml_pasleep_scale_weekly_3_s012_41284804_60.pkl
2233,50.0,44.305066228171526,abcd-ml,pasleep,scale,weekly,3,s012,41284804,60,out/abcd-ml_pasleep_scale_weekly_3_s012_41284804_60.pkl
2234,57.0,47.80737357235184,abcd-ml,pasleep,scale,weekly,3,s012,41284804,60,out/abcd-ml_pasleep_scale_weekly_3_s012_41284804_60.pkl
2235,50.0,44.3726003594095,abcd-ml,pasleep,scale,weekly,3,s012,41284804,60,out/abcd-ml_pasleep_scale_weekly_3_s012_41284804_60.pkl
2236,57.0,47.22496363525184,abcd-ml,pasleep,scale,weekly,3,s012,41284804,60,out/abcd-ml_pasleep_scale_weekly_3_s012_41284804_60.pkl
2237,50.0,44.11578138427109,abcd-ml,pasleep,scale,weekly,3,s012,41284804,60,out/abcd-ml_pasleep_scale_weekly_3_s012_41284804_60.pkl
2238,57.0,47.24374800560929,abcd-ml,pasleep,scale,weekly,3,s012,41284804,60,out/abcd-ml_pasleep_scale_weekly_3_s012_41284804_60.pkl
2239,50.0,44.09535714992421,abcd-ml,pasleep,scale,weekly,3,s012,41284804,60,out/abcd-ml_pasleep_scale_weekly_3_s012_41284804_60.pkl
2240,52.0,48.271483232639085,abcd-ml,pasleep,scale,weekly,3,s012,41284804,60,out/abcd-ml_pasleep_scale_weekly_3_s012_41284804_60.pkl
2241,47.0,44.583977266882414,abcd-ml,pasleep,scale,weekly,3,s012,41284804,60,out/abcd-ml_pasleep_scale_weekly_3_s012_41284804_60.pkl
2242,52.0,48.32617282669068,abcd-ml,pasleep,scale,weekly,3,s012,41284804,60,out/abcd-ml_pasleep_scale_weekly_3_s012_41284804_60.pkl
2243,47.0,44.5223746914227,abcd-ml,pasleep,scale,weekly,3,s012,41284804,60,out/abcd-ml_pasleep_scale_weekly_3_s012_41284804_60.pkl
2244,52.0,48.190113681361886,abcd-ml,pasleep,scale,weekly,3,s012,41284804,60,out/abcd-ml_pasleep_scale_weekly_3_s012_41284804_60.pkl
2245,47.0,44.48524689369985,abcd-ml,pasleep,scale,weekly,3,s012,41284804,60,out/abcd-ml_pasleep_scale_weekly_3_s012_41284804_60.pkl
2246,52.0,48.34445981179712,abcd-ml,pasleep,scale,weekly,3,s012,41284804,60,out/abcd-ml_pasleep_scale_weekly_3_s012_41284804_60.pkl
2247,47.0,44.314779855229204,abcd-ml,pasleep,scale,weekly,3,s012,41284804,60,out/abcd-ml_pasleep_scale_weekly_3_s012_41284804_60.pkl
2248,52.0,47.83437384230633,abcd-ml,pasleep,scale,weekly,3,s012,41284804,60,out/abcd-ml_pasleep_scale_weekly_3_s012_41284804_60.pkl
2249,47.0,44.397691589074824,abcd-ml,pasleep,scale,weekly,3,s012,41284804,60,out/abcd-ml_pasleep_scale_weekly_3_s012_41284804_60.pkl
2250,52.0,47.858278714317,abcd-ml,pasleep,scale,weekly,3,s012,41284804,60,out/abcd-ml_pasleep_scale_weekly_3_s012_41284804_60.pkl
2251,47.0,44.372114991437456,abcd-ml,pasleep,scale,weekly,3,s012,41284804,60,out/abcd-ml_pasleep_scale_weekly_3_s012_41284804_60.pkl
2252,54.0,48.432379067786236,abcd-ml,pasleep,scale,weekly,3,s012,41284804,60,out/abcd-ml_pasleep_scale_weekly_3_s012_41284804_60.pkl
2253,50.0,44.272622792317364,abcd-ml,pasleep,scale,weekly,3,s012,41284804,60,out/abcd-ml_pasleep_scale_weekly_3_s012_41284804_60.pkl
2254,54.0,48.199855236615676,abcd-ml,pasleep,scale,weekly,3,s012,41284804,60,out/abcd-ml_pasleep_scale_weekly_3_s012_41284804_60.pkl
2255,50.0,44.53052961574093,abcd-ml,pasleep,scale,weekly,3,s012,41284804,60,out/abcd-ml_pasleep_scale_weekly_3_s012_41284804_60.pkl
2256,54.0,48.094564367068884,abcd-ml,pasleep,scale,weekly,3,s012,41284804,60,out/abcd-ml_pasleep_scale_weekly_3_s012_41284804_60.pkl
2257,50.0,44.12567270251254,abcd-ml,pasleep,scale,weekly,3,s012,41284804,60,out/abcd-ml_pasleep_scale_weekly_3_s012_41284804_60.pkl
2258,54.0,47.68163272518846,abcd-ml,pasleep,scale,weekly,3,s012,41284804,60,out/abcd-ml_pasleep_scale_weekly_3_s012_41284804_60.pkl
2259,50.0,44.3524026570568,abcd-ml,pasleep,scale,weekly,3,s012,41284804,60,out/abcd-ml_pasleep_scale_weekly_3_s012_41284804_60.pkl
2260,54.0,47.682660470740196,abcd-ml,pasleep,scale,weekly,3,s012,41284804,60,out/abcd-ml_pasleep_scale_weekly_3_s012_41284804_60.pkl
2261,50.0,44.35092552624286,abcd-ml,pasleep,scale,weekly,3,s012,41284804,60,out/abcd-ml_pasleep_scale_weekly_3_s012_41284804_60.pkl
2262,54.0,47.782535258401175,abcd-ml,pasleep,scale,weekly,3,s012,41284804,60,out/abcd-ml_pasleep_scale_weekly_3_s012_41284804_60.pkl
2263,50.0,44.58258255991564,abcd-ml,pasleep,scale,weekly,3,s012,41284804,60,out/abcd-ml_pasleep_scale_weekly_3_s012_41284804_60.pkl
2264,54.0,47.62866499104117,abcd-ml,pasleep,scale,weekly,3,s012,41284804,60,out/abcd-ml_pasleep_scale_weekly_3_s012_41284804_60.pkl
2265,50.0,44.753845708644604,abcd-ml,pasleep,scale,weekly,3,s012,41284804,60,out/abcd-ml_pasleep_scale_weekly_3_s012_41284804_60.pkl
2266,53.0,48.36989537577929,abcd-ml,pasleep,scale,weekly,3,s012,41284804,60,out/abcd-ml_pasleep_scale_weekly_3_s012_41284804_60.pkl
2267,34.0,44.63986677060172,abcd-ml,pasleep,scale,weekly,3,s012,41284804,60,out/abcd-ml_pasleep_scale_weekly_3_s012_41284804_60.pkl
2268,53.0,48.479645507243234,abcd-ml,pasleep,scale,weekly,3,s012,41284804,60,out/abcd-ml_pasleep_scale_weekly_3_s012_41284804_60.pkl
2269,34.0,44.51798006100017,abcd-ml,pasleep,scale,weekly,3,s012,41284804,60,out/abcd-ml_pasleep_scale_weekly_3_s012_41284804_60.pkl
2270,53.0,48.568903853150246,abcd-ml,pasleep,scale,weekly,3,s012,41284804,60,out/abcd-ml_pasleep_scale_weekly_3_s012_41284804_60.pkl
2271,34.0,44.511669900377,abcd-ml,pasleep,scale,weekly,3,s012,41284804,60,out/abcd-ml_pasleep_scale_weekly_3_s012_41284804_60.pkl
2272,53.0,48.85815687258382,abcd-ml,pasleep,scale,weekly,3,s012,41284804,60,out/abcd-ml_pasleep_scale_weekly_3_s012_41284804_60.pkl
2273,34.0,44.39911225456426,abcd-ml,pasleep,scale,weekly,3,s012,41284804,60,out/abcd-ml_pasleep_scale_weekly_3_s012_41284804_60.pkl
2274,53.0,48.7028605898343,abcd-ml,pasleep,scale,weekly,3,s012,41284804,60,out/abcd-ml_pasleep_scale_weekly_3_s012_41284804_60.pkl
2275,34.0,44.571455544578434,abcd-ml,pasleep,scale,weekly,3,s012,41284804,60,out/abcd-ml_pasleep_scale_weekly_3_s012_41284804_60.pkl
2276,34.0,47.5415128212865,abcd-ml,pasleep,scale,weekly,3,s012,41284804,60,out/abcd-ml_pasleep_scale_weekly_3_s012_41284804_60.pkl
2277,33.0,44.30247506317462,abcd-ml,pasleep,scale,weekly,3,s012,41284804,60,out/abcd-ml_pasleep_scale_weekly_3_s012_41284804_60.pkl
2278,34.0,48.07602289136228,abcd-ml,pasleep,scale,weekly,3,s012,41284804,60,out/abcd-ml_pasleep_scale_weekly_3_s012_41284804_60.pkl
2279,33.0,44.47449733518643,abcd-ml,pasleep,scale,weekly,3,s012,41284804,60,out/abcd-ml_pasleep_scale_weekly_3_s012_41284804_60.pkl
2280,34.0,48.13717224180671,abcd-ml,pasleep,scale,weekly,3,s012,41284804,60,out/abcd-ml_pasleep_scale_weekly_3_s012_41284804_60.pkl
2281,33.0,44.4070251987292,abcd-ml,pasleep,scale,weekly,3,s012,41284804,60,out/abcd-ml_pasleep_scale_weekly_3_s012_41284804_60.pkl
2282,34.0,48.26338938601512,abcd-ml,pasleep,scale,weekly,3,s012,41284804,60,out/abcd-ml_pasleep_scale_weekly_3_s012_41284804_60.pkl
2283,33.0,44.56069748125577,abcd-ml,pasleep,scale,weekly,3,s012,41284804,60,out/abcd-ml_pasleep_scale_weekly_3_s012_41284804_60.pkl
2284,44.0,48.65911599099057,abcd-ml,pasleep,scale,weekly,3,s012,41284804,60,out/abcd-ml_pasleep_scale_weekly_3_s012_41284804_60.pkl
2285,34.0,45.076177424467225,abcd-ml,pasleep,scale,weekly,3,s012,41284804,60,out/abcd-ml_pasleep_scale_weekly_3_s012_41284804_60.pkl
2286,44.0,47.61538364517744,abcd-ml,pasleep,scale,weekly,3,s012,41284804,60,out/abcd-ml_pasleep_scale_weekly_3_s012_41284804_60.pkl
2287,34.0,44.65683988673952,abcd-ml,pasleep,scale,weekly,3,s012,41284804,60,out/abcd-ml_pasleep_scale_weekly_3_s012_41284804_60.pkl
2288,44.0,47.424872054757785,abcd-ml,pasleep,scale,weekly,3,s012,41284804,60,out/abcd-ml_pasleep_scale_weekly_3_s012_41284804_60.pkl
2289,34.0,44.38083714631018,abcd-ml,pasleep,scale,weekly,3,s012,41284804,60,out/abcd-ml_pasleep_scale_weekly_3_s012_41284804_60.pkl
2290,44.0,47.26488080260182,abcd-ml,pasleep,scale,weekly,3,s012,41284804,60,out/abcd-ml_pasleep_scale_weekly_3_s012_41284804_60.pkl
2291,34.0,44.55791779877787,abcd-ml,pasleep,scale,weekly,3,s012,41284804,60,out/abcd-ml_pasleep_scale_weekly_3_s012_41284804_60.pkl
2292,44.0,47.30046421394394,abcd-ml,pasleep,scale,weekly,3,s012,41284804,60,out/abcd-ml_pasleep_scale_weekly_3_s012_41284804_60.pkl
2293,34.0,44.15724004958465,abcd-ml,pasleep,scale,weekly,3,s012,41284804,60,out/abcd-ml_pasleep_scale_weekly_3_s012_41284804_60.pkl
2294,44.0,47.01416618200084,abcd-ml,pasleep,scale,weekly,3,s012,41284804,60,out/abcd-ml_pasleep_scale_weekly_3_s012_41284804_60.pkl
2295,34.0,44.47460389914863,abcd-ml,pasleep,scale,weekly,3,s012,41284804,60,out/abcd-ml_pasleep_scale_weekly_3_s012_41284804_60.pkl
2296,45.0,47.545819042673656,abcd-ml,pasleep,scale,weekly,3,s012,41284804,60,out/abcd-ml_pasleep_scale_weekly_3_s012_41284804_60.pkl
2297,33.0,43.948866311194976,abcd-ml,pasleep,scale,weekly,3,s012,41284804,60,out/abcd-ml_pasleep_scale_weekly_3_s012_41284804_60.pkl
2298,45.0,47.30047704199831,abcd-ml,pasleep,scale,weekly,3,s012,41284804,60,out/abcd-ml_pasleep_scale_weekly_3_s012_41284804_60.pkl
2299,33.0,44.22021181527002,abcd-ml,pasleep,scale,weekly,3,s012,41284804,60,out/abcd-ml_pasleep_scale_weekly_3_s012_41284804_60.pkl
2300,45.0,47.771887576835326,abcd-ml,pasleep,scale,weekly,3,s012,41284804,60,out/abcd-ml_pasleep_scale_weekly_3_s012_41284804_60.pkl
2301,33.0,44.37378024179495,abcd-ml,pasleep,scale,weekly,3,s012,41284804,60,out/abcd-ml_pasleep_scale_weekly_3_s012_41284804_60.pkl
2302,45.0,47.77170450699877,abcd-ml,pasleep,scale,weekly,3,s012,41284804,60,out/abcd-ml_pasleep_scale_weekly_3_s012_41284804_60.pkl
2303,33.0,44.375117598591174,abcd-ml,pasleep,scale,weekly,3,s012,41284804,60,out/abcd-ml_pasleep_scale_weekly_3_s012_41284804_60.pkl
2304,45.0,47.44573296989485,abcd-ml,pasleep,scale,weekly,3,s012,41284804,60,out/abcd-ml_pasleep_scale_weekly_3_s012_41284804_60.pkl
2305,33.0,44.385067519496275,abcd-ml,pasleep,scale,weekly,3,s012,41284804,60,out/abcd-ml_pasleep_scale_weekly_3_s012_41284804_60.pkl
2306,45.0,47.610685801756425,abcd-ml,pasleep,scale,weekly,3,s012,41284804,60,out/abcd-ml_pasleep_scale_weekly_3_s012_41284804_60.pkl
2307,33.0,44.203059025262206,abcd-ml,pasleep,scale,weekly,3,s012,41284804,60,out/abcd-ml_pasleep_scale_weekly_3_s012_41284804_60.pkl
2308,41.0,47.97269134527776,abcd-ml,pasleep,scale,weekly,3,s012,41284804,60,out/abcd-ml_pasleep_scale_weekly_3_s012_41284804_60.pkl
2309,33.0,44.2884270662625,abcd-ml,pasleep,scale,weekly,3,s012,41284804,60,out/abcd-ml_pasleep_scale_weekly_3_s012_41284804_60.pkl
2310,41.0,47.881983439949316,abcd-ml,pasleep,scale,weekly,3,s012,41284804,60,out/abcd-ml_pasleep_scale_weekly_3_s012_41284804_60.pkl
2311,33.0,44.388350409402804,abcd-ml,pasleep,scale,weekly,3,s012,41284804,60,out/abcd-ml_pasleep_scale_weekly_3_s012_41284804_60.pkl
2312,41.0,48.19779606696435,abcd-ml,pasleep,scale,weekly,3,s012,41284804,60,out/abcd-ml_pasleep_scale_weekly_3_s012_41284804_60.pkl
2313,33.0,44.53350152800558,abcd-ml,pasleep,scale,weekly,3,s012,41284804,60,out/abcd-ml_pasleep_scale_weekly_3_s012_41284804_60.pkl
2314,41.0,48.27648656381123,abcd-ml,pasleep,scale,weekly,3,s012,41284804,60,out/abcd-ml_pasleep_scale_weekly_3_s012_41284804_60.pkl
2315,33.0,44.44697805695431,abcd-ml,pasleep,scale,weekly,3,s012,41284804,60,out/abcd-ml_pasleep_scale_weekly_3_s012_41284804_60.pkl
2316,41.0,47.9407310327452,abcd-ml,pasleep,scale,weekly,3,s012,41284804,60,out/abcd-ml_pasleep_scale_weekly_3_s012_41284804_60.pkl
2317,33.0,44.297056054884834,abcd-ml,pasleep,scale,weekly,3,s012,41284804,60,out/abcd-ml_pasleep_scale_weekly_3_s012_41284804_60.pkl
2318,41.0,47.91459078415933,abcd-ml,pasleep,scale,weekly,3,s012,41284804,60,out/abcd-ml_pasleep_scale_weekly_3_s012_41284804_60.pkl
2319,33.0,44.42223119864971,abcd-ml,pasleep,scale,weekly,3,s012,41284804,60,out/abcd-ml_pasleep_scale_weekly_3_s012_41284804_60.pkl
2320,41.0,47.91056330636107,abcd-ml,pasleep,scale,weekly,3,s012,41284804,60,out/abcd-ml_pasleep_scale_weekly_3_s012_41284804_60.pkl
2321,33.0,44.3305913514421,abcd-ml,pasleep,scale,weekly,3,s012,41284804,60,out/abcd-ml_pasleep_scale_weekly_3_s012_41284804_60.pkl
2322,41.0,47.96311355462208,abcd-ml,pasleep,scale,weekly,3,s012,41284804,60,out/abcd-ml_pasleep_scale_weekly_3_s012_41284804_60.pkl
2323,33.0,44.36924302415571,abcd-ml,pasleep,scale,weekly,3,s012,41284804,60,out/abcd-ml_pasleep_scale_weekly_3_s012_41284804_60.pkl
2324,59.0,48.37791051652711,abcd-ml,pasleep,scale,weekly,3,s012,41284804,60,out/abcd-ml_pasleep_scale_weekly_3_s012_41284804_60.pkl
2325,46.0,44.33765206621974,abcd-ml,pasleep,scale,weekly,3,s012,41284804,60,out/abcd-ml_pasleep_scale_weekly_3_s012_41284804_60.pkl
2326,59.0,48.233303669890425,abcd-ml,pasleep,scale,weekly,3,s012,41284804,60,out/abcd-ml_pasleep_scale_weekly_3_s012_41284804_60.pkl
2327,46.0,44.49958532846104,abcd-ml,pasleep,scale,weekly,3,s012,41284804,60,out/abcd-ml_pasleep_scale_weekly_3_s012_41284804_60.pkl
2328,59.0,48.22552253315248,abcd-ml,pasleep,scale,weekly,3,s012,41284804,60,out/abcd-ml_pasleep_scale_weekly_3_s012_41284804_60.pkl
2329,46.0,44.52584631942875,abcd-ml,pasleep,scale,weekly,3,s012,41284804,60,out/abcd-ml_pasleep_scale_weekly_3_s012_41284804_60.pkl
2330,59.0,47.836571829298975,abcd-ml,pasleep,scale,weekly,3,s012,41284804,60,out/abcd-ml_pasleep_scale_weekly_3_s012_41284804_60.pkl
2331,46.0,44.9564559005336,abcd-ml,pasleep,scale,weekly,3,s012,41284804,60,out/abcd-ml_pasleep_scale_weekly_3_s012_41284804_60.pkl
2332,59.0,48.0148337184485,abcd-ml,pasleep,scale,weekly,3,s012,41284804,60,out/abcd-ml_pasleep_scale_weekly_3_s012_41284804_60.pkl
2333,46.0,44.428728703728396,abcd-ml,pasleep,scale,weekly,3,s012,41284804,60,out/abcd-ml_pasleep_scale_weekly_3_s012_41284804_60.pkl
2334,59.0,47.62690251140653,abcd-ml,pasleep,scale,weekly,3,s012,41284804,60,out/abcd-ml_pasleep_scale_weekly_3_s012_41284804_60.pkl
2335,46.0,44.85823538995842,abcd-ml,pasleep,scale,weekly,3,s012,41284804,60,out/abcd-ml_pasleep_scale_weekly_3_s012_41284804_60.pkl
2336,54.0,47.677305623918535,abcd-ml,pasleep,scale,weekly,3,s012,41284804,60,out/abcd-ml_pasleep_scale_weekly_3_s012_41284804_60.pkl
2337,62.0,44.2552961572307,abcd-ml,pasleep,scale,weekly,3,s012,41284804,60,out/abcd-ml_pasleep_scale_weekly_3_s012_41284804_60.pkl
2338,54.0,47.63566865113281,abcd-ml,pasleep,scale,weekly,3,s012,41284804,60,out/abcd-ml_pasleep_scale_weekly_3_s012_41284804_60.pkl
2339,62.0,44.301624255283855,abcd-ml,pasleep,scale,weekly,3,s012,41284804,60,out/abcd-ml_pasleep_scale_weekly_3_s012_41284804_60.pkl
2340,54.0,46.95980647685083,abcd-ml,pasleep,scale,weekly,3,s012,41284804,60,out/abcd-ml_pasleep_scale_weekly_3_s012_41284804_60.pkl
2341,62.0,43.98739499520791,abcd-ml,pasleep,scale,weekly,3,s012,41284804,60,out/abcd-ml_pasleep_scale_weekly_3_s012_41284804_60.pkl
2342,54.0,46.93043328142156,abcd-ml,pasleep,scale,weekly,3,s012,41284804,60,out/abcd-ml_pasleep_scale_weekly_3_s012_41284804_60.pkl
2343,62.0,44.02006745473139,abcd-ml,pasleep,scale,weekly,3,s012,41284804,60,out/abcd-ml_pasleep_scale_weekly_3_s012_41284804_60.pkl
2344,54.0,47.30817808999685,abcd-ml,pasleep,scale,weekly,3,s012,41284804,60,out/abcd-ml_pasleep_scale_weekly_3_s012_41284804_60.pkl
2345,62.0,44.20490567096017,abcd-ml,pasleep,scale,weekly,3,s012,41284804,60,out/abcd-ml_pasleep_scale_weekly_3_s012_41284804_60.pkl
2346,54.0,47.29165826395463,abcd-ml,pasleep,scale,weekly,3,s012,41284804,60,out/abcd-ml_pasleep_scale_weekly_3_s012_41284804_60.pkl
2347,62.0,44.223262921528885,abcd-ml,pasleep,scale,weekly,3,s012,41284804,60,out/abcd-ml_pasleep_scale_weekly_3_s012_41284804_60.pkl
2348,54.0,47.40167540009431,abcd-ml,pasleep,scale,weekly,3,s012,41284804,60,out/abcd-ml_pasleep_scale_weekly_3_s012_41284804_60.pkl
2349,56.0,43.9045708819679,abcd-ml,pasleep,scale,weekly,3,s012,41284804,60,out/abcd-ml_pasleep_scale_weekly_3_s012_41284804_60.pkl
2350,54.0,47.11207825993089,abcd-ml,pasleep,scale,weekly,3,s012,41284804,60,out/abcd-ml_pasleep_scale_weekly_3_s012_41284804_60.pkl
2351,56.0,44.22578373725029,abcd-ml,pasleep,scale,weekly,3,s012,41284804,60,out/abcd-ml_pasleep_scale_weekly_3_s012_41284804_60.pkl
2352,54.0,47.51508639750288,abcd-ml,pasleep,scale,weekly,3,s012,41284804,60,out/abcd-ml_pasleep_scale_weekly_3_s012_41284804_60.pkl
2353,56.0,44.292901921712115,abcd-ml,pasleep,scale,weekly,3,s012,41284804,60,out/abcd-ml_pasleep_scale_weekly_3_s012_41284804_60.pkl
2354,54.0,47.64950841851896,abcd-ml,pasleep,scale,weekly,3,s012,41284804,60,out/abcd-ml_pasleep_scale_weekly_3_s012_41284804_60.pkl
2355,56.0,44.14405019270204,abcd-ml,pasleep,scale,weekly,3,s012,41284804,60,out/abcd-ml_pasleep_scale_weekly_3_s012_41284804_60.pkl
2356,54.0,48.849214562288594,abcd-ml,pasleep,scale,weekly,3,s012,41284804,60,out/abcd-ml_pasleep_scale_weekly_3_s012_41284804_60.pkl
2357,56.0,44.78019377976834,abcd-ml,pasleep,scale,weekly,3,s012,41284804,60,out/abcd-ml_pasleep_scale_weekly_3_s012_41284804_60.pkl
2358,39.0,48.19540395774956,abcd-ml,pasleep,scale,weekly,3,s012,41284804,60,out/abcd-ml_pasleep_scale_weekly_3_s012_41284804_60.pkl
2359,44.0,44.24191628796565,abcd-ml,pasleep,scale,weekly,3,s012,41284804,60,out/abcd-ml_pasleep_scale_weekly_3_s012_41284804_60.pkl
2360,39.0,48.06675683226506,abcd-ml,pasleep,scale,weekly,3,s012,41284804,60,out/abcd-ml_pasleep_scale_weekly_3_s012_41284804_60.pkl
2361,44.0,44.384213708706284,abcd-ml,pasleep,scale,weekly,3,s012,41284804,60,out/abcd-ml_pasleep_scale_weekly_3_s012_41284804_60.pkl
2362,39.0,47.829937435165,abcd-ml,pasleep,scale,weekly,3,s012,41284804,60,out/abcd-ml_pasleep_scale_weekly_3_s012_41284804_60.pkl
2363,44.0,44.37990732962878,abcd-ml,pasleep,scale,weekly,3,s012,41284804,60,out/abcd-ml_pasleep_scale_weekly_3_s012_41284804_60.pkl
2364,39.0,47.89744647768115,abcd-ml,pasleep,scale,weekly,3,s012,41284804,60,out/abcd-ml_pasleep_scale_weekly_3_s012_41284804_60.pkl
2365,44.0,44.30554583363083,abcd-ml,pasleep,scale,weekly,3,s012,41284804,60,out/abcd-ml_pasleep_scale_weekly_3_s012_41284804_60.pkl
2366,39.0,47.33343216437517,abcd-ml,pasleep,scale,weekly,3,s012,41284804,60,out/abcd-ml_pasleep_scale_weekly_3_s012_41284804_60.pkl
2367,44.0,44.21646632007081,abcd-ml,pasleep,scale,weekly,3,s012,41284804,60,out/abcd-ml_pasleep_scale_weekly_3_s012_41284804_60.pkl
2368,39.0,47.35385430972254,abcd-ml,pasleep,scale,weekly,3,s012,41284804,60,out/abcd-ml_pasleep_scale_weekly_3_s012_41284804_60.pkl
2369,44.0,44.194434171660106,abcd-ml,pasleep,scale,weekly,3,s012,41284804,60,out/abcd-ml_pasleep_scale_weekly_3_s012_41284804_60.pkl
2370,45.0,47.88723743311475,abcd-ml,pasleep,scale,weekly,3,s012,41284804,60,out/abcd-ml_pasleep_scale_weekly_3_s012_41284804_60.pkl
2371,55.0,44.33911704033038,abcd-ml,pasleep,scale,weekly,3,s012,41284804,60,out/abcd-ml_pasleep_scale_weekly_3_s012_41284804_60.pkl
2372,45.0,47.819531608292834,abcd-ml,pasleep,scale,weekly,3,s012,41284804,60,out/abcd-ml_pasleep_scale_weekly_3_s012_41284804_60.pkl
2373,55.0,44.41420167835658,abcd-ml,pasleep,scale,weekly,3,s012,41284804,60,out/abcd-ml_pasleep_scale_weekly_3_s012_41284804_60.pkl
2374,45.0,48.24670628476842,abcd-ml,pasleep,scale,weekly,3,s012,41284804,60,out/abcd-ml_pasleep_scale_weekly_3_s012_41284804_60.pkl
2375,55.0,44.4371214150956,abcd-ml,pasleep,scale,weekly,3,s012,41284804,60,out/abcd-ml_pasleep_scale_weekly_3_s012_41284804_60.pkl
2376,45.0,48.06501463071669,abcd-ml,pasleep,scale,weekly,3,s012,41284804,60,out/abcd-ml_pasleep_scale_weekly_3_s012_41284804_60.pkl
2377,55.0,44.63902312260661,abcd-ml,pasleep,scale,weekly,3,s012,41284804,60,out/abcd-ml_pasleep_scale_weekly_3_s012_41284804_60.pkl
2378,45.0,47.538215955793696,abcd-ml,pasleep,scale,weekly,3,s012,41284804,60,out/abcd-ml_pasleep_scale_weekly_3_s012_41284804_60.pkl
2379,55.0,44.2309105563942,abcd-ml,pasleep,scale,weekly,3,s012,41284804,60,out/abcd-ml_pasleep_scale_weekly_3_s012_41284804_60.pkl
2380,45.0,47.58285139779253,abcd-ml,pasleep,scale,weekly,3,s012,41284804,60,out/abcd-ml_pasleep_scale_weekly_3_s012_41284804_60.pkl
2381,55.0,44.1811703876308,abcd-ml,pasleep,scale,weekly,3,s012,41284804,60,out/abcd-ml_pasleep_scale_weekly_3_s012_41284804_60.pkl
2382,34.0,47.14025990704526,abcd-ml,pasleep,scale,weekly,3,s012,41284804,60,out/abcd-ml_pasleep_scale_weekly_3_s012_41284804_60.pkl
2383,43.0,43.97845762121367,abcd-ml,pasleep,scale,weekly,3,s012,41284804,60,out/abcd-ml_pasleep_scale_weekly_3_s012_41284804_60.pkl
2384,34.0,46.94138828243574,abcd-ml,pasleep,scale,weekly,3,s012,41284804,60,out/abcd-ml_pasleep_scale_weekly_3_s012_41284804_60.pkl
2385,43.0,44.19859886324679,abcd-ml,pasleep,scale,weekly,3,s012,41284804,60,out/abcd-ml_pasleep_scale_weekly_3_s012_41284804_60.pkl
2386,34.0,47.82426609752005,abcd-ml,pasleep,scale,weekly,3,s012,41284804,60,out/abcd-ml_pasleep_scale_weekly_3_s012_41284804_60.pkl
2387,43.0,44.3322135586546,abcd-ml,pasleep,scale,weekly,3,s012,41284804,60,out/abcd-ml_pasleep_scale_weekly_3_s012_41284804_60.pkl
2388,34.0,48.05678512934566,abcd-ml,pasleep,scale,weekly,3,s012,41284804,60,out/abcd-ml_pasleep_scale_weekly_3_s012_41284804_60.pkl
2389,43.0,44.07475262205347,abcd-ml,pasleep,scale,weekly,3,s012,41284804,60,out/abcd-ml_pasleep_scale_weekly_3_s012_41284804_60.pkl
2390,34.0,46.89033941542403,abcd-ml,pasleep,scale,weekly,3,s012,41284804,60,out/abcd-ml_pasleep_scale_weekly_3_s012_41284804_60.pkl
2391,43.0,44.11309516765509,abcd-ml,pasleep,scale,weekly,3,s012,41284804,60,out/abcd-ml_pasleep_scale_weekly_3_s012_41284804_60.pkl
2392,34.0,46.95076529847048,abcd-ml,pasleep,scale,weekly,3,s012,41284804,60,out/abcd-ml_pasleep_scale_weekly_3_s012_41284804_60.pkl
2393,43.0,44.046770459500365,abcd-ml,pasleep,scale,weekly,3,s012,41284804,60,out/abcd-ml_pasleep_scale_weekly_3_s012_41284804_60.pkl
2394,34.0,47.8473599869502,abcd-ml,pasleep,scale,weekly,3,s012,41284804,60,out/abcd-ml_pasleep_scale_weekly_3_s012_41284804_60.pkl
2395,34.0,44.964979982163214,abcd-ml,pasleep,scale,weekly,3,s012,41284804,60,out/abcd-ml_pasleep_scale_weekly_3_s012_41284804_60.pkl
2396,34.0,48.23225808573494,abcd-ml,pasleep,scale,weekly,3,s012,41284804,60,out/abcd-ml_pasleep_scale_weekly_3_s012_41284804_60.pkl
2397,34.0,44.53884710081454,abcd-ml,pasleep,scale,weekly,3,s012,41284804,60,out/abcd-ml_pasleep_scale_weekly_3_s012_41284804_60.pkl
2398,34.0,48.2882885044846,abcd-ml,pasleep,scale,weekly,3,s012,41284804,60,out/abcd-ml_pasleep_scale_weekly_3_s012_41284804_60.pkl
2399,34.0,44.61458137974528,abcd-ml,pasleep,scale,weekly,3,s012,41284804,60,out/abcd-ml_pasleep_scale_weekly_3_s012_41284804_60.pkl
2400,34.0,48.359473823873834,abcd-ml,pasleep,scale,weekly,3,s012,41284804,60,out/abcd-ml_pasleep_scale_weekly_3_s012_41284804_60.pkl
2401,34.0,44.53675476372895,abcd-ml,pasleep,scale,weekly,3,s012,41284804,60,out/abcd-ml_pasleep_scale_weekly_3_s012_41284804_60.pkl
2402,34.0,48.21196108944973,abcd-ml,pasleep,scale,weekly,3,s012,41284804,60,out/abcd-ml_pasleep_scale_weekly_3_s012_41284804_60.pkl
2403,34.0,44.73510508430781,abcd-ml,pasleep,scale,weekly,3,s012,41284804,60,out/abcd-ml_pasleep_scale_weekly_3_s012_41284804_60.pkl
2404,34.0,48.38185227898052,abcd-ml,pasleep,scale,weekly,3,s012,41284804,60,out/abcd-ml_pasleep_scale_weekly_3_s012_41284804_60.pkl
2405,34.0,44.54764772557837,abcd-ml,pasleep,scale,weekly,3,s012,41284804,60,out/abcd-ml_pasleep_scale_weekly_3_s012_41284804_60.pkl
2406,63.0,48.02264870690791,abcd-ml,pasleep,scale,weekly,3,s012,41284804,60,out/abcd-ml_pasleep_scale_weekly_3_s012_41284804_60.pkl
2407,44.0,44.42313001686723,abcd-ml,pasleep,scale,weekly,3,s012,41284804,60,out/abcd-ml_pasleep_scale_weekly_3_s012_41284804_60.pkl
2408,63.0,48.242239229529346,abcd-ml,pasleep,scale,weekly,3,s012,41284804,60,out/abcd-ml_pasleep_scale_weekly_3_s012_41284804_60.pkl
2409,44.0,44.33825713966209,abcd-ml,pasleep,scale,weekly,3,s012,41284804,60,out/abcd-ml_pasleep_scale_weekly_3_s012_41284804_60.pkl
2410,63.0,48.17701908217969,abcd-ml,pasleep,scale,weekly,3,s012,41284804,60,out/abcd-ml_pasleep_scale_weekly_3_s012_41284804_60.pkl
2411,44.0,44.410821424773154,abcd-ml,pasleep,scale,weekly,3,s012,41284804,60,out/abcd-ml_pasleep_scale_weekly_3_s012_41284804_60.pkl
2412,63.0,47.48396607795883,abcd-ml,pasleep,scale,weekly,3,s012,41284804,60,out/abcd-ml_pasleep_scale_weekly_3_s012_41284804_60.pkl
2413,44.0,44.27556667101122,abcd-ml,pasleep,scale,weekly,3,s012,41284804,60,out/abcd-ml_pasleep_scale_weekly_3_s012_41284804_60.pkl
2414,63.0,47.4289180495291,abcd-ml,pasleep,scale,weekly,3,s012,41284804,60,out/abcd-ml_pasleep_scale_weekly_3_s012_41284804_60.pkl
2415,44.0,44.33659607651127,abcd-ml,pasleep,scale,weekly,3,s012,41284804,60,out/abcd-ml_pasleep_scale_weekly_3_s012_41284804_60.pkl
2416,34.0,47.123169882793526,abcd-ml,pasleep,scale,weekly,3,s012,41284804,60,out/abcd-ml_pasleep_scale_weekly_3_s012_41284804_60.pkl
2417,46.0,43.92428824018595,abcd-ml,pasleep,scale,weekly,3,s012,41284804,60,out/abcd-ml_pasleep_scale_weekly_3_s012_41284804_60.pkl
2418,34.0,47.000089774273526,abcd-ml,pasleep,scale,weekly,3,s012,41284804,60,out/abcd-ml_pasleep_scale_weekly_3_s012_41284804_60.pkl
2419,46.0,44.06037362503153,abcd-ml,pasleep,scale,weekly,3,s012,41284804,60,out/abcd-ml_pasleep_scale_weekly_3_s012_41284804_60.pkl
2420,34.0,46.457460703821006,abcd-ml,pasleep,scale,weekly,3,s012,41284804,60,out/abcd-ml_pasleep_scale_weekly_3_s012_41284804_60.pkl
2421,46.0,43.89200874606792,abcd-ml,pasleep,scale,weekly,3,s012,41284804,60,out/abcd-ml_pasleep_scale_weekly_3_s012_41284804_60.pkl
2422,34.0,46.63451005046392,abcd-ml,pasleep,scale,weekly,3,s012,41284804,60,out/abcd-ml_pasleep_scale_weekly_3_s012_41284804_60.pkl
2423,46.0,44.00277390676187,abcd-ml,pasleep,scale,weekly,3,s012,41284804,60,out/abcd-ml_pasleep_scale_weekly_3_s012_41284804_60.pkl
2424,34.0,46.69909005642836,abcd-ml,pasleep,scale,weekly,3,s012,41284804,60,out/abcd-ml_pasleep_scale_weekly_3_s012_41284804_60.pkl
2425,46.0,43.93173307193337,abcd-ml,pasleep,scale,weekly,3,s012,41284804,60,out/abcd-ml_pasleep_scale_weekly_3_s012_41284804_60.pkl
2426,54.0,47.22969636582685,abcd-ml,pasleep,scale,weekly,3,s012,41284804,60,out/abcd-ml_pasleep_scale_weekly_3_s012_41284804_60.pkl
2427,49.0,44.29825006152639,abcd-ml,pasleep,scale,weekly,3,s012,41284804,60,out/abcd-ml_pasleep_scale_weekly_3_s012_41284804_60.pkl
2428,54.0,47.32853059122031,abcd-ml,pasleep,scale,weekly,3,s012,41284804,60,out/abcd-ml_pasleep_scale_weekly_3_s012_41284804_60.pkl
2429,49.0,44.18947904948527,abcd-ml,pasleep,scale,weekly,3,s012,41284804,60,out/abcd-ml_pasleep_scale_weekly_3_s012_41284804_60.pkl
2430,54.0,47.39307073214482,abcd-ml,pasleep,scale,weekly,3,s012,41284804,60,out/abcd-ml_pasleep_scale_weekly_3_s012_41284804_60.pkl
2431,49.0,44.19287310464547,abcd-ml,pasleep,scale,weekly,3,s012,41284804,60,out/abcd-ml_pasleep_scale_weekly_3_s012_41284804_60.pkl
2432,54.0,47.444855996024,abcd-ml,pasleep,scale,weekly,3,s012,41284804,60,out/abcd-ml_pasleep_scale_weekly_3_s012_41284804_60.pkl
2433,49.0,44.13631145707549,abcd-ml,pasleep,scale,weekly,3,s012,41284804,60,out/abcd-ml_pasleep_scale_weekly_3_s012_41284804_60.pkl
2434,54.0,47.39298307271672,abcd-ml,pasleep,scale,weekly,3,s012,41284804,60,out/abcd-ml_pasleep_scale_weekly_3_s012_41284804_60.pkl
2435,49.0,44.153612554941304,abcd-ml,pasleep,scale,weekly,3,s012,41284804,60,out/abcd-ml_pasleep_scale_weekly_3_s012_41284804_60.pkl
2436,54.0,47.43529802557465,abcd-ml,pasleep,scale,weekly,3,s012,41284804,60,out/abcd-ml_pasleep_scale_weekly_3_s012_41284804_60.pkl
2437,49.0,44.10752641675008,abcd-ml,pasleep,scale,weekly,3,s012,41284804,60,out/abcd-ml_pasleep_scale_weekly_3_s012_41284804_60.pkl
2438,50.0,47.152172215750525,abcd-ml,pasleep,scale,weekly,3,s012,41284804,60,out/abcd-ml_pasleep_scale_weekly_3_s012_41284804_60.pkl
2439,33.0,44.43054407407526,abcd-ml,pasleep,scale,weekly,3,s012,41284804,60,out/abcd-ml_pasleep_scale_weekly_3_s012_41284804_60.pkl
2440,50.0,47.2950170760594,abcd-ml,pasleep,scale,weekly,3,s012,41284804,60,out/abcd-ml_pasleep_scale_weekly_3_s012_41284804_60.pkl
2441,33.0,44.271477479846695,abcd-ml,pasleep,scale,weekly,3,s012,41284804,60,out/abcd-ml_pasleep_scale_weekly_3_s012_41284804_60.pkl
2442,61.0,47.731481447057305,abcd-ml,pasleep,scale,weekly,3,s012,41284804,60,out/abcd-ml_pasleep_scale_weekly_3_s012_41284804_60.pkl
2443,69.0,44.059688233385714,abcd-ml,pasleep,scale,weekly,3,s012,41284804,60,out/abcd-ml_pasleep_scale_weekly_3_s012_41284804_60.pkl
2444,61.0,47.578543560897444,abcd-ml,pasleep,scale,weekly,3,s012,41284804,60,out/abcd-ml_pasleep_scale_weekly_3_s012_41284804_60.pkl
2445,69.0,44.22876364011141,abcd-ml,pasleep,scale,weekly,3,s012,41284804,60,out/abcd-ml_pasleep_scale_weekly_3_s012_41284804_60.pkl
2446,61.0,46.84000959321027,abcd-ml,pasleep,scale,weekly,3,s012,41284804,60,out/abcd-ml_pasleep_scale_weekly_3_s012_41284804_60.pkl
2447,69.0,44.15919982008879,abcd-ml,pasleep,scale,weekly,3,s012,41284804,60,out/abcd-ml_pasleep_scale_weekly_3_s012_41284804_60.pkl
2448,61.0,46.83809431594443,abcd-ml,pasleep,scale,weekly,3,s012,41284804,60,out/abcd-ml_pasleep_scale_weekly_3_s012_41284804_60.pkl
2449,69.0,44.16212102314532,abcd-ml,pasleep,scale,weekly,3,s012,41284804,60,out/abcd-ml_pasleep_scale_weekly_3_s012_41284804_60.pkl
2450,61.0,47.694320781047985,abcd-ml,pasleep,scale,weekly,3,s012,41284804,60,out/abcd-ml_pasleep_scale_weekly_3_s012_41284804_60.pkl
2451,69.0,44.43970813282292,abcd-ml,pasleep,scale,weekly,3,s012,41284804,60,out/abcd-ml_pasleep_scale_weekly_3_s012_41284804_60.pkl
2452,61.0,47.603531226733615,abcd-ml,pasleep,scale,weekly,3,s012,41284804,60,out/abcd-ml_pasleep_scale_weekly_3_s012_41284804_60.pkl
2453,69.0,44.54135451686194,abcd-ml,pasleep,scale,weekly,3,s012,41284804,60,out/abcd-ml_pasleep_scale_weekly_3_s012_41284804_60.pkl
2454,50.0,48.37293448252722,abcd-ml,pasleep,scale,weekly,3,s012,41284804,60,out/abcd-ml_pasleep_scale_weekly_3_s012_41284804_60.pkl
2455,47.0,44.343424807624416,abcd-ml,pasleep,scale,weekly,3,s012,41284804,60,out/abcd-ml_pasleep_scale_weekly_3_s012_41284804_60.pkl
2456,50.0,48.29013845574345,abcd-ml,pasleep,scale,weekly,3,s012,41284804,60,out/abcd-ml_pasleep_scale_weekly_3_s012_41284804_60.pkl
2457,47.0,44.435149737811464,abcd-ml,pasleep,scale,weekly,3,s012,41284804,60,out/abcd-ml_pasleep_scale_weekly_3_s012_41284804_60.pkl
2458,50.0,47.58908259968035,abcd-ml,pasleep,scale,weekly,3,s012,41284804,60,out/abcd-ml_pasleep_scale_weekly_3_s012_41284804_60.pkl
2459,47.0,44.37313794118054,abcd-ml,pasleep,scale,weekly,3,s012,41284804,60,out/abcd-ml_pasleep_scale_weekly_3_s012_41284804_60.pkl
2460,50.0,47.62545097943133,abcd-ml,pasleep,scale,weekly,3,s012,41284804,60,out/abcd-ml_pasleep_scale_weekly_3_s012_41284804_60.pkl
2461,47.0,44.33250202628318,abcd-ml,pasleep,scale,weekly,3,s012,41284804,60,out/abcd-ml_pasleep_scale_weekly_3_s012_41284804_60.pkl
2462,50.0,48.32060727217934,abcd-ml,pasleep,scale,weekly,3,s012,41284804,60,out/abcd-ml_pasleep_scale_weekly_3_s012_41284804_60.pkl
2463,47.0,44.31766061238925,abcd-ml,pasleep,scale,weekly,3,s012,41284804,60,out/abcd-ml_pasleep_scale_weekly_3_s012_41284804_60.pkl
2464,50.0,48.232153664742555,abcd-ml,pasleep,scale,weekly,3,s012,41284804,60,out/abcd-ml_pasleep_scale_weekly_3_s012_41284804_60.pkl
2465,47.0,44.41558569367019,abcd-ml,pasleep,scale,weekly,3,s012,41284804,60,out/abcd-ml_pasleep_scale_weekly_3_s012_41284804_60.pkl
2466,50.0,47.779578957522716,abcd-ml,pasleep,scale,weekly,3,s012,41284804,60,out/abcd-ml_pasleep_scale_weekly_3_s012_41284804_60.pkl
2467,34.0,44.46583590262955,abcd-ml,pasleep,scale,weekly,3,s012,41284804,60,out/abcd-ml_pasleep_scale_weekly_3_s012_41284804_60.pkl
2468,50.0,47.144525706346016,abcd-ml,pasleep,scale,weekly,3,s012,41284804,60,out/abcd-ml_pasleep_scale_weekly_3_s012_41284804_60.pkl
2469,34.0,44.26249066182195,abcd-ml,pasleep,scale,weekly,3,s012,41284804,60,out/abcd-ml_pasleep_scale_weekly_3_s012_41284804_60.pkl
2470,50.0,47.95619565957634,abcd-ml,pasleep,scale,weekly,3,s012,41284804,60,out/abcd-ml_pasleep_scale_weekly_3_s012_41284804_60.pkl
2471,34.0,44.62696639746325,abcd-ml,pasleep,scale,weekly,3,s012,41284804,60,out/abcd-ml_pasleep_scale_weekly_3_s012_41284804_60.pkl
2472,50.0,48.07143044741015,abcd-ml,pasleep,scale,weekly,3,s012,41284804,60,out/abcd-ml_pasleep_scale_weekly_3_s012_41284804_60.pkl
2473,34.0,44.49931224241578,abcd-ml,pasleep,scale,weekly,3,s012,41284804,60,out/abcd-ml_pasleep_scale_weekly_3_s012_41284804_60.pkl
2474,52.0,48.14579270218882,abcd-ml,pasleep,scale,weekly,3,s012,41284804,60,out/abcd-ml_pasleep_scale_weekly_3_s012_41284804_60.pkl
2475,55.0,44.472628344361624,abcd-ml,pasleep,scale,weekly,3,s012,41284804,60,out/abcd-ml_pasleep_scale_weekly_3_s012_41284804_60.pkl
2476,52.0,47.85852932278,abcd-ml,pasleep,scale,weekly,3,s012,41284804,60,out/abcd-ml_pasleep_scale_weekly_3_s012_41284804_60.pkl
2477,55.0,44.28399543105117,abcd-ml,pasleep,scale,weekly,3,s012,41284804,60,out/abcd-ml_pasleep_scale_weekly_3_s012_41284804_60.pkl
2478,52.0,47.78786099997986,abcd-ml,pasleep,scale,weekly,3,s012,41284804,60,out/abcd-ml_pasleep_scale_weekly_3_s012_41284804_60.pkl
2479,55.0,44.36214046861641,abcd-ml,pasleep,scale,weekly,3,s012,41284804,60,out/abcd-ml_pasleep_scale_weekly_3_s012_41284804_60.pkl
2480,52.0,47.91238659547978,abcd-ml,pasleep,scale,weekly,3,s012,41284804,60,out/abcd-ml_pasleep_scale_weekly_3_s012_41284804_60.pkl
2481,55.0,44.50910601638033,abcd-ml,pasleep,scale,weekly,3,s012,41284804,60,out/abcd-ml_pasleep_scale_weekly_3_s012_41284804_60.pkl
2482,52.0,48.02772357901661,abcd-ml,pasleep,scale,weekly,3,s012,41284804,60,out/abcd-ml_pasleep_scale_weekly_3_s012_41284804_60.pkl
2483,55.0,44.38132680721395,abcd-ml,pasleep,scale,weekly,3,s012,41284804,60,out/abcd-ml_pasleep_scale_weekly_3_s012_41284804_60.pkl
2484,45.0,47.687175056090105,abcd-ml,pasleep,scale,weekly,3,s012,41284804,60,out/abcd-ml_pasleep_scale_weekly_3_s012_41284804_60.pkl
2485,51.0,44.28164675299437,abcd-ml,pasleep,scale,weekly,3,s012,41284804,60,out/abcd-ml_pasleep_scale_weekly_3_s012_41284804_60.pkl
2486,45.0,47.54266416410121,abcd-ml,pasleep,scale,weekly,3,s012,41284804,60,out/abcd-ml_pasleep_scale_weekly_3_s012_41284804_60.pkl
2487,51.0,44.210332318366376,abcd-ml,pasleep,scale,weekly,3,s012,41284804,60,out/abcd-ml_pasleep_scale_weekly_3_s012_41284804_60.pkl
2488,45.0,47.573093059123195,abcd-ml,pasleep,scale,weekly,3,s012,41284804,60,out/abcd-ml_pasleep_scale_weekly_3_s012_41284804_60.pkl
2489,51.0,44.17654138461237,abcd-ml,pasleep,scale,weekly,3,s012,41284804,60,out/abcd-ml_pasleep_scale_weekly_3_s012_41284804_60.pkl
2490,45.0,47.631240781332544,abcd-ml,pasleep,scale,weekly,3,s012,41284804,60,out/abcd-ml_pasleep_scale_weekly_3_s012_41284804_60.pkl
2491,51.0,44.243472952765515,abcd-ml,pasleep,scale,weekly,3,s012,41284804,60,out/abcd-ml_pasleep_scale_weekly_3_s012_41284804_60.pkl
2492,45.0,47.605359584592264,abcd-ml,pasleep,scale,weekly,3,s012,41284804,60,out/abcd-ml_pasleep_scale_weekly_3_s012_41284804_60.pkl
2493,51.0,44.27225360536518,abcd-ml,pasleep,scale,weekly,3,s012,41284804,60,out/abcd-ml_pasleep_scale_weekly_3_s012_41284804_60.pkl
2494,39.0,48.30247694638221,abcd-ml,pasleep,scale,weekly,3,s012,41284804,60,out/abcd-ml_pasleep_scale_weekly_3_s012_41284804_60.pkl
2495,34.0,44.450109790504115,abcd-ml,pasleep,scale,weekly,3,s012,41284804,60,out/abcd-ml_pasleep_scale_weekly_3_s012_41284804_60.pkl
2496,39.0,48.19827156959005,abcd-ml,pasleep,scale,weekly,3,s012,41284804,60,out/abcd-ml_pasleep_scale_weekly_3_s012_41284804_60.pkl
2497,34.0,44.36513184513024,abcd-ml,pasleep,scale,weekly,3,s012,41284804,60,out/abcd-ml_pasleep_scale_weekly_3_s012_41284804_60.pkl
2498,39.0,48.28840227352731,abcd-ml,pasleep,scale,weekly,3,s012,41284804,60,out/abcd-ml_pasleep_scale_weekly_3_s012_41284804_60.pkl
2499,34.0,44.40281388863063,abcd-ml,pasleep,scale,weekly,3,s012,41284804,60,out/abcd-ml_pasleep_scale_weekly_3_s012_41284804_60.pkl
2500,52.0,48.795586566856066,abcd-ml,pasleep,scale,weekly,3,s012,41284804,60,out/abcd-ml_pasleep_scale_weekly_3_s012_41284804_60.pkl
2501,56.0,44.430748221041526,abcd-ml,pasleep,scale,weekly,3,s012,41284804,60,out/abcd-ml_pasleep_scale_weekly_3_s012_41284804_60.pkl
2502,52.0,48.03071883480839,abcd-ml,pasleep,scale,weekly,3,s012,41284804,60,out/abcd-ml_pasleep_scale_weekly_3_s012_41284804_60.pkl
2503,56.0,44.19732375646945,abcd-ml,pasleep,scale,weekly,3,s012,41284804,60,out/abcd-ml_pasleep_scale_weekly_3_s012_41284804_60.pkl
2504,52.0,47.62197565433183,abcd-ml,pasleep,scale,weekly,3,s012,41284804,60,out/abcd-ml_pasleep_scale_weekly_3_s012_41284804_60.pkl
2505,56.0,43.99865663707091,abcd-ml,pasleep,scale,weekly,3,s012,41284804,60,out/abcd-ml_pasleep_scale_weekly_3_s012_41284804_60.pkl
2506,52.0,47.44094809914357,abcd-ml,pasleep,scale,weekly,3,s012,41284804,60,out/abcd-ml_pasleep_scale_weekly_3_s012_41284804_60.pkl
2507,56.0,44.19858280218948,abcd-ml,pasleep,scale,weekly,3,s012,41284804,60,out/abcd-ml_pasleep_scale_weekly_3_s012_41284804_60.pkl
2508,52.0,47.444658432564154,abcd-ml,pasleep,scale,weekly,3,s012,41284804,60,out/abcd-ml_pasleep_scale_weekly_3_s012_41284804_60.pkl
2509,56.0,44.07578040244125,abcd-ml,pasleep,scale,weekly,3,s012,41284804,60,out/abcd-ml_pasleep_scale_weekly_3_s012_41284804_60.pkl
2510,39.0,48.05131157532399,abcd-ml,pasleep,scale,weekly,3,s012,41284804,60,out/abcd-ml_pasleep_scale_weekly_3_s012_41284804_60.pkl
2511,34.0,44.15201616475788,abcd-ml,pasleep,scale,weekly,3,s012,41284804,60,out/abcd-ml_pasleep_scale_weekly_3_s012_41284804_60.pkl
2512,39.0,47.83853474862512,abcd-ml,pasleep,scale,weekly,3,s012,41284804,60,out/abcd-ml_pasleep_scale_weekly_3_s012_41284804_60.pkl
2513,34.0,44.38776984045926,abcd-ml,pasleep,scale,weekly,3,s012,41284804,60,out/abcd-ml_pasleep_scale_weekly_3_s012_41284804_60.pkl
2514,39.0,47.946573990508774,abcd-ml,pasleep,scale,weekly,3,s012,41284804,60,out/abcd-ml_pasleep_scale_weekly_3_s012_41284804_60.pkl
2515,34.0,44.247617263486895,abcd-ml,pasleep,scale,weekly,3,s012,41284804,60,out/abcd-ml_pasleep_scale_weekly_3_s012_41284804_60.pkl
2516,39.0,47.83012974245995,abcd-ml,pasleep,scale,weekly,3,s012,41284804,60,out/abcd-ml_pasleep_scale_weekly_3_s012_41284804_60.pkl
2517,34.0,44.37635431081215,abcd-ml,pasleep,scale,weekly,3,s012,41284804,60,out/abcd-ml_pasleep_scale_weekly_3_s012_41284804_60.pkl
2518,39.0,47.71759639802494,abcd-ml,pasleep,scale,weekly,3,s012,41284804,60,out/abcd-ml_pasleep_scale_weekly_3_s012_41284804_60.pkl
2519,34.0,44.351377882309265,abcd-ml,pasleep,scale,weekly,3,s012,41284804,60,out/abcd-ml_pasleep_scale_weekly_3_s012_41284804_60.pkl
2520,39.0,47.75066880398529,abcd-ml,pasleep,scale,weekly,3,s012,41284804,60,out/abcd-ml_pasleep_scale_weekly_3_s012_41284804_60.pkl
2521,34.0,44.31405660662815,abcd-ml,pasleep,scale,weekly,3,s012,41284804,60,out/abcd-ml_pasleep_scale_weekly_3_s012_41284804_60.pkl
2522,34.0,47.40785225741883,abcd-ml,pasleep,scale,weekly,3,s012,41284804,60,out/abcd-ml_pasleep_scale_weekly_3_s012_41284804_60.pkl
2523,40.0,43.93078109589035,abcd-ml,pasleep,scale,weekly,3,s012,41284804,60,out/abcd-ml_pasleep_scale_weekly_3_s012_41284804_60.pkl
2524,34.0,47.19935928679297,abcd-ml,pasleep,scale,weekly,3,s012,41284804,60,out/abcd-ml_pasleep_scale_weekly_3_s012_41284804_60.pkl
2525,40.0,44.16120224000734,abcd-ml,pasleep,scale,weekly,3,s012,41284804,60,out/abcd-ml_pasleep_scale_weekly_3_s012_41284804_60.pkl
2526,34.0,47.89954932618423,abcd-ml,pasleep,scale,weekly,3,s012,41284804,60,out/abcd-ml_pasleep_scale_weekly_3_s012_41284804_60.pkl
2527,40.0,44.18796952598086,abcd-ml,pasleep,scale,weekly,3,s012,41284804,60,out/abcd-ml_pasleep_scale_weekly_3_s012_41284804_60.pkl
2528,34.0,47.731398262252455,abcd-ml,pasleep,scale,weekly,3,s012,41284804,60,out/abcd-ml_pasleep_scale_weekly_3_s012_41284804_60.pkl
2529,40.0,44.37355618107771,abcd-ml,pasleep,scale,weekly,3,s012,41284804,60,out/abcd-ml_pasleep_scale_weekly_3_s012_41284804_60.pkl
2530,34.0,47.54891790377301,abcd-ml,pasleep,scale,weekly,3,s012,41284804,60,out/abcd-ml_pasleep_scale_weekly_3_s012_41284804_60.pkl
2531,40.0,44.17872241497749,abcd-ml,pasleep,scale,weekly,3,s012,41284804,60,out/abcd-ml_pasleep_scale_weekly_3_s012_41284804_60.pkl
2532,34.0,47.70452543404705,abcd-ml,pasleep,scale,weekly,3,s012,41284804,60,out/abcd-ml_pasleep_scale_weekly_3_s012_41284804_60.pkl
2533,40.0,44.00711024442708,abcd-ml,pasleep,scale,weekly,3,s012,41284804,60,out/abcd-ml_pasleep_scale_weekly_3_s012_41284804_60.pkl
2534,34.0,48.017648066172356,abcd-ml,pasleep,scale,weekly,3,s012,41284804,60,out/abcd-ml_pasleep_scale_weekly_3_s012_41284804_60.pkl
2535,40.0,44.211967355385696,abcd-ml,pasleep,scale,weekly,3,s012,41284804,60,out/abcd-ml_pasleep_scale_weekly_3_s012_41284804_60.pkl
2536,47.0,48.261331038207516,abcd-ml,pasleep,scale,weekly,3,s012,41284804,60,out/abcd-ml_pasleep_scale_weekly_3_s012_41284804_60.pkl
2537,53.0,44.525539733553416,abcd-ml,pasleep,scale,weekly,3,s012,41284804,60,out/abcd-ml_pasleep_scale_weekly_3_s012_41284804_60.pkl
2538,47.0,48.339627592967275,abcd-ml,pasleep,scale,weekly,3,s012,41284804,60,out/abcd-ml_pasleep_scale_weekly_3_s012_41284804_60.pkl
2539,53.0,44.43925064999108,abcd-ml,pasleep,scale,weekly,3,s012,41284804,60,out/abcd-ml_pasleep_scale_weekly_3_s012_41284804_60.pkl
2540,47.0,47.689361380586085,abcd-ml,pasleep,scale,weekly,3,s012,41284804,60,out/abcd-ml_pasleep_scale_weekly_3_s012_41284804_60.pkl
2541,53.0,44.98277928025067,abcd-ml,pasleep,scale,weekly,3,s012,41284804,60,out/abcd-ml_pasleep_scale_weekly_3_s012_41284804_60.pkl
2542,47.0,47.989473531889786,abcd-ml,pasleep,scale,weekly,3,s012,41284804,60,out/abcd-ml_pasleep_scale_weekly_3_s012_41284804_60.pkl
2543,53.0,44.6501514357531,abcd-ml,pasleep,scale,weekly,3,s012,41284804,60,out/abcd-ml_pasleep_scale_weekly_3_s012_41284804_60.pkl
2544,47.0,48.22409450341813,abcd-ml,pasleep,scale,weekly,3,s012,41284804,60,out/abcd-ml_pasleep_scale_weekly_3_s012_41284804_60.pkl
2545,53.0,44.46088072971028,abcd-ml,pasleep,scale,weekly,3,s012,41284804,60,out/abcd-ml_pasleep_scale_weekly_3_s012_41284804_60.pkl
2546,47.0,48.026348569044046,abcd-ml,pasleep,scale,weekly,3,s012,41284804,60,out/abcd-ml_pasleep_scale_weekly_3_s012_41284804_60.pkl
2547,53.0,44.67988854652276,abcd-ml,pasleep,scale,weekly,3,s012,41284804,60,out/abcd-ml_pasleep_scale_weekly_3_s012_41284804_60.pkl
2548,50.0,48.11115568832318,abcd-ml,pasleep,scale,weekly,3,s012,41284804,60,out/abcd-ml_pasleep_scale_weekly_3_s012_41284804_60.pkl
2549,49.0,44.58200104416136,abcd-ml,pasleep,scale,weekly,3,s012,41284804,60,out/abcd-ml_pasleep_scale_weekly_3_s012_41284804_60.pkl
2550,50.0,48.20253738024007,abcd-ml,pasleep,scale,weekly,3,s012,41284804,60,out/abcd-ml_pasleep_scale_weekly_3_s012_41284804_60.pkl
2551,49.0,44.48144264889285,abcd-ml,pasleep,scale,weekly,3,s012,41284804,60,out/abcd-ml_pasleep_scale_weekly_3_s012_41284804_60.pkl
2552,50.0,48.10614018671549,abcd-ml,pasleep,scale,weekly,3,s012,41284804,60,out/abcd-ml_pasleep_scale_weekly_3_s012_41284804_60.pkl
2553,49.0,44.47121864052811,abcd-ml,pasleep,scale,weekly,3,s012,41284804,60,out/abcd-ml_pasleep_scale_weekly_3_s012_41284804_60.pkl
2554,50.0,48.151174901964254,abcd-ml,pasleep,scale,weekly,3,s012,41284804,60,out/abcd-ml_pasleep_scale_weekly_3_s012_41284804_60.pkl
2555,49.0,44.42208187821967,abcd-ml,pasleep,scale,weekly,3,s012,41284804,60,out/abcd-ml_pasleep_scale_weekly_3_s012_41284804_60.pkl
2556,50.0,48.085778368752635,abcd-ml,pasleep,scale,weekly,3,s012,41284804,60,out/abcd-ml_pasleep_scale_weekly_3_s012_41284804_60.pkl
2557,49.0,44.5291414566171,abcd-ml,pasleep,scale,weekly,3,s012,41284804,60,out/abcd-ml_pasleep_scale_weekly_3_s012_41284804_60.pkl
2558,40.0,48.26284923609175,abcd-ml,pasleep,scale,weekly,3,s012,41284804,60,out/abcd-ml_pasleep_scale_weekly_3_s012_41284804_60.pkl
2559,46.0,44.47076594498566,abcd-ml,pasleep,scale,weekly,3,s012,41284804,60,out/abcd-ml_pasleep_scale_weekly_3_s012_41284804_60.pkl
2560,40.0,48.21554935950255,abcd-ml,pasleep,scale,weekly,3,s012,41284804,60,out/abcd-ml_pasleep_scale_weekly_3_s012_41284804_60.pkl
2561,46.0,44.52330680281983,abcd-ml,pasleep,scale,weekly,3,s012,41284804,60,out/abcd-ml_pasleep_scale_weekly_3_s012_41284804_60.pkl
2562,40.0,48.27501812170639,abcd-ml,pasleep,scale,weekly,3,s012,41284804,60,out/abcd-ml_pasleep_scale_weekly_3_s012_41284804_60.pkl
2563,46.0,44.46670255874463,abcd-ml,pasleep,scale,weekly,3,s012,41284804,60,out/abcd-ml_pasleep_scale_weekly_3_s012_41284804_60.pkl
2564,40.0,48.18907259248139,abcd-ml,pasleep,scale,weekly,3,s012,41284804,60,out/abcd-ml_pasleep_scale_weekly_3_s012_41284804_60.pkl
2565,46.0,44.562116472741906,abcd-ml,pasleep,scale,weekly,3,s012,41284804,60,out/abcd-ml_pasleep_scale_weekly_3_s012_41284804_60.pkl
2566,40.0,48.27817605119266,abcd-ml,pasleep,scale,weekly,3,s012,41284804,60,out/abcd-ml_pasleep_scale_weekly_3_s012_41284804_60.pkl
2567,46.0,44.46694801010972,abcd-ml,pasleep,scale,weekly,3,s012,41284804,60,out/abcd-ml_pasleep_scale_weekly_3_s012_41284804_60.pkl
2568,40.0,48.227801856814615,abcd-ml,pasleep,scale,weekly,3,s012,41284804,60,out/abcd-ml_pasleep_scale_weekly_3_s012_41284804_60.pkl
2569,46.0,44.52282220788626,abcd-ml,pasleep,scale,weekly,3,s012,41284804,60,out/abcd-ml_pasleep_scale_weekly_3_s012_41284804_60.pkl
2570,72.0,48.662651807956266,abcd-ml,pasleep,scale,weekly,3,s012,41284804,60,out/abcd-ml_pasleep_scale_weekly_3_s012_41284804_60.pkl
2571,59.0,44.39295902796349,abcd-ml,pasleep,scale,weekly,3,s012,41284804,60,out/abcd-ml_pasleep_scale_weekly_3_s012_41284804_60.pkl
2572,72.0,48.5175861831295,abcd-ml,pasleep,scale,weekly,3,s012,41284804,60,out/abcd-ml_pasleep_scale_weekly_3_s012_41284804_60.pkl
2573,59.0,44.55318928666945,abcd-ml,pasleep,scale,weekly,3,s012,41284804,60,out/abcd-ml_pasleep_scale_weekly_3_s012_41284804_60.pkl
2574,72.0,48.281516623463716,abcd-ml,pasleep,scale,weekly,3,s012,41284804,60,out/abcd-ml_pasleep_scale_weekly_3_s012_41284804_60.pkl
2575,59.0,44.47614674615346,abcd-ml,pasleep,scale,weekly,3,s012,41284804,60,out/abcd-ml_pasleep_scale_weekly_3_s012_41284804_60.pkl
2576,72.0,48.349798731954074,abcd-ml,pasleep,scale,weekly,3,s012,41284804,60,out/abcd-ml_pasleep_scale_weekly_3_s012_41284804_60.pkl
2577,59.0,44.40122507699597,abcd-ml,pasleep,scale,weekly,3,s012,41284804,60,out/abcd-ml_pasleep_scale_weekly_3_s012_41284804_60.pkl
2578,72.0,48.53228820999809,abcd-ml,pasleep,scale,weekly,3,s012,41284804,60,out/abcd-ml_pasleep_scale_weekly_3_s012_41284804_60.pkl
2579,59.0,44.34947409888945,abcd-ml,pasleep,scale,weekly,3,s012,41284804,60,out/abcd-ml_pasleep_scale_weekly_3_s012_41284804_60.pkl
2580,72.0,48.377511252766695,abcd-ml,pasleep,scale,weekly,3,s012,41284804,60,out/abcd-ml_pasleep_scale_weekly_3_s012_41284804_60.pkl
2581,59.0,44.52041468395092,abcd-ml,pasleep,scale,weekly,3,s012,41284804,60,out/abcd-ml_pasleep_scale_weekly_3_s012_41284804_60.pkl
2582,46.0,48.909899996279975,abcd-ml,pasleep,scale,weekly,3,s012,41284804,60,out/abcd-ml_pasleep_scale_weekly_3_s012_41284804_60.pkl
2583,53.0,44.56070250141423,abcd-ml,pasleep,scale,weekly,3,s012,41284804,60,out/abcd-ml_pasleep_scale_weekly_3_s012_41284804_60.pkl
2584,46.0,48.816491416002236,abcd-ml,pasleep,scale,weekly,3,s012,41284804,60,out/abcd-ml_pasleep_scale_weekly_3_s012_41284804_60.pkl
2585,53.0,44.66438862533104,abcd-ml,pasleep,scale,weekly,3,s012,41284804,60,out/abcd-ml_pasleep_scale_weekly_3_s012_41284804_60.pkl
2586,46.0,48.400080518712315,abcd-ml,pasleep,scale,weekly,3,s012,41284804,60,out/abcd-ml_pasleep_scale_weekly_3_s012_41284804_60.pkl
2587,53.0,44.316614841624116,abcd-ml,pasleep,scale,weekly,3,s012,41284804,60,out/abcd-ml_pasleep_scale_weekly_3_s012_41284804_60.pkl
2588,46.0,48.3037904971855,abcd-ml,pasleep,scale,weekly,3,s012,41284804,60,out/abcd-ml_pasleep_scale_weekly_3_s012_41284804_60.pkl
2589,53.0,44.42346549224416,abcd-ml,pasleep,scale,weekly,3,s012,41284804,60,out/abcd-ml_pasleep_scale_weekly_3_s012_41284804_60.pkl
2590,46.0,48.3996598436089,abcd-ml,pasleep,scale,weekly,3,s012,41284804,60,out/abcd-ml_pasleep_scale_weekly_3_s012_41284804_60.pkl
2591,53.0,44.667964661913786,abcd-ml,pasleep,scale,weekly,3,s012,41284804,60,out/abcd-ml_pasleep_scale_weekly_3_s012_41284804_60.pkl
2592,46.0,48.54631625447463,abcd-ml,pasleep,scale,weekly,3,s012,41284804,60,out/abcd-ml_pasleep_scale_weekly_3_s012_41284804_60.pkl
2593,53.0,44.50500587660787,abcd-ml,pasleep,scale,weekly,3,s012,41284804,60,out/abcd-ml_pasleep_scale_weekly_3_s012_41284804_60.pkl
2594,34.0,47.653587335087785,abcd-ml,pasleep,scale,weekly,3,s012,41284804,60,out/abcd-ml_pasleep_scale_weekly_3_s012_41284804_60.pkl
2595,33.0,44.40162978389719,abcd-ml,pasleep,scale,weekly,3,s012,41284804,60,out/abcd-ml_pasleep_scale_weekly_3_s012_41284804_60.pkl
2596,34.0,47.64333548031524,abcd-ml,pasleep,scale,weekly,3,s012,41284804,60,out/abcd-ml_pasleep_scale_weekly_3_s012_41284804_60.pkl
2597,33.0,44.41324871941734,abcd-ml,pasleep,scale,weekly,3,s012,41284804,60,out/abcd-ml_pasleep_scale_weekly_3_s012_41284804_60.pkl
2598,34.0,47.124823757075575,abcd-ml,pasleep,scale,weekly,3,s012,41284804,60,out/abcd-ml_pasleep_scale_weekly_3_s012_41284804_60.pkl
2599,33.0,43.99808396045552,abcd-ml,pasleep,scale,weekly,3,s012,41284804,60,out/abcd-ml_pasleep_scale_weekly_3_s012_41284804_60.pkl
2600,34.0,47.063487234514014,abcd-ml,pasleep,scale,weekly,3,s012,41284804,60,out/abcd-ml_pasleep_scale_weekly_3_s012_41284804_60.pkl
2601,33.0,44.066391393875136,abcd-ml,pasleep,scale,weekly,3,s012,41284804,60,out/abcd-ml_pasleep_scale_weekly_3_s012_41284804_60.pkl
2602,34.0,47.080757397403026,abcd-ml,pasleep,scale,weekly,3,s012,41284804,60,out/abcd-ml_pasleep_scale_weekly_3_s012_41284804_60.pkl
2603,33.0,44.16249681426526,abcd-ml,pasleep,scale,weekly,3,s012,41284804,60,out/abcd-ml_pasleep_scale_weekly_3_s012_41284804_60.pkl
2604,34.0,47.03134522398434,abcd-ml,pasleep,scale,weekly,3,s012,41284804,60,out/abcd-ml_pasleep_scale_weekly_3_s012_41284804_60.pkl
2605,33.0,44.21752478858957,abcd-ml,pasleep,scale,weekly,3,s012,41284804,60,out/abcd-ml_pasleep_scale_weekly_3_s012_41284804_60.pkl
2606,33.0,48.53346981703734,abcd-ml,pasleep,scale,weekly,3,s012,41284804,60,out/abcd-ml_pasleep_scale_weekly_3_s012_41284804_60.pkl
2607,34.0,44.462766787312525,abcd-ml,pasleep,scale,weekly,3,s012,41284804,60,out/abcd-ml_pasleep_scale_weekly_3_s012_41284804_60.pkl
2608,33.0,48.450872605205724,abcd-ml,pasleep,scale,weekly,3,s012,41284804,60,out/abcd-ml_pasleep_scale_weekly_3_s012_41284804_60.pkl
2609,34.0,44.55434333781389,abcd-ml,pasleep,scale,weekly,3,s012,41284804,60,out/abcd-ml_pasleep_scale_weekly_3_s012_41284804_60.pkl
2610,33.0,48.46291533856589,abcd-ml,pasleep,scale,weekly,3,s012,41284804,60,out/abcd-ml_pasleep_scale_weekly_3_s012_41284804_60.pkl
2611,34.0,44.624858645524085,abcd-ml,pasleep,scale,weekly,3,s012,41284804,60,out/abcd-ml_pasleep_scale_weekly_3_s012_41284804_60.pkl
2612,33.0,47.8870323502594,abcd-ml,pasleep,scale,weekly,3,s012,41284804,60,out/abcd-ml_pasleep_scale_weekly_3_s012_41284804_60.pkl
2613,34.0,44.35600360149338,abcd-ml,pasleep,scale,weekly,3,s012,41284804,60,out/abcd-ml_pasleep_scale_weekly_3_s012_41284804_60.pkl
2614,33.0,47.82745635614901,abcd-ml,pasleep,scale,weekly,3,s012,41284804,60,out/abcd-ml_pasleep_scale_weekly_3_s012_41284804_60.pkl
2615,34.0,44.42220991291351,abcd-ml,pasleep,scale,weekly,3,s012,41284804,60,out/abcd-ml_pasleep_scale_weekly_3_s012_41284804_60.pkl
2616,33.0,48.52958958963558,abcd-ml,pasleep,scale,weekly,3,s012,41284804,60,out/abcd-ml_pasleep_scale_weekly_3_s012_41284804_60.pkl
2617,34.0,44.64947741746892,abcd-ml,pasleep,scale,weekly,3,s012,41284804,60,out/abcd-ml_pasleep_scale_weekly_3_s012_41284804_60.pkl
2618,33.0,48.564173769384894,abcd-ml,pasleep,scale,weekly,3,s012,41284804,60,out/abcd-ml_pasleep_scale_weekly_3_s012_41284804_60.pkl
2619,34.0,44.61084703049151,abcd-ml,pasleep,scale,weekly,3,s012,41284804,60,out/abcd-ml_pasleep_scale_weekly_3_s012_41284804_60.pkl
2620,45.0,47.546627301739214,abcd-ml,pasleep,scale,weekly,3,s012,41284804,60,out/abcd-ml_pasleep_scale_weekly_3_s012_41284804_60.pkl
2621,58.0,44.53023862687029,abcd-ml,pasleep,scale,weekly,3,s012,41284804,60,out/abcd-ml_pasleep_scale_weekly_3_s012_41284804_60.pkl
2622,45.0,47.72079428620123,abcd-ml,pasleep,scale,weekly,3,s012,41284804,60,out/abcd-ml_pasleep_scale_weekly_3_s012_41284804_60.pkl
2623,58.0,44.33811723192825,abcd-ml,pasleep,scale,weekly,3,s012,41284804,60,out/abcd-ml_pasleep_scale_weekly_3_s012_41284804_60.pkl
2624,45.0,47.49631124441682,abcd-ml,pasleep,scale,weekly,3,s012,41284804,60,out/abcd-ml_pasleep_scale_weekly_3_s012_41284804_60.pkl
2625,58.0,44.292269024817195,abcd-ml,pasleep,scale,weekly,3,s012,41284804,60,out/abcd-ml_pasleep_scale_weekly_3_s012_41284804_60.pkl
2626,45.0,47.11114812702776,abcd-ml,pasleep,scale,weekly,3,s012,41284804,60,out/abcd-ml_pasleep_scale_weekly_3_s012_41284804_60.pkl
2627,58.0,44.71873127416113,abcd-ml,pasleep,scale,weekly,3,s012,41284804,60,out/abcd-ml_pasleep_scale_weekly_3_s012_41284804_60.pkl
2628,45.0,47.1829429196865,abcd-ml,pasleep,scale,weekly,3,s012,41284804,60,out/abcd-ml_pasleep_scale_weekly_3_s012_41284804_60.pkl
2629,58.0,44.29530427934539,abcd-ml,pasleep,scale,weekly,3,s012,41284804,60,out/abcd-ml_pasleep_scale_weekly_3_s012_41284804_60.pkl
2630,45.0,46.91209069069255,abcd-ml,pasleep,scale,weekly,3,s012,41284804,60,out/abcd-ml_pasleep_scale_weekly_3_s012_41284804_60.pkl
2631,58.0,44.59487383628782,abcd-ml,pasleep,scale,weekly,3,s012,41284804,60,out/abcd-ml_pasleep_scale_weekly_3_s012_41284804_60.pkl
2632,45.0,47.90519699840934,abcd-ml,pasleep,scale,weekly,3,s012,41284804,60,out/abcd-ml_pasleep_scale_weekly_3_s012_41284804_60.pkl
2633,34.0,44.364500395518874,abcd-ml,pasleep,scale,weekly,3,s012,41284804,60,out/abcd-ml_pasleep_scale_weekly_3_s012_41284804_60.pkl
2634,45.0,47.845366799407856,abcd-ml,pasleep,scale,weekly,3,s012,41284804,60,out/abcd-ml_pasleep_scale_weekly_3_s012_41284804_60.pkl
2635,34.0,44.4300310723901,abcd-ml,pasleep,scale,weekly,3,s012,41284804,60,out/abcd-ml_pasleep_scale_weekly_3_s012_41284804_60.pkl
2636,45.0,48.74106588393272,abcd-ml,pasleep,scale,weekly,3,s012,41284804,60,out/abcd-ml_pasleep_scale_weekly_3_s012_41284804_60.pkl
2637,34.0,44.73674317610335,abcd-ml,pasleep,scale,weekly,3,s012,41284804,60,out/abcd-ml_pasleep_scale_weekly_3_s012_41284804_60.pkl
2638,58.0,48.04263468955028,abcd-ml,pasleep,scale,weekly,3,s012,41284804,60,out/abcd-ml_pasleep_scale_weekly_3_s012_41284804_60.pkl
2639,46.0,44.25392514733151,abcd-ml,pasleep,scale,weekly,3,s012,41284804,60,out/abcd-ml_pasleep_scale_weekly_3_s012_41284804_60.pkl
2640,58.0,47.88763196432075,abcd-ml,pasleep,scale,weekly,3,s012,41284804,60,out/abcd-ml_pasleep_scale_weekly_3_s012_41284804_60.pkl
2641,46.0,44.42594869605,abcd-ml,pasleep,scale,weekly,3,s012,41284804,60,out/abcd-ml_pasleep_scale_weekly_3_s012_41284804_60.pkl
2642,58.0,47.57902788001388,abcd-ml,pasleep,scale,weekly,3,s012,41284804,60,out/abcd-ml_pasleep_scale_weekly_3_s012_41284804_60.pkl
2643,46.0,44.25381629410718,abcd-ml,pasleep,scale,weekly,3,s012,41284804,60,out/abcd-ml_pasleep_scale_weekly_3_s012_41284804_60.pkl
2644,58.0,48.26598917920311,abcd-ml,pasleep,scale,weekly,3,s012,41284804,60,out/abcd-ml_pasleep_scale_weekly_3_s012_41284804_60.pkl
2645,46.0,44.40732426477779,abcd-ml,pasleep,scale,weekly,3,s012,41284804,60,out/abcd-ml_pasleep_scale_weekly_3_s012_41284804_60.pkl
2646,58.0,48.256939474460744,abcd-ml,pasleep,scale,weekly,3,s012,41284804,60,out/abcd-ml_pasleep_scale_weekly_3_s012_41284804_60.pkl
2647,46.0,44.417559558355215,abcd-ml,pasleep,scale,weekly,3,s012,41284804,60,out/abcd-ml_pasleep_scale_weekly_3_s012_41284804_60.pkl
2648,34.0,46.812579630253225,abcd-ml,pasleep,scale,weekly,3,s012,41284804,60,out/abcd-ml_pasleep_scale_weekly_3_s012_41284804_60.pkl
2649,34.0,44.16692989557309,abcd-ml,pasleep,scale,weekly,3,s012,41284804,60,out/abcd-ml_pasleep_scale_weekly_3_s012_41284804_60.pkl
2650,34.0,46.8388027385317,abcd-ml,pasleep,scale,weekly,3,s012,41284804,60,out/abcd-ml_pasleep_scale_weekly_3_s012_41284804_60.pkl
2651,34.0,44.13802166814311,abcd-ml,pasleep,scale,weekly,3,s012,41284804,60,out/abcd-ml_pasleep_scale_weekly_3_s012_41284804_60.pkl
2652,34.0,46.92739454562423,abcd-ml,pasleep,scale,weekly,3,s012,41284804,60,out/abcd-ml_pasleep_scale_weekly_3_s012_41284804_60.pkl
2653,34.0,44.00910346333218,abcd-ml,pasleep,scale,weekly,3,s012,41284804,60,out/abcd-ml_pasleep_scale_weekly_3_s012_41284804_60.pkl
2654,34.0,46.831488006666014,abcd-ml,pasleep,scale,weekly,3,s012,41284804,60,out/abcd-ml_pasleep_scale_weekly_3_s012_41284804_60.pkl
2655,34.0,44.11544983863755,abcd-ml,pasleep,scale,weekly,3,s012,41284804,60,out/abcd-ml_pasleep_scale_weekly_3_s012_41284804_60.pkl
2656,34.0,47.577851936693904,abcd-ml,pasleep,scale,weekly,3,s012,41284804,60,out/abcd-ml_pasleep_scale_weekly_3_s012_41284804_60.pkl
2657,34.0,44.17448488402469,abcd-ml,pasleep,scale,weekly,3,s012,41284804,60,out/abcd-ml_pasleep_scale_weekly_3_s012_41284804_60.pkl
2658,34.0,47.51575479929064,abcd-ml,pasleep,scale,weekly,3,s012,41284804,60,out/abcd-ml_pasleep_scale_weekly_3_s012_41284804_60.pkl
2659,34.0,44.2435620288498,abcd-ml,pasleep,scale,weekly,3,s012,41284804,60,out/abcd-ml_pasleep_scale_weekly_3_s012_41284804_60.pkl
2660,43.0,48.02635707732673,abcd-ml,pasleep,scale,weekly,3,s012,41284804,60,out/abcd-ml_pasleep_scale_weekly_3_s012_41284804_60.pkl
2661,34.0,44.685574906087965,abcd-ml,pasleep,scale,weekly,3,s012,41284804,60,out/abcd-ml_pasleep_scale_weekly_3_s012_41284804_60.pkl
2662,43.0,48.41852228233314,abcd-ml,pasleep,scale,weekly,3,s012,41284804,60,out/abcd-ml_pasleep_scale_weekly_3_s012_41284804_60.pkl
2663,34.0,44.56183036136692,abcd-ml,pasleep,scale,weekly,3,s012,41284804,60,out/abcd-ml_pasleep_scale_weekly_3_s012_41284804_60.pkl
2664,43.0,48.12768405213471,abcd-ml,pasleep,scale,weekly,3,s012,41284804,60,out/abcd-ml_pasleep_scale_weekly_3_s012_41284804_60.pkl
2665,34.0,44.883479670671605,abcd-ml,pasleep,scale,weekly,3,s012,41284804,60,out/abcd-ml_pasleep_scale_weekly_3_s012_41284804_60.pkl
2666,43.0,47.82905177019318,abcd-ml,pasleep,scale,weekly,3,s012,41284804,60,out/abcd-ml_pasleep_scale_weekly_3_s012_41284804_60.pkl
2667,34.0,44.614171259482504,abcd-ml,pasleep,scale,weekly,3,s012,41284804,60,out/abcd-ml_pasleep_scale_weekly_3_s012_41284804_60.pkl
2668,43.0,47.96913667147493,abcd-ml,pasleep,scale,weekly,3,s012,41284804,60,out/abcd-ml_pasleep_scale_weekly_3_s012_41284804_60.pkl
2669,34.0,44.45989404633041,abcd-ml,pasleep,scale,weekly,3,s012,41284804,60,out/abcd-ml_pasleep_scale_weekly_3_s012_41284804_60.pkl
2670,40.0,47.854509236520556,abcd-ml,pasleep,scale,weekly,3,s012,41284804,60,out/abcd-ml_pasleep_scale_weekly_3_s012_41284804_60.pkl
2671,46.0,44.43351030740807,abcd-ml,pasleep,scale,weekly,3,s012,41284804,60,out/abcd-ml_pasleep_scale_weekly_3_s012_41284804_60.pkl
2672,40.0,47.898701435482145,abcd-ml,pasleep,scale,weekly,3,s012,41284804,60,out/abcd-ml_pasleep_scale_weekly_3_s012_41284804_60.pkl
2673,46.0,44.384849985600326,abcd-ml,pasleep,scale,weekly,3,s012,41284804,60,out/abcd-ml_pasleep_scale_weekly_3_s012_41284804_60.pkl
2674,40.0,47.602911344332725,abcd-ml,pasleep,scale,weekly,3,s012,41284804,60,out/abcd-ml_pasleep_scale_weekly_3_s012_41284804_60.pkl
2675,46.0,44.30092544462434,abcd-ml,pasleep,scale,weekly,3,s012,41284804,60,out/abcd-ml_pasleep_scale_weekly_3_s012_41284804_60.pkl
2676,40.0,47.77708350873643,abcd-ml,pasleep,scale,weekly,3,s012,41284804,60,out/abcd-ml_pasleep_scale_weekly_3_s012_41284804_60.pkl
2677,46.0,44.32095570476248,abcd-ml,pasleep,scale,weekly,3,s012,41284804,60,out/abcd-ml_pasleep_scale_weekly_3_s012_41284804_60.pkl
2678,52.0,48.700900843787096,abcd-ml,pasleep,scale,weekly,3,s012,41284804,60,out/abcd-ml_pasleep_scale_weekly_3_s012_41284804_60.pkl
2679,51.0,44.46528406557795,abcd-ml,pasleep,scale,weekly,3,s012,41284804,60,out/abcd-ml_pasleep_scale_weekly_3_s012_41284804_60.pkl
2680,52.0,48.5988747562239,abcd-ml,pasleep,scale,weekly,3,s012,41284804,60,out/abcd-ml_pasleep_scale_weekly_3_s012_41284804_60.pkl
2681,51.0,44.57914388358568,abcd-ml,pasleep,scale,weekly,3,s012,41284804,60,out/abcd-ml_pasleep_scale_weekly_3_s012_41284804_60.pkl
2682,52.0,48.6186157935029,abcd-ml,pasleep,scale,weekly,3,s012,41284804,60,out/abcd-ml_pasleep_scale_weekly_3_s012_41284804_60.pkl
2683,51.0,44.41077029711067,abcd-ml,pasleep,scale,weekly,3,s012,41284804,60,out/abcd-ml_pasleep_scale_weekly_3_s012_41284804_60.pkl
2684,52.0,48.51164329037844,abcd-ml,pasleep,scale,weekly,3,s012,41284804,60,out/abcd-ml_pasleep_scale_weekly_3_s012_41284804_60.pkl
2685,51.0,44.53008223920929,abcd-ml,pasleep,scale,weekly,3,s012,41284804,60,out/abcd-ml_pasleep_scale_weekly_3_s012_41284804_60.pkl
2686,52.0,48.63066959288182,abcd-ml,pasleep,scale,weekly,3,s012,41284804,60,out/abcd-ml_pasleep_scale_weekly_3_s012_41284804_60.pkl
2687,51.0,44.55998851958753,abcd-ml,pasleep,scale,weekly,3,s012,41284804,60,out/abcd-ml_pasleep_scale_weekly_3_s012_41284804_60.pkl
2688,52.0,48.60987004606689,abcd-ml,pasleep,scale,weekly,3,s012,41284804,60,out/abcd-ml_pasleep_scale_weekly_3_s012_41284804_60.pkl
2689,51.0,44.583573186357754,abcd-ml,pasleep,scale,weekly,3,s012,41284804,60,out/abcd-ml_pasleep_scale_weekly_3_s012_41284804_60.pkl
2690,41.0,47.15548412993836,abcd-ml,pasleep,scale,weekly,3,s012,41284804,60,out/abcd-ml_pasleep_scale_weekly_3_s012_41284804_60.pkl
2691,40.0,44.376862240325906,abcd-ml,pasleep,scale,weekly,3,s012,41284804,60,out/abcd-ml_pasleep_scale_weekly_3_s012_41284804_60.pkl
2692,41.0,47.13555338900632,abcd-ml,pasleep,scale,weekly,3,s012,41284804,60,out/abcd-ml_pasleep_scale_weekly_3_s012_41284804_60.pkl
2693,40.0,44.39915332520221,abcd-ml,pasleep,scale,weekly,3,s012,41284804,60,out/abcd-ml_pasleep_scale_weekly_3_s012_41284804_60.pkl
2694,41.0,46.25010664965778,abcd-ml,pasleep,scale,weekly,3,s012,41284804,60,out/abcd-ml_pasleep_scale_weekly_3_s012_41284804_60.pkl
2695,40.0,44.20654261625226,abcd-ml,pasleep,scale,weekly,3,s012,41284804,60,out/abcd-ml_pasleep_scale_weekly_3_s012_41284804_60.pkl
2696,41.0,46.24878929075528,abcd-ml,pasleep,scale,weekly,3,s012,41284804,60,out/abcd-ml_pasleep_scale_weekly_3_s012_41284804_60.pkl
2697,40.0,44.208129309644676,abcd-ml,pasleep,scale,weekly,3,s012,41284804,60,out/abcd-ml_pasleep_scale_weekly_3_s012_41284804_60.pkl
2698,41.0,46.66750340410986,abcd-ml,pasleep,scale,weekly,3,s012,41284804,60,out/abcd-ml_pasleep_scale_weekly_3_s012_41284804_60.pkl
2699,40.0,43.982562507381196,abcd-ml,pasleep,scale,weekly,3,s012,41284804,60,out/abcd-ml_pasleep_scale_weekly_3_s012_41284804_60.pkl
2700,41.0,46.56280097132092,abcd-ml,pasleep,scale,weekly,3,s012,41284804,60,out/abcd-ml_pasleep_scale_weekly_3_s012_41284804_60.pkl
2701,40.0,44.098908652743056,abcd-ml,pasleep,scale,weekly,3,s012,41284804,60,out/abcd-ml_pasleep_scale_weekly_3_s012_41284804_60.pkl
2702,44.0,47.837014312385186,abcd-ml,pasleep,scale,weekly,3,s012,41284804,60,out/abcd-ml_pasleep_scale_weekly_3_s012_41284804_60.pkl
2703,34.0,44.310313108573894,abcd-ml,pasleep,scale,weekly,3,s012,41284804,60,out/abcd-ml_pasleep_scale_weekly_3_s012_41284804_60.pkl
2704,44.0,47.809564273301724,abcd-ml,pasleep,scale,weekly,3,s012,41284804,60,out/abcd-ml_pasleep_scale_weekly_3_s012_41284804_60.pkl
2705,34.0,44.34090019503138,abcd-ml,pasleep,scale,weekly,3,s012,41284804,60,out/abcd-ml_pasleep_scale_weekly_3_s012_41284804_60.pkl
2706,44.0,47.35126207447462,abcd-ml,pasleep,scale,weekly,3,s012,41284804,60,out/abcd-ml_pasleep_scale_weekly_3_s012_41284804_60.pkl
2707,34.0,44.24404661531864,abcd-ml,pasleep,scale,weekly,3,s012,41284804,60,out/abcd-ml_pasleep_scale_weekly_3_s012_41284804_60.pkl
2708,44.0,47.22581761232422,abcd-ml,pasleep,scale,weekly,3,s012,41284804,60,out/abcd-ml_pasleep_scale_weekly_3_s012_41284804_60.pkl
2709,34.0,44.38328554547998,abcd-ml,pasleep,scale,weekly,3,s012,41284804,60,out/abcd-ml_pasleep_scale_weekly_3_s012_41284804_60.pkl
2710,44.0,48.212030789770544,abcd-ml,pasleep,scale,weekly,3,s012,41284804,60,out/abcd-ml_pasleep_scale_weekly_3_s012_41284804_60.pkl
2711,34.0,44.48274723660317,abcd-ml,pasleep,scale,weekly,3,s012,41284804,60,out/abcd-ml_pasleep_scale_weekly_3_s012_41284804_60.pkl
2712,44.0,48.13396870012406,abcd-ml,pasleep,scale,weekly,3,s012,41284804,60,out/abcd-ml_pasleep_scale_weekly_3_s012_41284804_60.pkl
2713,34.0,44.56941805333963,abcd-ml,pasleep,scale,weekly,3,s012,41284804,60,out/abcd-ml_pasleep_scale_weekly_3_s012_41284804_60.pkl
2714,58.0,47.943499412043764,abcd-ml,pasleep,scale,weekly,3,s012,41284804,60,out/abcd-ml_pasleep_scale_weekly_3_s012_41284804_60.pkl
2715,46.0,44.821977415217326,abcd-ml,pasleep,scale,weekly,3,s012,41284804,60,out/abcd-ml_pasleep_scale_weekly_3_s012_41284804_60.pkl
2716,58.0,48.222558060200974,abcd-ml,pasleep,scale,weekly,3,s012,41284804,60,out/abcd-ml_pasleep_scale_weekly_3_s012_41284804_60.pkl
2717,46.0,44.51348917836036,abcd-ml,pasleep,scale,weekly,3,s012,41284804,60,out/abcd-ml_pasleep_scale_weekly_3_s012_41284804_60.pkl
2718,58.0,47.62002137350495,abcd-ml,pasleep,scale,weekly,3,s012,41284804,60,out/abcd-ml_pasleep_scale_weekly_3_s012_41284804_60.pkl
2719,46.0,44.65097851469978,abcd-ml,pasleep,scale,weekly,3,s012,41284804,60,out/abcd-ml_pasleep_scale_weekly_3_s012_41284804_60.pkl
2720,58.0,47.949978583016026,abcd-ml,pasleep,scale,weekly,3,s012,41284804,60,out/abcd-ml_pasleep_scale_weekly_3_s012_41284804_60.pkl
2721,46.0,44.74136214731603,abcd-ml,pasleep,scale,weekly,3,s012,41284804,60,out/abcd-ml_pasleep_scale_weekly_3_s012_41284804_60.pkl
2722,58.0,48.191997745409395,abcd-ml,pasleep,scale,weekly,3,s012,41284804,60,out/abcd-ml_pasleep_scale_weekly_3_s012_41284804_60.pkl
2723,46.0,44.47396315855236,abcd-ml,pasleep,scale,weekly,3,s012,41284804,60,out/abcd-ml_pasleep_scale_weekly_3_s012_41284804_60.pkl
2724,70.0,48.867651460091096,abcd-ml,pasleep,scale,weekly,3,s012,41284804,60,out/abcd-ml_pasleep_scale_weekly_3_s012_41284804_60.pkl
2725,46.0,44.84485371099596,abcd-ml,pasleep,scale,weekly,3,s012,41284804,60,out/abcd-ml_pasleep_scale_weekly_3_s012_41284804_60.pkl
2726,70.0,47.82391911427797,abcd-ml,pasleep,scale,weekly,3,s012,41284804,60,out/abcd-ml_pasleep_scale_weekly_3_s012_41284804_60.pkl
2727,46.0,44.42551617326825,abcd-ml,pasleep,scale,weekly,3,s012,41284804,60,out/abcd-ml_pasleep_scale_weekly_3_s012_41284804_60.pkl
2728,70.0,48.44313771291663,abcd-ml,pasleep,scale,weekly,3,s012,41284804,60,out/abcd-ml_pasleep_scale_weekly_3_s012_41284804_60.pkl
2729,46.0,44.492377438957945,abcd-ml,pasleep,scale,weekly,3,s012,41284804,60,out/abcd-ml_pasleep_scale_weekly_3_s012_41284804_60.pkl
2730,70.0,48.43651961595448,abcd-ml,pasleep,scale,weekly,3,s012,41284804,60,out/abcd-ml_pasleep_scale_weekly_3_s012_41284804_60.pkl
2731,46.0,44.545927444363286,abcd-ml,pasleep,scale,weekly,3,s012,41284804,60,out/abcd-ml_pasleep_scale_weekly_3_s012_41284804_60.pkl
2732,70.0,47.65666131911758,abcd-ml,pasleep,scale,weekly,3,s012,41284804,60,out/abcd-ml_pasleep_scale_weekly_3_s012_41284804_60.pkl
2733,46.0,44.611340088257265,abcd-ml,pasleep,scale,weekly,3,s012,41284804,60,out/abcd-ml_pasleep_scale_weekly_3_s012_41284804_60.pkl
2734,52.0,47.73277696891924,abcd-ml,pasleep,scale,weekly,3,s012,41284804,60,out/abcd-ml_pasleep_scale_weekly_3_s012_41284804_60.pkl
2735,48.0,44.030290567585226,abcd-ml,pasleep,scale,weekly,3,s012,41284804,60,out/abcd-ml_pasleep_scale_weekly_3_s012_41284804_60.pkl
2736,52.0,47.80101537492829,abcd-ml,pasleep,scale,weekly,3,s012,41284804,60,out/abcd-ml_pasleep_scale_weekly_3_s012_41284804_60.pkl
2737,48.0,44.228838605674646,abcd-ml,pasleep,scale,weekly,3,s012,41284804,60,out/abcd-ml_pasleep_scale_weekly_3_s012_41284804_60.pkl
2738,52.0,47.91444203547041,abcd-ml,pasleep,scale,weekly,3,s012,41284804,60,out/abcd-ml_pasleep_scale_weekly_3_s012_41284804_60.pkl
2739,48.0,44.10385837913297,abcd-ml,pasleep,scale,weekly,3,s012,41284804,60,out/abcd-ml_pasleep_scale_weekly_3_s012_41284804_60.pkl
2740,52.0,48.00228220229049,abcd-ml,pasleep,scale,weekly,3,s012,41284804,60,out/abcd-ml_pasleep_scale_weekly_3_s012_41284804_60.pkl
2741,48.0,44.32519030008317,abcd-ml,pasleep,scale,weekly,3,s012,41284804,60,out/abcd-ml_pasleep_scale_weekly_3_s012_41284804_60.pkl
2742,52.0,48.11990887654485,abcd-ml,pasleep,scale,weekly,3,s012,41284804,60,out/abcd-ml_pasleep_scale_weekly_3_s012_41284804_60.pkl
2743,48.0,44.195586871694715,abcd-ml,pasleep,scale,weekly,3,s012,41284804,60,out/abcd-ml_pasleep_scale_weekly_3_s012_41284804_60.pkl
2744,33.0,47.62631734542266,abcd-ml,pasleep,scale,weekly,3,s012,41284804,60,out/abcd-ml_pasleep_scale_weekly_3_s012_41284804_60.pkl
2745,41.0,44.62496809892883,abcd-ml,pasleep,scale,weekly,3,s012,41284804,60,out/abcd-ml_pasleep_scale_weekly_3_s012_41284804_60.pkl
2746,33.0,47.83194198111058,abcd-ml,pasleep,scale,weekly,3,s012,41284804,60,out/abcd-ml_pasleep_scale_weekly_3_s012_41284804_60.pkl
2747,41.0,44.39789141669908,abcd-ml,pasleep,scale,weekly,3,s012,41284804,60,out/abcd-ml_pasleep_scale_weekly_3_s012_41284804_60.pkl
2748,33.0,47.61898771303865,abcd-ml,pasleep,scale,weekly,3,s012,41284804,60,out/abcd-ml_pasleep_scale_weekly_3_s012_41284804_60.pkl
2749,41.0,44.53018596380856,abcd-ml,pasleep,scale,weekly,3,s012,41284804,60,out/abcd-ml_pasleep_scale_weekly_3_s012_41284804_60.pkl
2750,33.0,47.430016919557396,abcd-ml,pasleep,scale,weekly,3,s012,41284804,60,out/abcd-ml_pasleep_scale_weekly_3_s012_41284804_60.pkl
2751,41.0,44.41825062384784,abcd-ml,pasleep,scale,weekly,3,s012,41284804,60,out/abcd-ml_pasleep_scale_weekly_3_s012_41284804_60.pkl
2752,33.0,47.54590033898383,abcd-ml,pasleep,scale,weekly,3,s012,41284804,60,out/abcd-ml_pasleep_scale_weekly_3_s012_41284804_60.pkl
2753,41.0,44.29074555128763,abcd-ml,pasleep,scale,weekly,3,s012,41284804,60,out/abcd-ml_pasleep_scale_weekly_3_s012_41284804_60.pkl
2754,43.0,47.71678181790668,abcd-ml,pasleep,scale,weekly,3,s012,41284804,60,out/abcd-ml_pasleep_scale_weekly_3_s012_41284804_60.pkl
2755,41.0,44.41499173517424,abcd-ml,pasleep,scale,weekly,3,s012,41284804,60,out/abcd-ml_pasleep_scale_weekly_3_s012_41284804_60.pkl
2756,43.0,47.72353214466263,abcd-ml,pasleep,scale,weekly,3,s012,41284804,60,out/abcd-ml_pasleep_scale_weekly_3_s012_41284804_60.pkl
2757,41.0,44.40794955523831,abcd-ml,pasleep,scale,weekly,3,s012,41284804,60,out/abcd-ml_pasleep_scale_weekly_3_s012_41284804_60.pkl
2758,43.0,47.39053037322218,abcd-ml,pasleep,scale,weekly,3,s012,41284804,60,out/abcd-ml_pasleep_scale_weekly_3_s012_41284804_60.pkl
2759,41.0,44.24307301086084,abcd-ml,pasleep,scale,weekly,3,s012,41284804,60,out/abcd-ml_pasleep_scale_weekly_3_s012_41284804_60.pkl
2760,43.0,47.175991343648576,abcd-ml,pasleep,scale,weekly,3,s012,41284804,60,out/abcd-ml_pasleep_scale_weekly_3_s012_41284804_60.pkl
2761,41.0,44.150273965549474,abcd-ml,pasleep,scale,weekly,3,s012,41284804,60,out/abcd-ml_pasleep_scale_weekly_3_s012_41284804_60.pkl
2762,55.0,47.69923196145802,abcd-ml,pasleep,scale,weekly,3,s012,41284804,60,out/abcd-ml_pasleep_scale_weekly_3_s012_41284804_60.pkl
2763,34.0,44.33945821085661,abcd-ml,pasleep,scale,weekly,3,s012,41284804,60,out/abcd-ml_pasleep_scale_weekly_3_s012_41284804_60.pkl
2764,55.0,47.72459855978936,abcd-ml,pasleep,scale,weekly,3,s012,41284804,60,out/abcd-ml_pasleep_scale_weekly_3_s012_41284804_60.pkl
2765,34.0,44.31126923122268,abcd-ml,pasleep,scale,weekly,3,s012,41284804,60,out/abcd-ml_pasleep_scale_weekly_3_s012_41284804_60.pkl
2766,55.0,47.62456603814189,abcd-ml,pasleep,scale,weekly,3,s012,41284804,60,out/abcd-ml_pasleep_scale_weekly_3_s012_41284804_60.pkl
2767,34.0,44.21306463731494,abcd-ml,pasleep,scale,weekly,3,s012,41284804,60,out/abcd-ml_pasleep_scale_weekly_3_s012_41284804_60.pkl
2768,55.0,47.59877805791372,abcd-ml,pasleep,scale,weekly,3,s012,41284804,60,out/abcd-ml_pasleep_scale_weekly_3_s012_41284804_60.pkl
2769,34.0,44.241638506747606,abcd-ml,pasleep,scale,weekly,3,s012,41284804,60,out/abcd-ml_pasleep_scale_weekly_3_s012_41284804_60.pkl
2770,55.0,47.787987295481166,abcd-ml,pasleep,scale,weekly,3,s012,41284804,60,out/abcd-ml_pasleep_scale_weekly_3_s012_41284804_60.pkl
2771,34.0,44.286400731365234,abcd-ml,pasleep,scale,weekly,3,s012,41284804,60,out/abcd-ml_pasleep_scale_weekly_3_s012_41284804_60.pkl
2772,55.0,47.85736093076094,abcd-ml,pasleep,scale,weekly,3,s012,41284804,60,out/abcd-ml_pasleep_scale_weekly_3_s012_41284804_60.pkl
2773,34.0,44.209472843415504,abcd-ml,pasleep,scale,weekly,3,s012,41284804,60,out/abcd-ml_pasleep_scale_weekly_3_s012_41284804_60.pkl
2774,43.0,47.84412383155977,abcd-ml,pasleep,scale,weekly,3,s012,41284804,60,out/abcd-ml_pasleep_scale_weekly_3_s012_41284804_60.pkl
2775,55.0,44.475310531711756,abcd-ml,pasleep,scale,weekly,3,s012,41284804,60,out/abcd-ml_pasleep_scale_weekly_3_s012_41284804_60.pkl
2776,43.0,48.06556298694716,abcd-ml,pasleep,scale,weekly,3,s012,41284804,60,out/abcd-ml_pasleep_scale_weekly_3_s012_41284804_60.pkl
2777,55.0,44.45829376209788,abcd-ml,pasleep,scale,weekly,3,s012,41284804,60,out/abcd-ml_pasleep_scale_weekly_3_s012_41284804_60.pkl
2778,43.0,48.05238710663638,abcd-ml,pasleep,scale,weekly,3,s012,41284804,60,out/abcd-ml_pasleep_scale_weekly_3_s012_41284804_60.pkl
2779,55.0,44.438246529184774,abcd-ml,pasleep,scale,weekly,3,s012,41284804,60,out/abcd-ml_pasleep_scale_weekly_3_s012_41284804_60.pkl
2780,43.0,48.05045968689557,abcd-ml,pasleep,scale,weekly,3,s012,41284804,60,out/abcd-ml_pasleep_scale_weekly_3_s012_41284804_60.pkl
2781,55.0,44.44074142970377,abcd-ml,pasleep,scale,weekly,3,s012,41284804,60,out/abcd-ml_pasleep_scale_weekly_3_s012_41284804_60.pkl
2782,33.0,48.63094089397947,abcd-ml,pasleep,scale,weekly,3,s012,41284804,60,out/abcd-ml_pasleep_scale_weekly_3_s012_41284804_60.pkl
2783,34.0,44.516941901910684,abcd-ml,pasleep,scale,weekly,3,s012,41284804,60,out/abcd-ml_pasleep_scale_weekly_3_s012_41284804_60.pkl
2784,33.0,48.58500404608438,abcd-ml,pasleep,scale,weekly,3,s012,41284804,60,out/abcd-ml_pasleep_scale_weekly_3_s012_41284804_60.pkl
2785,34.0,44.56794721669995,abcd-ml,pasleep,scale,weekly,3,s012,41284804,60,out/abcd-ml_pasleep_scale_weekly_3_s012_41284804_60.pkl
2786,33.0,48.407416775946096,abcd-ml,pasleep,scale,weekly,3,s012,41284804,60,out/abcd-ml_pasleep_scale_weekly_3_s012_41284804_60.pkl
2787,34.0,44.536911546168184,abcd-ml,pasleep,scale,weekly,3,s012,41284804,60,out/abcd-ml_pasleep_scale_weekly_3_s012_41284804_60.pkl
2788,33.0,48.428004547618215,abcd-ml,pasleep,scale,weekly,3,s012,41284804,60,out/abcd-ml_pasleep_scale_weekly_3_s012_41284804_60.pkl
2789,34.0,44.51400607649201,abcd-ml,pasleep,scale,weekly,3,s012,41284804,60,out/abcd-ml_pasleep_scale_weekly_3_s012_41284804_60.pkl
2790,33.0,48.33630662999917,abcd-ml,pasleep,scale,weekly,3,s012,41284804,60,out/abcd-ml_pasleep_scale_weekly_3_s012_41284804_60.pkl
2791,34.0,44.47156525881883,abcd-ml,pasleep,scale,weekly,3,s012,41284804,60,out/abcd-ml_pasleep_scale_weekly_3_s012_41284804_60.pkl
2792,52.0,47.91652050082088,abcd-ml,pasleep,scale,weekly,3,s012,41284804,60,out/abcd-ml_pasleep_scale_weekly_3_s012_41284804_60.pkl
2793,40.0,44.651009558157085,abcd-ml,pasleep,scale,weekly,3,s012,41284804,60,out/abcd-ml_pasleep_scale_weekly_3_s012_41284804_60.pkl
2794,52.0,47.93632719251026,abcd-ml,pasleep,scale,weekly,3,s012,41284804,60,out/abcd-ml_pasleep_scale_weekly_3_s012_41284804_60.pkl
2795,40.0,44.628055227338535,abcd-ml,pasleep,scale,weekly,3,s012,41284804,60,out/abcd-ml_pasleep_scale_weekly_3_s012_41284804_60.pkl
2796,52.0,48.15573258003551,abcd-ml,pasleep,scale,weekly,3,s012,41284804,60,out/abcd-ml_pasleep_scale_weekly_3_s012_41284804_60.pkl
2797,40.0,44.55331769050393,abcd-ml,pasleep,scale,weekly,3,s012,41284804,60,out/abcd-ml_pasleep_scale_weekly_3_s012_41284804_60.pkl
2798,52.0,48.301802789691465,abcd-ml,pasleep,scale,weekly,3,s012,41284804,60,out/abcd-ml_pasleep_scale_weekly_3_s012_41284804_60.pkl
2799,40.0,44.39214416399638,abcd-ml,pasleep,scale,weekly,3,s012,41284804,60,out/abcd-ml_pasleep_scale_weekly_3_s012_41284804_60.pkl
2800,52.0,47.29186564311643,abcd-ml,pasleep,scale,weekly,3,s012,41284804,60,out/abcd-ml_pasleep_scale_weekly_3_s012_41284804_60.pkl
2801,40.0,43.99772359466089,abcd-ml,pasleep,scale,weekly,3,s012,41284804,60,out/abcd-ml_pasleep_scale_weekly_3_s012_41284804_60.pkl
2802,52.0,47.122906959307144,abcd-ml,pasleep,scale,weekly,3,s012,41284804,60,out/abcd-ml_pasleep_scale_weekly_3_s012_41284804_60.pkl
2803,40.0,44.184292427447076,abcd-ml,pasleep,scale,weekly,3,s012,41284804,60,out/abcd-ml_pasleep_scale_weekly_3_s012_41284804_60.pkl
2804,43.0,47.97302851491079,abcd-ml,pasleep,scale,weekly,3,s012,41284804,60,out/abcd-ml_pasleep_scale_weekly_3_s012_41284804_60.pkl
2805,49.0,44.526976314574526,abcd-ml,pasleep,scale,weekly,3,s012,41284804,60,out/abcd-ml_pasleep_scale_weekly_3_s012_41284804_60.pkl
2806,43.0,47.94503580862866,abcd-ml,pasleep,scale,weekly,3,s012,41284804,60,out/abcd-ml_pasleep_scale_weekly_3_s012_41284804_60.pkl
2807,49.0,44.55731409314963,abcd-ml,pasleep,scale,weekly,3,s012,41284804,60,out/abcd-ml_pasleep_scale_weekly_3_s012_41284804_60.pkl
2808,43.0,47.550478914782204,abcd-ml,pasleep,scale,weekly,3,s012,41284804,60,out/abcd-ml_pasleep_scale_weekly_3_s012_41284804_60.pkl
2809,49.0,44.35874098821604,abcd-ml,pasleep,scale,weekly,3,s012,41284804,60,out/abcd-ml_pasleep_scale_weekly_3_s012_41284804_60.pkl
2810,43.0,47.66512635773066,abcd-ml,pasleep,scale,weekly,3,s012,41284804,60,out/abcd-ml_pasleep_scale_weekly_3_s012_41284804_60.pkl
2811,49.0,44.23223950018045,abcd-ml,pasleep,scale,weekly,3,s012,41284804,60,out/abcd-ml_pasleep_scale_weekly_3_s012_41284804_60.pkl
2812,43.0,47.84542395385655,abcd-ml,pasleep,scale,weekly,3,s012,41284804,60,out/abcd-ml_pasleep_scale_weekly_3_s012_41284804_60.pkl
2813,49.0,44.48287711602094,abcd-ml,pasleep,scale,weekly,3,s012,41284804,60,out/abcd-ml_pasleep_scale_weekly_3_s012_41284804_60.pkl
2814,33.0,48.248140010747605,abcd-ml,pasleep,scale,weekly,3,s012,41284804,60,out/abcd-ml_pasleep_scale_weekly_3_s012_41284804_60.pkl
2815,34.0,44.31856207271164,abcd-ml,pasleep,scale,weekly,3,s012,41284804,60,out/abcd-ml_pasleep_scale_weekly_3_s012_41284804_60.pkl
2816,33.0,48.13168916839771,abcd-ml,pasleep,scale,weekly,3,s012,41284804,60,out/abcd-ml_pasleep_scale_weekly_3_s012_41284804_60.pkl
2817,34.0,44.447624196561385,abcd-ml,pasleep,scale,weekly,3,s012,41284804,60,out/abcd-ml_pasleep_scale_weekly_3_s012_41284804_60.pkl
2818,33.0,47.60870230202757,abcd-ml,pasleep,scale,weekly,3,s012,41284804,60,out/abcd-ml_pasleep_scale_weekly_3_s012_41284804_60.pkl
2819,34.0,44.12745750194837,abcd-ml,pasleep,scale,weekly,3,s012,41284804,60,out/abcd-ml_pasleep_scale_weekly_3_s012_41284804_60.pkl
2820,33.0,47.51844911459445,abcd-ml,pasleep,scale,weekly,3,s012,41284804,60,out/abcd-ml_pasleep_scale_weekly_3_s012_41284804_60.pkl
2821,34.0,44.22738778119808,abcd-ml,pasleep,scale,weekly,3,s012,41284804,60,out/abcd-ml_pasleep_scale_weekly_3_s012_41284804_60.pkl
2822,33.0,47.69882254588438,abcd-ml,pasleep,scale,weekly,3,s012,41284804,60,out/abcd-ml_pasleep_scale_weekly_3_s012_41284804_60.pkl
2823,34.0,44.203399843381206,abcd-ml,pasleep,scale,weekly,3,s012,41284804,60,out/abcd-ml_pasleep_scale_weekly_3_s012_41284804_60.pkl
2824,46.0,47.88393151941511,abcd-ml,pasleep,scale,weekly,3,s012,41284804,60,out/abcd-ml_pasleep_scale_weekly_3_s012_41284804_60.pkl
2825,41.0,44.123187015321314,abcd-ml,pasleep,scale,weekly,3,s012,41284804,60,out/abcd-ml_pasleep_scale_weekly_3_s012_41284804_60.pkl
2826,46.0,47.7212582263077,abcd-ml,pasleep,scale,weekly,3,s012,41284804,60,out/abcd-ml_pasleep_scale_weekly_3_s012_41284804_60.pkl
2827,41.0,44.30278177739754,abcd-ml,pasleep,scale,weekly,3,s012,41284804,60,out/abcd-ml_pasleep_scale_weekly_3_s012_41284804_60.pkl
2828,46.0,47.74123744639303,abcd-ml,pasleep,scale,weekly,3,s012,41284804,60,out/abcd-ml_pasleep_scale_weekly_3_s012_41284804_60.pkl
2829,41.0,44.01392720528348,abcd-ml,pasleep,scale,weekly,3,s012,41284804,60,out/abcd-ml_pasleep_scale_weekly_3_s012_41284804_60.pkl
2830,46.0,47.72621763191502,abcd-ml,pasleep,scale,weekly,3,s012,41284804,60,out/abcd-ml_pasleep_scale_weekly_3_s012_41284804_60.pkl
2831,41.0,44.025180055173664,abcd-ml,pasleep,scale,weekly,3,s012,41284804,60,out/abcd-ml_pasleep_scale_weekly_3_s012_41284804_60.pkl
2832,46.0,47.597546163745776,abcd-ml,pasleep,scale,weekly,3,s012,41284804,60,out/abcd-ml_pasleep_scale_weekly_3_s012_41284804_60.pkl
2833,41.0,44.16693730690648,abcd-ml,pasleep,scale,weekly,3,s012,41284804,60,out/abcd-ml_pasleep_scale_weekly_3_s012_41284804_60.pkl
2834,40.0,48.15116974196835,abcd-ml,pasleep,scale,weekly,3,s012,41284804,60,out/abcd-ml_pasleep_scale_weekly_3_s012_41284804_60.pkl
2835,43.0,44.42083477500688,abcd-ml,pasleep,scale,weekly,3,s012,41284804,60,out/abcd-ml_pasleep_scale_weekly_3_s012_41284804_60.pkl
2836,40.0,45.75826571668627,abcd-ml,pasleep,scale,weekly,3,s012,41284804,60,out/abcd-ml_pasleep_scale_weekly_3_s012_41284804_60.pkl
2837,43.0,43.99120357794199,abcd-ml,pasleep,scale,weekly,3,s012,41284804,60,out/abcd-ml_pasleep_scale_weekly_3_s012_41284804_60.pkl
2838,40.0,45.76371179867154,abcd-ml,pasleep,scale,weekly,3,s012,41284804,60,out/abcd-ml_pasleep_scale_weekly_3_s012_41284804_60.pkl
2839,43.0,43.98503061948449,abcd-ml,pasleep,scale,weekly,3,s012,41284804,60,out/abcd-ml_pasleep_scale_weekly_3_s012_41284804_60.pkl
2840,40.0,48.07208282387348,abcd-ml,pasleep,scale,weekly,3,s012,41284804,60,out/abcd-ml_pasleep_scale_weekly_3_s012_41284804_60.pkl
2841,43.0,44.56446761921565,abcd-ml,pasleep,scale,weekly,3,s012,41284804,60,out/abcd-ml_pasleep_scale_weekly_3_s012_41284804_60.pkl
2842,40.0,48.120898854184816,abcd-ml,pasleep,scale,weekly,3,s012,41284804,60,out/abcd-ml_pasleep_scale_weekly_3_s012_41284804_60.pkl
2843,43.0,44.51009673562392,abcd-ml,pasleep,scale,weekly,3,s012,41284804,60,out/abcd-ml_pasleep_scale_weekly_3_s012_41284804_60.pkl
2844,33.0,47.711252156861946,abcd-ml,pasleep,scale,weekly,3,s012,41284804,60,out/abcd-ml_pasleep_scale_weekly_3_s012_41284804_60.pkl
2845,44.0,44.42412016830633,abcd-ml,pasleep,scale,weekly,3,s012,41284804,60,out/abcd-ml_pasleep_scale_weekly_3_s012_41284804_60.pkl
2846,33.0,47.7847980663399,abcd-ml,pasleep,scale,weekly,3,s012,41284804,60,out/abcd-ml_pasleep_scale_weekly_3_s012_41284804_60.pkl
2847,44.0,44.3423384490158,abcd-ml,pasleep,scale,weekly,3,s012,41284804,60,out/abcd-ml_pasleep_scale_weekly_3_s012_41284804_60.pkl
2848,33.0,47.27799028321424,abcd-ml,pasleep,scale,weekly,3,s012,41284804,60,out/abcd-ml_pasleep_scale_weekly_3_s012_41284804_60.pkl
2849,44.0,44.27413500540728,abcd-ml,pasleep,scale,weekly,3,s012,41284804,60,out/abcd-ml_pasleep_scale_weekly_3_s012_41284804_60.pkl
2850,33.0,48.48266055859493,abcd-ml,pasleep,scale,weekly,3,s012,41284804,60,out/abcd-ml_pasleep_scale_weekly_3_s012_41284804_60.pkl
2851,44.0,44.49410306053007,abcd-ml,pasleep,scale,weekly,3,s012,41284804,60,out/abcd-ml_pasleep_scale_weekly_3_s012_41284804_60.pkl
2852,34.0,48.151033660287865,abcd-ml,pasleep,scale,weekly,3,s012,41284804,60,out/abcd-ml_pasleep_scale_weekly_3_s012_41284804_60.pkl
2853,33.0,44.481984731955485,abcd-ml,pasleep,scale,weekly,3,s012,41284804,60,out/abcd-ml_pasleep_scale_weekly_3_s012_41284804_60.pkl
2854,34.0,48.152683692975934,abcd-ml,pasleep,scale,weekly,3,s012,41284804,60,out/abcd-ml_pasleep_scale_weekly_3_s012_41284804_60.pkl
2855,33.0,44.47960529826206,abcd-ml,pasleep,scale,weekly,3,s012,41284804,60,out/abcd-ml_pasleep_scale_weekly_3_s012_41284804_60.pkl
2856,34.0,47.84907706651312,abcd-ml,pasleep,scale,weekly,3,s012,41284804,60,out/abcd-ml_pasleep_scale_weekly_3_s012_41284804_60.pkl
2857,33.0,44.29939176053077,abcd-ml,pasleep,scale,weekly,3,s012,41284804,60,out/abcd-ml_pasleep_scale_weekly_3_s012_41284804_60.pkl
2858,34.0,47.76650499432539,abcd-ml,pasleep,scale,weekly,3,s012,41284804,60,out/abcd-ml_pasleep_scale_weekly_3_s012_41284804_60.pkl
2859,33.0,44.39050163096554,abcd-ml,pasleep,scale,weekly,3,s012,41284804,60,out/abcd-ml_pasleep_scale_weekly_3_s012_41284804_60.pkl
2860,34.0,47.9010643413535,abcd-ml,pasleep,scale,weekly,3,s012,41284804,60,out/abcd-ml_pasleep_scale_weekly_3_s012_41284804_60.pkl
2861,33.0,44.33239756679712,abcd-ml,pasleep,scale,weekly,3,s012,41284804,60,out/abcd-ml_pasleep_scale_weekly_3_s012_41284804_60.pkl
2862,34.0,47.81280559331567,abcd-ml,pasleep,scale,weekly,3,s012,41284804,60,out/abcd-ml_pasleep_scale_weekly_3_s012_41284804_60.pkl
2863,33.0,44.429782051103885,abcd-ml,pasleep,scale,weekly,3,s012,41284804,60,out/abcd-ml_pasleep_scale_weekly_3_s012_41284804_60.pkl
2864,44.0,47.49845434921261,abcd-ml,pasleep,scale,weekly,3,s012,41284804,60,out/abcd-ml_pasleep_scale_weekly_3_s012_41284804_60.pkl
2865,34.0,44.04495627431744,abcd-ml,pasleep,scale,weekly,3,s012,41284804,60,out/abcd-ml_pasleep_scale_weekly_3_s012_41284804_60.pkl
2866,44.0,47.40459008015562,abcd-ml,pasleep,scale,weekly,3,s012,41284804,60,out/abcd-ml_pasleep_scale_weekly_3_s012_41284804_60.pkl
2867,34.0,44.14890912979655,abcd-ml,pasleep,scale,weekly,3,s012,41284804,60,out/abcd-ml_pasleep_scale_weekly_3_s012_41284804_60.pkl
2868,44.0,47.12794084966708,abcd-ml,pasleep,scale,weekly,3,s012,41284804,60,out/abcd-ml_pasleep_scale_weekly_3_s012_41284804_60.pkl
2869,34.0,44.07218847205569,abcd-ml,pasleep,scale,weekly,3,s012,41284804,60,out/abcd-ml_pasleep_scale_weekly_3_s012_41284804_60.pkl
2870,44.0,47.089754077325075,abcd-ml,pasleep,scale,weekly,3,s012,41284804,60,out/abcd-ml_pasleep_scale_weekly_3_s012_41284804_60.pkl
2871,34.0,44.11427859194937,abcd-ml,pasleep,scale,weekly,3,s012,41284804,60,out/abcd-ml_pasleep_scale_weekly_3_s012_41284804_60.pkl
2872,44.0,46.330831919534596,abcd-ml,pasleep,scale,weekly,3,s012,41284804,60,out/abcd-ml_pasleep_scale_weekly_3_s012_41284804_60.pkl
2873,34.0,44.331125894442586,abcd-ml,pasleep,scale,weekly,3,s012,41284804,60,out/abcd-ml_pasleep_scale_weekly_3_s012_41284804_60.pkl
2874,44.0,46.49378075952414,abcd-ml,pasleep,scale,weekly,3,s012,41284804,60,out/abcd-ml_pasleep_scale_weekly_3_s012_41284804_60.pkl
2875,34.0,44.14983355345134,abcd-ml,pasleep,scale,weekly,3,s012,41284804,60,out/abcd-ml_pasleep_scale_weekly_3_s012_41284804_60.pkl
2876,77.0,48.83353336917091,abcd-ml,pasleep,scale,weekly,3,s012,41284804,60,out/abcd-ml_pasleep_scale_weekly_3_s012_41284804_60.pkl
2877,59.0,44.59024539402422,abcd-ml,pasleep,scale,weekly,3,s012,41284804,60,out/abcd-ml_pasleep_scale_weekly_3_s012_41284804_60.pkl
2878,77.0,48.81574201459076,abcd-ml,pasleep,scale,weekly,3,s012,41284804,60,out/abcd-ml_pasleep_scale_weekly_3_s012_41284804_60.pkl
2879,59.0,44.61010170339526,abcd-ml,pasleep,scale,weekly,3,s012,41284804,60,out/abcd-ml_pasleep_scale_weekly_3_s012_41284804_60.pkl
2880,77.0,48.77951196518041,abcd-ml,pasleep,scale,weekly,3,s012,41284804,60,out/abcd-ml_pasleep_scale_weekly_3_s012_41284804_60.pkl
2881,59.0,44.574711681917336,abcd-ml,pasleep,scale,weekly,3,s012,41284804,60,out/abcd-ml_pasleep_scale_weekly_3_s012_41284804_60.pkl
2882,77.0,48.859391402966715,abcd-ml,pasleep,scale,weekly,3,s012,41284804,60,out/abcd-ml_pasleep_scale_weekly_3_s012_41284804_60.pkl
2883,59.0,44.48595795079535,abcd-ml,pasleep,scale,weekly,3,s012,41284804,60,out/abcd-ml_pasleep_scale_weekly_3_s012_41284804_60.pkl
2884,77.0,48.64213183249707,abcd-ml,pasleep,scale,weekly,3,s012,41284804,60,out/abcd-ml_pasleep_scale_weekly_3_s012_41284804_60.pkl
2885,59.0,44.55913693253534,abcd-ml,pasleep,scale,weekly,3,s012,41284804,60,out/abcd-ml_pasleep_scale_weekly_3_s012_41284804_60.pkl
2886,77.0,48.481238534892945,abcd-ml,pasleep,scale,weekly,3,s012,41284804,60,out/abcd-ml_pasleep_scale_weekly_3_s012_41284804_60.pkl
2887,59.0,44.737789575857086,abcd-ml,pasleep,scale,weekly,3,s012,41284804,60,out/abcd-ml_pasleep_scale_weekly_3_s012_41284804_60.pkl
2888,41.0,48.51146779824012,abcd-ml,pasleep,scale,weekly,3,s012,41284804,60,out/abcd-ml_pasleep_scale_weekly_3_s012_41284804_60.pkl
2889,33.0,44.46540500063342,abcd-ml,pasleep,scale,weekly,3,s012,41284804,60,out/abcd-ml_pasleep_scale_weekly_3_s012_41284804_60.pkl
2890,41.0,48.48959443119522,abcd-ml,pasleep,scale,weekly,3,s012,41284804,60,out/abcd-ml_pasleep_scale_weekly_3_s012_41284804_60.pkl
2891,33.0,44.48957997532879,abcd-ml,pasleep,scale,weekly,3,s012,41284804,60,out/abcd-ml_pasleep_scale_weekly_3_s012_41284804_60.pkl
2892,41.0,48.09421075176264,abcd-ml,pasleep,scale,weekly,3,s012,41284804,60,out/abcd-ml_pasleep_scale_weekly_3_s012_41284804_60.pkl
2893,33.0,44.50069789460126,abcd-ml,pasleep,scale,weekly,3,s012,41284804,60,out/abcd-ml_pasleep_scale_weekly_3_s012_41284804_60.pkl
2894,41.0,48.12058998161731,abcd-ml,pasleep,scale,weekly,3,s012,41284804,60,out/abcd-ml_pasleep_scale_weekly_3_s012_41284804_60.pkl
2895,33.0,44.47125505397073,abcd-ml,pasleep,scale,weekly,3,s012,41284804,60,out/abcd-ml_pasleep_scale_weekly_3_s012_41284804_60.pkl
2896,41.0,48.2546836749034,abcd-ml,pasleep,scale,weekly,3,s012,41284804,60,out/abcd-ml_pasleep_scale_weekly_3_s012_41284804_60.pkl
2897,33.0,44.41099725258296,abcd-ml,pasleep,scale,weekly,3,s012,41284804,60,out/abcd-ml_pasleep_scale_weekly_3_s012_41284804_60.pkl
2898,52.0,47.89336931301879,abcd-ml,pasleep,scale,weekly,3,s012,41284804,60,out/abcd-ml_pasleep_scale_weekly_3_s012_41284804_60.pkl
2899,46.0,44.240521254432366,abcd-ml,pasleep,scale,weekly,3,s012,41284804,60,out/abcd-ml_pasleep_scale_weekly_3_s012_41284804_60.pkl
2900,52.0,47.72425338795507,abcd-ml,pasleep,scale,weekly,3,s012,41284804,60,out/abcd-ml_pasleep_scale_weekly_3_s012_41284804_60.pkl
2901,46.0,44.23209048794614,abcd-ml,pasleep,scale,weekly,3,s012,41284804,60,out/abcd-ml_pasleep_scale_weekly_3_s012_41284804_60.pkl
2902,52.0,47.79660232935219,abcd-ml,pasleep,scale,weekly,3,s012,41284804,60,out/abcd-ml_pasleep_scale_weekly_3_s012_41284804_60.pkl
2903,46.0,44.20952322173099,abcd-ml,pasleep,scale,weekly,3,s012,41284804,60,out/abcd-ml_pasleep_scale_weekly_3_s012_41284804_60.pkl
2904,55.0,47.892906888842,abcd-ml,pasleep,scale,weekly,3,s012,41284804,60,out/abcd-ml_pasleep_scale_weekly_3_s012_41284804_60.pkl
2905,58.0,44.640187316971094,abcd-ml,pasleep,scale,weekly,3,s012,41284804,60,out/abcd-ml_pasleep_scale_weekly_3_s012_41284804_60.pkl
2906,55.0,48.06817817863248,abcd-ml,pasleep,scale,weekly,3,s012,41284804,60,out/abcd-ml_pasleep_scale_weekly_3_s012_41284804_60.pkl
2907,58.0,44.44535079955488,abcd-ml,pasleep,scale,weekly,3,s012,41284804,60,out/abcd-ml_pasleep_scale_weekly_3_s012_41284804_60.pkl
2908,55.0,48.408265002403766,abcd-ml,pasleep,scale,weekly,3,s012,41284804,60,out/abcd-ml_pasleep_scale_weekly_3_s012_41284804_60.pkl
2909,58.0,44.54260347346802,abcd-ml,pasleep,scale,weekly,3,s012,41284804,60,out/abcd-ml_pasleep_scale_weekly_3_s012_41284804_60.pkl
2910,55.0,48.44380505554757,abcd-ml,pasleep,scale,weekly,3,s012,41284804,60,out/abcd-ml_pasleep_scale_weekly_3_s012_41284804_60.pkl
2911,58.0,44.503388627588905,abcd-ml,pasleep,scale,weekly,3,s012,41284804,60,out/abcd-ml_pasleep_scale_weekly_3_s012_41284804_60.pkl
2912,55.0,48.272026175485614,abcd-ml,pasleep,scale,weekly,3,s012,41284804,60,out/abcd-ml_pasleep_scale_weekly_3_s012_41284804_60.pkl
2913,58.0,44.570942654121666,abcd-ml,pasleep,scale,weekly,3,s012,41284804,60,out/abcd-ml_pasleep_scale_weekly_3_s012_41284804_60.pkl
2914,55.0,48.278937784596366,abcd-ml,pasleep,scale,weekly,3,s012,41284804,60,out/abcd-ml_pasleep_scale_weekly_3_s012_41284804_60.pkl
2915,58.0,44.56297206519076,abcd-ml,pasleep,scale,weekly,3,s012,41284804,60,out/abcd-ml_pasleep_scale_weekly_3_s012_41284804_60.pkl
2916,39.0,48.37848202742485,abcd-ml,pasleep,scale,weekly,3,s012,41284804,60,out/abcd-ml_pasleep_scale_weekly_3_s012_41284804_60.pkl
2917,34.0,44.63299267756395,abcd-ml,pasleep,scale,weekly,3,s012,41284804,60,out/abcd-ml_pasleep_scale_weekly_3_s012_41284804_60.pkl
2918,39.0,48.478156266884646,abcd-ml,pasleep,scale,weekly,3,s012,41284804,60,out/abcd-ml_pasleep_scale_weekly_3_s012_41284804_60.pkl
2919,34.0,44.52248271728651,abcd-ml,pasleep,scale,weekly,3,s012,41284804,60,out/abcd-ml_pasleep_scale_weekly_3_s012_41284804_60.pkl
2920,39.0,48.78464741527692,abcd-ml,pasleep,scale,weekly,3,s012,41284804,60,out/abcd-ml_pasleep_scale_weekly_3_s012_41284804_60.pkl
2921,34.0,44.625097279563434,abcd-ml,pasleep,scale,weekly,3,s012,41284804,60,out/abcd-ml_pasleep_scale_weekly_3_s012_41284804_60.pkl
2922,39.0,48.76757612516274,abcd-ml,pasleep,scale,weekly,3,s012,41284804,60,out/abcd-ml_pasleep_scale_weekly_3_s012_41284804_60.pkl
2923,34.0,44.64393340723775,abcd-ml,pasleep,scale,weekly,3,s012,41284804,60,out/abcd-ml_pasleep_scale_weekly_3_s012_41284804_60.pkl
2924,39.0,48.90092808932168,abcd-ml,pasleep,scale,weekly,3,s012,41284804,60,out/abcd-ml_pasleep_scale_weekly_3_s012_41284804_60.pkl
2925,34.0,44.66266674549922,abcd-ml,pasleep,scale,weekly,3,s012,41284804,60,out/abcd-ml_pasleep_scale_weekly_3_s012_41284804_60.pkl
2926,39.0,48.81803681180926,abcd-ml,pasleep,scale,weekly,3,s012,41284804,60,out/abcd-ml_pasleep_scale_weekly_3_s012_41284804_60.pkl
2927,34.0,44.75463651633234,abcd-ml,pasleep,scale,weekly,3,s012,41284804,60,out/abcd-ml_pasleep_scale_weekly_3_s012_41284804_60.pkl
2928,56.0,48.847353586981455,abcd-ml,pasleep,scale,weekly,3,s012,41284804,60,out/abcd-ml_pasleep_scale_weekly_3_s012_41284804_60.pkl
2929,51.0,44.811288995873426,abcd-ml,pasleep,scale,weekly,3,s012,41284804,60,out/abcd-ml_pasleep_scale_weekly_3_s012_41284804_60.pkl
2930,56.0,48.94624525826463,abcd-ml,pasleep,scale,weekly,3,s012,41284804,60,out/abcd-ml_pasleep_scale_weekly_3_s012_41284804_60.pkl
2931,51.0,44.70217227248654,abcd-ml,pasleep,scale,weekly,3,s012,41284804,60,out/abcd-ml_pasleep_scale_weekly_3_s012_41284804_60.pkl
2932,56.0,48.51494770615309,abcd-ml,pasleep,scale,weekly,3,s012,41284804,60,out/abcd-ml_pasleep_scale_weekly_3_s012_41284804_60.pkl
2933,51.0,44.582245774546585,abcd-ml,pasleep,scale,weekly,3,s012,41284804,60,out/abcd-ml_pasleep_scale_weekly_3_s012_41284804_60.pkl
2934,56.0,48.43748493172666,abcd-ml,pasleep,scale,weekly,3,s012,41284804,60,out/abcd-ml_pasleep_scale_weekly_3_s012_41284804_60.pkl
2935,51.0,44.6676278235683,abcd-ml,pasleep,scale,weekly,3,s012,41284804,60,out/abcd-ml_pasleep_scale_weekly_3_s012_41284804_60.pkl
2936,56.0,48.75187122244344,abcd-ml,pasleep,scale,weekly,3,s012,41284804,60,out/abcd-ml_pasleep_scale_weekly_3_s012_41284804_60.pkl
2937,51.0,44.78648831915554,abcd-ml,pasleep,scale,weekly,3,s012,41284804,60,out/abcd-ml_pasleep_scale_weekly_3_s012_41284804_60.pkl
2938,56.0,48.838447002165026,abcd-ml,pasleep,scale,weekly,3,s012,41284804,60,out/abcd-ml_pasleep_scale_weekly_3_s012_41284804_60.pkl
2939,51.0,44.69096080818128,abcd-ml,pasleep,scale,weekly,3,s012,41284804,60,out/abcd-ml_pasleep_scale_weekly_3_s012_41284804_60.pkl
2940,43.0,47.93061223672309,abcd-ml,pasleep,scale,weekly,3,s012,41284804,60,out/abcd-ml_pasleep_scale_weekly_3_s012_41284804_60.pkl
2941,34.0,44.17501549853477,abcd-ml,pasleep,scale,weekly,3,s012,41284804,60,out/abcd-ml_pasleep_scale_weekly_3_s012_41284804_60.pkl
2942,43.0,47.78285014015366,abcd-ml,pasleep,scale,weekly,3,s012,41284804,60,out/abcd-ml_pasleep_scale_weekly_3_s012_41284804_60.pkl
2943,34.0,44.09373851045696,abcd-ml,pasleep,scale,weekly,3,s012,41284804,60,out/abcd-ml_pasleep_scale_weekly_3_s012_41284804_60.pkl
2944,43.0,47.84062946255633,abcd-ml,pasleep,scale,weekly,3,s012,41284804,60,out/abcd-ml_pasleep_scale_weekly_3_s012_41284804_60.pkl
2945,34.0,44.08978573600507,abcd-ml,pasleep,scale,weekly,3,s012,41284804,60,out/abcd-ml_pasleep_scale_weekly_3_s012_41284804_60.pkl
2946,43.0,47.68488932679932,abcd-ml,pasleep,scale,weekly,3,s012,41284804,60,out/abcd-ml_pasleep_scale_weekly_3_s012_41284804_60.pkl
2947,34.0,44.2619426546683,abcd-ml,pasleep,scale,weekly,3,s012,41284804,60,out/abcd-ml_pasleep_scale_weekly_3_s012_41284804_60.pkl
2948,33.0,47.71347954845574,abcd-ml,pasleep,scale,weekly,3,s012,41284804,60,out/abcd-ml_pasleep_scale_weekly_3_s012_41284804_60.pkl
2949,34.0,44.27501850721879,abcd-ml,pasleep,scale,weekly,3,s012,41284804,60,out/abcd-ml_pasleep_scale_weekly_3_s012_41284804_60.pkl
2950,33.0,47.41196696745869,abcd-ml,pasleep,scale,weekly,3,s012,41284804,60,out/abcd-ml_pasleep_scale_weekly_3_s012_41284804_60.pkl
2951,34.0,44.255012632805474,abcd-ml,pasleep,scale,weekly,3,s012,41284804,60,out/abcd-ml_pasleep_scale_weekly_3_s012_41284804_60.pkl
2952,33.0,48.179420672969414,abcd-ml,pasleep,scale,weekly,3,s012,41284804,60,out/abcd-ml_pasleep_scale_weekly_3_s012_41284804_60.pkl
2953,34.0,44.43916567070764,abcd-ml,pasleep,scale,weekly,3,s012,41284804,60,out/abcd-ml_pasleep_scale_weekly_3_s012_41284804_60.pkl
2954,50.0,47.40340882941578,abcd-ml,pasleep,scale,weekly,3,s012,41284804,60,out/abcd-ml_pasleep_scale_weekly_3_s012_41284804_60.pkl
2955,40.0,44.06435720039629,abcd-ml,pasleep,scale,weekly,3,s012,41284804,60,out/abcd-ml_pasleep_scale_weekly_3_s012_41284804_60.pkl
2956,50.0,47.27160509089862,abcd-ml,pasleep,scale,weekly,3,s012,41284804,60,out/abcd-ml_pasleep_scale_weekly_3_s012_41284804_60.pkl
2957,40.0,44.209952595764506,abcd-ml,pasleep,scale,weekly,3,s012,41284804,60,out/abcd-ml_pasleep_scale_weekly_3_s012_41284804_60.pkl
2958,50.0,47.64717263260137,abcd-ml,pasleep,scale,weekly,3,s012,41284804,60,out/abcd-ml_pasleep_scale_weekly_3_s012_41284804_60.pkl
2959,40.0,44.069793646394864,abcd-ml,pasleep,scale,weekly,3,s012,41284804,60,out/abcd-ml_pasleep_scale_weekly_3_s012_41284804_60.pkl
2960,50.0,47.487245404597964,abcd-ml,pasleep,scale,weekly,3,s012,41284804,60,out/abcd-ml_pasleep_scale_weekly_3_s012_41284804_60.pkl
2961,40.0,44.246574852087384,abcd-ml,pasleep,scale,weekly,3,s012,41284804,60,out/abcd-ml_pasleep_scale_weekly_3_s012_41284804_60.pkl
2962,50.0,47.12718347088627,abcd-ml,pasleep,scale,weekly,3,s012,41284804,60,out/abcd-ml_pasleep_scale_weekly_3_s012_41284804_60.pkl
2963,40.0,43.930935686675696,abcd-ml,pasleep,scale,weekly,3,s012,41284804,60,out/abcd-ml_pasleep_scale_weekly_3_s012_41284804_60.pkl
2964,34.0,45.50276175237691,abcd-ml,pasleep,scale,weekly,3,s012,41284804,60,out/abcd-ml_pasleep_scale_weekly_3_s012_41284804_60.pkl
2965,46.0,43.66773217678321,abcd-ml,pasleep,scale,weekly,3,s012,41284804,60,out/abcd-ml_pasleep_scale_weekly_3_s012_41284804_60.pkl
2966,34.0,45.5579363179804,abcd-ml,pasleep,scale,weekly,3,s012,41284804,60,out/abcd-ml_pasleep_scale_weekly_3_s012_41284804_60.pkl
2967,46.0,43.60621294821635,abcd-ml,pasleep,scale,weekly,3,s012,41284804,60,out/abcd-ml_pasleep_scale_weekly_3_s012_41284804_60.pkl
2968,34.0,47.34512390549323,abcd-ml,pasleep,scale,weekly,3,s012,41284804,60,out/abcd-ml_pasleep_scale_weekly_3_s012_41284804_60.pkl
2969,33.0,44.217799436364814,abcd-ml,pasleep,scale,weekly,3,s012,41284804,60,out/abcd-ml_pasleep_scale_weekly_3_s012_41284804_60.pkl
2970,34.0,46.73842800620936,abcd-ml,pasleep,scale,weekly,3,s012,41284804,60,out/abcd-ml_pasleep_scale_weekly_3_s012_41284804_60.pkl
2971,33.0,44.144227168265836,abcd-ml,pasleep,scale,weekly,3,s012,41284804,60,out/abcd-ml_pasleep_scale_weekly_3_s012_41284804_60.pkl
2972,34.0,47.02829296468563,abcd-ml,pasleep,scale,weekly,3,s012,41284804,60,out/abcd-ml_pasleep_scale_weekly_3_s012_41284804_60.pkl
2973,33.0,44.18895143844723,abcd-ml,pasleep,scale,weekly,3,s012,41284804,60,out/abcd-ml_pasleep_scale_weekly_3_s012_41284804_60.pkl
2974,34.0,46.965609364938835,abcd-ml,pasleep,scale,weekly,3,s012,41284804,60,out/abcd-ml_pasleep_scale_weekly_3_s012_41284804_60.pkl
2975,33.0,44.25807795312289,abcd-ml,pasleep,scale,weekly,3,s012,41284804,60,out/abcd-ml_pasleep_scale_weekly_3_s012_41284804_60.pkl
2976,34.0,47.71561439670393,abcd-ml,pasleep,scale,weekly,3,s012,41284804,60,out/abcd-ml_pasleep_scale_weekly_3_s012_41284804_60.pkl
2977,33.0,44.43714923028065,abcd-ml,pasleep,scale,weekly,3,s012,41284804,60,out/abcd-ml_pasleep_scale_weekly_3_s012_41284804_60.pkl
2978,34.0,48.59034893626785,abcd-ml,pasleep,scale,weekly,3,s012,41284804,60,out/abcd-ml_pasleep_scale_weekly_3_s012_41284804_60.pkl
2979,33.0,44.6176815012996,abcd-ml,pasleep,scale,weekly,3,s012,41284804,60,out/abcd-ml_pasleep_scale_weekly_3_s012_41284804_60.pkl
2980,34.0,48.572991842973856,abcd-ml,pasleep,scale,weekly,3,s012,41284804,60,out/abcd-ml_pasleep_scale_weekly_3_s012_41284804_60.pkl
2981,33.0,44.63714465551455,abcd-ml,pasleep,scale,weekly,3,s012,41284804,60,out/abcd-ml_pasleep_scale_weekly_3_s012_41284804_60.pkl
2982,34.0,48.54124699957663,abcd-ml,pasleep,scale,weekly,3,s012,41284804,60,out/abcd-ml_pasleep_scale_weekly_3_s012_41284804_60.pkl
2983,33.0,44.581624313593586,abcd-ml,pasleep,scale,weekly,3,s012,41284804,60,out/abcd-ml_pasleep_scale_weekly_3_s012_41284804_60.pkl
2984,34.0,48.40583502755078,abcd-ml,pasleep,scale,weekly,3,s012,41284804,60,out/abcd-ml_pasleep_scale_weekly_3_s012_41284804_60.pkl
2985,33.0,44.73185620580614,abcd-ml,pasleep,scale,weekly,3,s012,41284804,60,out/abcd-ml_pasleep_scale_weekly_3_s012_41284804_60.pkl
2986,43.0,47.91530037139673,abcd-ml,pasleep,scale,weekly,3,s012,41284804,60,out/abcd-ml_pasleep_scale_weekly_3_s012_41284804_60.pkl
2987,49.0,44.56068895711241,abcd-ml,pasleep,scale,weekly,3,s012,41284804,60,out/abcd-ml_pasleep_scale_weekly_3_s012_41284804_60.pkl
2988,43.0,47.888122281446975,abcd-ml,pasleep,scale,weekly,3,s012,41284804,60,out/abcd-ml_pasleep_scale_weekly_3_s012_41284804_60.pkl
2989,49.0,44.445383329805935,abcd-ml,pasleep,scale,weekly,3,s012,41284804,60,out/abcd-ml_pasleep_scale_weekly_3_s012_41284804_60.pkl
2990,43.0,47.962955991347975,abcd-ml,pasleep,scale,weekly,3,s012,41284804,60,out/abcd-ml_pasleep_scale_weekly_3_s012_41284804_60.pkl
2991,49.0,44.36346355538227,abcd-ml,pasleep,scale,weekly,3,s012,41284804,60,out/abcd-ml_pasleep_scale_weekly_3_s012_41284804_60.pkl
2992,43.0,48.105351696440195,abcd-ml,pasleep,scale,weekly,3,s012,41284804,60,out/abcd-ml_pasleep_scale_weekly_3_s012_41284804_60.pkl
2993,49.0,44.595754803058135,abcd-ml,pasleep,scale,weekly,3,s012,41284804,60,out/abcd-ml_pasleep_scale_weekly_3_s012_41284804_60.pkl
2994,39.0,47.95259876782387,abcd-ml,pasleep,scale,weekly,3,s012,41284804,60,out/abcd-ml_pasleep_scale_weekly_3_s012_41284804_60.pkl
2995,40.0,44.41499650117715,abcd-ml,pasleep,scale,weekly,3,s012,41284804,60,out/abcd-ml_pasleep_scale_weekly_3_s012_41284804_60.pkl
2996,39.0,47.96882147930357,abcd-ml,pasleep,scale,weekly,3,s012,41284804,60,out/abcd-ml_pasleep_scale_weekly_3_s012_41284804_60.pkl
2997,40.0,44.396974639617724,abcd-ml,pasleep,scale,weekly,3,s012,41284804,60,out/abcd-ml_pasleep_scale_weekly_3_s012_41284804_60.pkl
2998,39.0,47.566976281260956,abcd-ml,pasleep,scale,weekly,3,s012,41284804,60,out/abcd-ml_pasleep_scale_weekly_3_s012_41284804_60.pkl
2999,40.0,44.39666961732529,abcd-ml,pasleep,scale,weekly,3,s012,41284804,60,out/abcd-ml_pasleep_scale_weekly_3_s012_41284804_60.pkl
3000,39.0,47.58450191043071,abcd-ml,pasleep,scale,weekly,3,s012,41284804,60,out/abcd-ml_pasleep_scale_weekly_3_s012_41284804_60.pkl
3001,40.0,44.377263055544404,abcd-ml,pasleep,scale,weekly,3,s012,41284804,60,out/abcd-ml_pasleep_scale_weekly_3_s012_41284804_60.pkl
3002,39.0,48.56539035986692,abcd-ml,pasleep,scale,weekly,3,s012,41284804,60,out/abcd-ml_pasleep_scale_weekly_3_s012_41284804_60.pkl
3003,40.0,44.58571611117516,abcd-ml,pasleep,scale,weekly,3,s012,41284804,60,out/abcd-ml_pasleep_scale_weekly_3_s012_41284804_60.pkl
3004,39.0,48.57781966462158,abcd-ml,pasleep,scale,weekly,3,s012,41284804,60,out/abcd-ml_pasleep_scale_weekly_3_s012_41284804_60.pkl
3005,40.0,44.572001725555175,abcd-ml,pasleep,scale,weekly,3,s012,41284804,60,out/abcd-ml_pasleep_scale_weekly_3_s012_41284804_60.pkl
3006,39.0,48.09285414691462,abcd-ml,pasleep,scale,weekly,3,s012,41284804,60,out/abcd-ml_pasleep_scale_weekly_3_s012_41284804_60.pkl
3007,34.0,44.2863183946786,abcd-ml,pasleep,scale,weekly,3,s012,41284804,60,out/abcd-ml_pasleep_scale_weekly_3_s012_41284804_60.pkl
3008,39.0,47.98207007373625,abcd-ml,pasleep,scale,weekly,3,s012,41284804,60,out/abcd-ml_pasleep_scale_weekly_3_s012_41284804_60.pkl
3009,34.0,44.40859762564364,abcd-ml,pasleep,scale,weekly,3,s012,41284804,60,out/abcd-ml_pasleep_scale_weekly_3_s012_41284804_60.pkl
3010,39.0,48.12800635319758,abcd-ml,pasleep,scale,weekly,3,s012,41284804,60,out/abcd-ml_pasleep_scale_weekly_3_s012_41284804_60.pkl
3011,34.0,44.34964910067721,abcd-ml,pasleep,scale,weekly,3,s012,41284804,60,out/abcd-ml_pasleep_scale_weekly_3_s012_41284804_60.pkl
3012,39.0,48.21483631550882,abcd-ml,pasleep,scale,weekly,3,s012,41284804,60,out/abcd-ml_pasleep_scale_weekly_3_s012_41284804_60.pkl
3013,34.0,44.254016681332,abcd-ml,pasleep,scale,weekly,3,s012,41284804,60,out/abcd-ml_pasleep_scale_weekly_3_s012_41284804_60.pkl
3014,39.0,48.12213847222404,abcd-ml,pasleep,scale,weekly,3,s012,41284804,60,out/abcd-ml_pasleep_scale_weekly_3_s012_41284804_60.pkl
3015,34.0,44.33836361556993,abcd-ml,pasleep,scale,weekly,3,s012,41284804,60,out/abcd-ml_pasleep_scale_weekly_3_s012_41284804_60.pkl
3016,39.0,48.0752601762753,abcd-ml,pasleep,scale,weekly,3,s012,41284804,60,out/abcd-ml_pasleep_scale_weekly_3_s012_41284804_60.pkl
3017,34.0,44.39125696550961,abcd-ml,pasleep,scale,weekly,3,s012,41284804,60,out/abcd-ml_pasleep_scale_weekly_3_s012_41284804_60.pkl
3018,62.0,48.285815665674306,abcd-ml,pasleep,scale,weekly,3,s012,41284804,60,out/abcd-ml_pasleep_scale_weekly_3_s012_41284804_60.pkl
3019,34.0,44.79960462949471,abcd-ml,pasleep,scale,weekly,3,s012,41284804,60,out/abcd-ml_pasleep_scale_weekly_3_s012_41284804_60.pkl
3020,62.0,48.50191096384039,abcd-ml,pasleep,scale,weekly,3,s012,41284804,60,out/abcd-ml_pasleep_scale_weekly_3_s012_41284804_60.pkl
3021,34.0,44.560800748277956,abcd-ml,pasleep,scale,weekly,3,s012,41284804,60,out/abcd-ml_pasleep_scale_weekly_3_s012_41284804_60.pkl
3022,62.0,48.34507641813597,abcd-ml,pasleep,scale,weekly,3,s012,41284804,60,out/abcd-ml_pasleep_scale_weekly_3_s012_41284804_60.pkl
3023,34.0,44.78724686478152,abcd-ml,pasleep,scale,weekly,3,s012,41284804,60,out/abcd-ml_pasleep_scale_weekly_3_s012_41284804_60.pkl
3024,62.0,48.57102574008956,abcd-ml,pasleep,scale,weekly,3,s012,41284804,60,out/abcd-ml_pasleep_scale_weekly_3_s012_41284804_60.pkl
3025,34.0,44.537459666150355,abcd-ml,pasleep,scale,weekly,3,s012,41284804,60,out/abcd-ml_pasleep_scale_weekly_3_s012_41284804_60.pkl
3026,62.0,48.132368516303025,abcd-ml,pasleep,scale,weekly,3,s012,41284804,60,out/abcd-ml_pasleep_scale_weekly_3_s012_41284804_60.pkl
3027,34.0,44.59051833227261,abcd-ml,pasleep,scale,weekly,3,s012,41284804,60,out/abcd-ml_pasleep_scale_weekly_3_s012_41284804_60.pkl
3028,62.0,48.20328009122522,abcd-ml,pasleep,scale,weekly,3,s012,41284804,60,out/abcd-ml_pasleep_scale_weekly_3_s012_41284804_60.pkl
3029,34.0,44.51284329977794,abcd-ml,pasleep,scale,weekly,3,s012,41284804,60,out/abcd-ml_pasleep_scale_weekly_3_s012_41284804_60.pkl
3030,50.0,47.26894698711805,abcd-ml,pasleep,scale,weekly,3,s012,41284804,60,out/abcd-ml_pasleep_scale_weekly_3_s012_41284804_60.pkl
3031,59.0,44.555666614696605,abcd-ml,pasleep,scale,weekly,3,s012,41284804,60,out/abcd-ml_pasleep_scale_weekly_3_s012_41284804_60.pkl
3032,50.0,47.38216836974207,abcd-ml,pasleep,scale,weekly,3,s012,41284804,60,out/abcd-ml_pasleep_scale_weekly_3_s012_41284804_60.pkl
3033,59.0,44.42957362444227,abcd-ml,pasleep,scale,weekly,3,s012,41284804,60,out/abcd-ml_pasleep_scale_weekly_3_s012_41284804_60.pkl
3034,50.0,48.72135020302182,abcd-ml,pasleep,scale,weekly,3,s012,41284804,60,out/abcd-ml_pasleep_scale_weekly_3_s012_41284804_60.pkl
3035,59.0,44.68128116655102,abcd-ml,pasleep,scale,weekly,3,s012,41284804,60,out/abcd-ml_pasleep_scale_weekly_3_s012_41284804_60.pkl
3036,50.0,47.871078002411124,abcd-ml,pasleep,scale,weekly,3,s012,41284804,60,out/abcd-ml_pasleep_scale_weekly_3_s012_41284804_60.pkl
3037,59.0,44.51669208736388,abcd-ml,pasleep,scale,weekly,3,s012,41284804,60,out/abcd-ml_pasleep_scale_weekly_3_s012_41284804_60.pkl
3038,50.0,47.892831949935285,abcd-ml,pasleep,scale,weekly,3,s012,41284804,60,out/abcd-ml_pasleep_scale_weekly_3_s012_41284804_60.pkl
3039,59.0,44.49299422894761,abcd-ml,pasleep,scale,weekly,3,s012,41284804,60,out/abcd-ml_pasleep_scale_weekly_3_s012_41284804_60.pkl
3040,33.0,48.597670954961146,abcd-ml,pasleep,scale,weekly,3,s012,41284804,60,out/abcd-ml_pasleep_scale_weekly_3_s012_41284804_60.pkl
3041,34.0,44.53967628364422,abcd-ml,pasleep,scale,weekly,3,s012,41284804,60,out/abcd-ml_pasleep_scale_weekly_3_s012_41284804_60.pkl
3042,33.0,48.63129079152682,abcd-ml,pasleep,scale,weekly,3,s012,41284804,60,out/abcd-ml_pasleep_scale_weekly_3_s012_41284804_60.pkl
3043,34.0,44.44860098863772,abcd-ml,pasleep,scale,weekly,3,s012,41284804,60,out/abcd-ml_pasleep_scale_weekly_3_s012_41284804_60.pkl
3044,33.0,48.558232910098305,abcd-ml,pasleep,scale,weekly,3,s012,41284804,60,out/abcd-ml_pasleep_scale_weekly_3_s012_41284804_60.pkl
3045,34.0,44.52961096786018,abcd-ml,pasleep,scale,weekly,3,s012,41284804,60,out/abcd-ml_pasleep_scale_weekly_3_s012_41284804_60.pkl
3046,33.0,48.551358127262546,abcd-ml,pasleep,scale,weekly,3,s012,41284804,60,out/abcd-ml_pasleep_scale_weekly_3_s012_41284804_60.pkl
3047,34.0,44.43671970197968,abcd-ml,pasleep,scale,weekly,3,s012,41284804,60,out/abcd-ml_pasleep_scale_weekly_3_s012_41284804_60.pkl
3048,33.0,48.48013899487943,abcd-ml,pasleep,scale,weekly,3,s012,41284804,60,out/abcd-ml_pasleep_scale_weekly_3_s012_41284804_60.pkl
3049,34.0,44.515647295887916,abcd-ml,pasleep,scale,weekly,3,s012,41284804,60,out/abcd-ml_pasleep_scale_weekly_3_s012_41284804_60.pkl
3050,50.0,48.532227397110276,abcd-ml,pasleep,scale,weekly,3,s012,41284804,60,out/abcd-ml_pasleep_scale_weekly_3_s012_41284804_60.pkl
3051,44.0,44.488707801823395,abcd-ml,pasleep,scale,weekly,3,s012,41284804,60,out/abcd-ml_pasleep_scale_weekly_3_s012_41284804_60.pkl
3052,50.0,48.444881719746554,abcd-ml,pasleep,scale,weekly,3,s012,41284804,60,out/abcd-ml_pasleep_scale_weekly_3_s012_41284804_60.pkl
3053,44.0,44.58574788674689,abcd-ml,pasleep,scale,weekly,3,s012,41284804,60,out/abcd-ml_pasleep_scale_weekly_3_s012_41284804_60.pkl
3054,50.0,48.88175852937081,abcd-ml,pasleep,scale,weekly,3,s012,41284804,60,out/abcd-ml_pasleep_scale_weekly_3_s012_41284804_60.pkl
3055,44.0,44.6443163169137,abcd-ml,pasleep,scale,weekly,3,s012,41284804,60,out/abcd-ml_pasleep_scale_weekly_3_s012_41284804_60.pkl
3056,50.0,47.65892606821373,abcd-ml,pasleep,scale,weekly,3,s012,41284804,60,out/abcd-ml_pasleep_scale_weekly_3_s012_41284804_60.pkl
3057,44.0,44.60913631611392,abcd-ml,pasleep,scale,weekly,3,s012,41284804,60,out/abcd-ml_pasleep_scale_weekly_3_s012_41284804_60.pkl
3058,50.0,48.846191062047296,abcd-ml,pasleep,scale,weekly,3,s012,41284804,60,out/abcd-ml_pasleep_scale_weekly_3_s012_41284804_60.pkl
3059,44.0,44.65403962726689,abcd-ml,pasleep,scale,weekly,3,s012,41284804,60,out/abcd-ml_pasleep_scale_weekly_3_s012_41284804_60.pkl
3060,54.0,46.64811165578822,abcd-ml,pasleep,scale,weekly,3,s012,41284804,60,out/abcd-ml_pasleep_scale_weekly_3_s012_41284804_60.pkl
3061,57.0,43.86836379447167,abcd-ml,pasleep,scale,weekly,3,s012,41284804,60,out/abcd-ml_pasleep_scale_weekly_3_s012_41284804_60.pkl
3062,54.0,46.69801416708644,abcd-ml,pasleep,scale,weekly,3,s012,41284804,60,out/abcd-ml_pasleep_scale_weekly_3_s012_41284804_60.pkl
3063,57.0,43.8132901250582,abcd-ml,pasleep,scale,weekly,3,s012,41284804,60,out/abcd-ml_pasleep_scale_weekly_3_s012_41284804_60.pkl
3064,54.0,46.86683018235655,abcd-ml,pasleep,scale,weekly,3,s012,41284804,60,out/abcd-ml_pasleep_scale_weekly_3_s012_41284804_60.pkl
3065,57.0,44.39981766157289,abcd-ml,pasleep,scale,weekly,3,s012,41284804,60,out/abcd-ml_pasleep_scale_weekly_3_s012_41284804_60.pkl
3066,54.0,47.115625253862575,abcd-ml,pasleep,scale,weekly,3,s012,41284804,60,out/abcd-ml_pasleep_scale_weekly_3_s012_41284804_60.pkl
3067,57.0,44.123854497914564,abcd-ml,pasleep,scale,weekly,3,s012,41284804,60,out/abcd-ml_pasleep_scale_weekly_3_s012_41284804_60.pkl
3068,54.0,45.95161685131425,abcd-ml,pasleep,scale,weekly,3,s012,41284804,60,out/abcd-ml_pasleep_scale_weekly_3_s012_41284804_60.pkl
3069,57.0,43.859967872064665,abcd-ml,pasleep,scale,weekly,3,s012,41284804,60,out/abcd-ml_pasleep_scale_weekly_3_s012_41284804_60.pkl
3070,54.0,45.95765486649013,abcd-ml,pasleep,scale,weekly,3,s012,41284804,60,out/abcd-ml_pasleep_scale_weekly_3_s012_41284804_60.pkl
3071,57.0,43.8530104693254,abcd-ml,pasleep,scale,weekly,3,s012,41284804,60,out/abcd-ml_pasleep_scale_weekly_3_s012_41284804_60.pkl
3072,43.0,47.969989547979594,abcd-ml,pasleep,scale,weekly,3,s012,41284804,60,out/abcd-ml_pasleep_scale_weekly_3_s012_41284804_60.pkl
3073,34.0,43.987217403425504,abcd-ml,pasleep,scale,weekly,3,s012,41284804,60,out/abcd-ml_pasleep_scale_weekly_3_s012_41284804_60.pkl
3074,43.0,47.74476531471094,abcd-ml,pasleep,scale,weekly,3,s012,41284804,60,out/abcd-ml_pasleep_scale_weekly_3_s012_41284804_60.pkl
3075,34.0,44.23626198316219,abcd-ml,pasleep,scale,weekly,3,s012,41284804,60,out/abcd-ml_pasleep_scale_weekly_3_s012_41284804_60.pkl
3076,43.0,47.21646677626369,abcd-ml,pasleep,scale,weekly,3,s012,41284804,60,out/abcd-ml_pasleep_scale_weekly_3_s012_41284804_60.pkl
3077,34.0,43.75181714969432,abcd-ml,pasleep,scale,weekly,3,s012,41284804,60,out/abcd-ml_pasleep_scale_weekly_3_s012_41284804_60.pkl
3078,43.0,46.934166011854444,abcd-ml,pasleep,scale,weekly,3,s012,41284804,60,out/abcd-ml_pasleep_scale_weekly_3_s012_41284804_60.pkl
3079,34.0,44.064203618014005,abcd-ml,pasleep,scale,weekly,3,s012,41284804,60,out/abcd-ml_pasleep_scale_weekly_3_s012_41284804_60.pkl
3080,43.0,47.688562872892945,abcd-ml,pasleep,scale,weekly,3,s012,41284804,60,out/abcd-ml_pasleep_scale_weekly_3_s012_41284804_60.pkl
3081,34.0,44.04739547208801,abcd-ml,pasleep,scale,weekly,3,s012,41284804,60,out/abcd-ml_pasleep_scale_weekly_3_s012_41284804_60.pkl
3082,43.0,47.55978803507581,abcd-ml,pasleep,scale,weekly,3,s012,41284804,60,out/abcd-ml_pasleep_scale_weekly_3_s012_41284804_60.pkl
3083,34.0,44.18925564073186,abcd-ml,pasleep,scale,weekly,3,s012,41284804,60,out/abcd-ml_pasleep_scale_weekly_3_s012_41284804_60.pkl
3084,60.0,47.29145513884298,abcd-ml,pasleep,scale,weekly,3,s012,41284804,60,out/abcd-ml_pasleep_scale_weekly_3_s012_41284804_60.pkl
3085,51.0,44.188723243077284,abcd-ml,pasleep,scale,weekly,3,s012,41284804,60,out/abcd-ml_pasleep_scale_weekly_3_s012_41284804_60.pkl
3086,60.0,47.208401237078945,abcd-ml,pasleep,scale,weekly,3,s012,41284804,60,out/abcd-ml_pasleep_scale_weekly_3_s012_41284804_60.pkl
3087,51.0,44.2804646249305,abcd-ml,pasleep,scale,weekly,3,s012,41284804,60,out/abcd-ml_pasleep_scale_weekly_3_s012_41284804_60.pkl
3088,60.0,47.31078546605693,abcd-ml,pasleep,scale,weekly,3,s012,41284804,60,out/abcd-ml_pasleep_scale_weekly_3_s012_41284804_60.pkl
3089,51.0,44.38210356313826,abcd-ml,pasleep,scale,weekly,3,s012,41284804,60,out/abcd-ml_pasleep_scale_weekly_3_s012_41284804_60.pkl
3090,60.0,47.20525554435149,abcd-ml,pasleep,scale,weekly,3,s012,41284804,60,out/abcd-ml_pasleep_scale_weekly_3_s012_41284804_60.pkl
3091,51.0,44.499837962076924,abcd-ml,pasleep,scale,weekly,3,s012,41284804,60,out/abcd-ml_pasleep_scale_weekly_3_s012_41284804_60.pkl
3092,60.0,47.179497989571836,abcd-ml,pasleep,scale,weekly,3,s012,41284804,60,out/abcd-ml_pasleep_scale_weekly_3_s012_41284804_60.pkl
3093,51.0,44.233596632280694,abcd-ml,pasleep,scale,weekly,3,s012,41284804,60,out/abcd-ml_pasleep_scale_weekly_3_s012_41284804_60.pkl
3094,60.0,47.05334306958172,abcd-ml,pasleep,scale,weekly,3,s012,41284804,60,out/abcd-ml_pasleep_scale_weekly_3_s012_41284804_60.pkl
3095,51.0,44.37425786170212,abcd-ml,pasleep,scale,weekly,3,s012,41284804,60,out/abcd-ml_pasleep_scale_weekly_3_s012_41284804_60.pkl
3096,43.0,48.52542041721527,abcd-ml,pasleep,scale,weekly,3,s012,41284804,60,out/abcd-ml_pasleep_scale_weekly_3_s012_41284804_60.pkl
3097,44.0,44.477923212462684,abcd-ml,pasleep,scale,weekly,3,s012,41284804,60,out/abcd-ml_pasleep_scale_weekly_3_s012_41284804_60.pkl
3098,43.0,48.19716634007845,abcd-ml,pasleep,scale,weekly,3,s012,41284804,60,out/abcd-ml_pasleep_scale_weekly_3_s012_41284804_60.pkl
3099,44.0,44.495203386809706,abcd-ml,pasleep,scale,weekly,3,s012,41284804,60,out/abcd-ml_pasleep_scale_weekly_3_s012_41284804_60.pkl
3100,43.0,48.00767896117944,abcd-ml,pasleep,scale,weekly,3,s012,41284804,60,out/abcd-ml_pasleep_scale_weekly_3_s012_41284804_60.pkl
3101,44.0,44.70579082997607,abcd-ml,pasleep,scale,weekly,3,s012,41284804,60,out/abcd-ml_pasleep_scale_weekly_3_s012_41284804_60.pkl
3102,80.0,48.61879789274872,abcd-ml,pasleep,scale,weekly,3,s012,41284804,60,out/abcd-ml_pasleep_scale_weekly_3_s012_41284804_60.pkl
3103,71.0,44.51107183531742,abcd-ml,pasleep,scale,weekly,3,s012,41284804,60,out/abcd-ml_pasleep_scale_weekly_3_s012_41284804_60.pkl
3104,80.0,48.52833039211003,abcd-ml,pasleep,scale,weekly,3,s012,41284804,60,out/abcd-ml_pasleep_scale_weekly_3_s012_41284804_60.pkl
3105,71.0,44.61163193855532,abcd-ml,pasleep,scale,weekly,3,s012,41284804,60,out/abcd-ml_pasleep_scale_weekly_3_s012_41284804_60.pkl
3106,80.0,48.58709704446997,abcd-ml,pasleep,scale,weekly,3,s012,41284804,60,out/abcd-ml_pasleep_scale_weekly_3_s012_41284804_60.pkl
3107,71.0,44.50065978330704,abcd-ml,pasleep,scale,weekly,3,s012,41284804,60,out/abcd-ml_pasleep_scale_weekly_3_s012_41284804_60.pkl
3108,80.0,48.526834988572716,abcd-ml,pasleep,scale,weekly,3,s012,41284804,60,out/abcd-ml_pasleep_scale_weekly_3_s012_41284804_60.pkl
3109,71.0,44.5676322013078,abcd-ml,pasleep,scale,weekly,3,s012,41284804,60,out/abcd-ml_pasleep_scale_weekly_3_s012_41284804_60.pkl
3110,80.0,48.72296920306738,abcd-ml,pasleep,scale,weekly,3,s012,41284804,60,out/abcd-ml_pasleep_scale_weekly_3_s012_41284804_60.pkl
3111,71.0,44.59085195437848,abcd-ml,pasleep,scale,weekly,3,s012,41284804,60,out/abcd-ml_pasleep_scale_weekly_3_s012_41284804_60.pkl
3112,80.0,48.69835852922678,abcd-ml,pasleep,scale,weekly,3,s012,41284804,60,out/abcd-ml_pasleep_scale_weekly_3_s012_41284804_60.pkl
3113,71.0,44.61820260168062,abcd-ml,pasleep,scale,weekly,3,s012,41284804,60,out/abcd-ml_pasleep_scale_weekly_3_s012_41284804_60.pkl
3114,33.0,48.75339586102926,abcd-ml,pasleep,scale,weekly,3,s012,41284804,60,out/abcd-ml_pasleep_scale_weekly_3_s012_41284804_60.pkl
3115,41.0,44.87043842375466,abcd-ml,pasleep,scale,weekly,3,s012,41284804,60,out/abcd-ml_pasleep_scale_weekly_3_s012_41284804_60.pkl
3116,33.0,47.7176743191567,abcd-ml,pasleep,scale,weekly,3,s012,41284804,60,out/abcd-ml_pasleep_scale_weekly_3_s012_41284804_60.pkl
3117,41.0,44.544025242871356,abcd-ml,pasleep,scale,weekly,3,s012,41284804,60,out/abcd-ml_pasleep_scale_weekly_3_s012_41284804_60.pkl
3118,33.0,48.89776207777088,abcd-ml,pasleep,scale,weekly,3,s012,41284804,60,out/abcd-ml_pasleep_scale_weekly_3_s012_41284804_60.pkl
3119,41.0,44.709992706819406,abcd-ml,pasleep,scale,weekly,3,s012,41284804,60,out/abcd-ml_pasleep_scale_weekly_3_s012_41284804_60.pkl
3120,33.0,48.11957984618444,abcd-ml,pasleep,scale,weekly,3,s012,41284804,60,out/abcd-ml_pasleep_scale_weekly_3_s012_41284804_60.pkl
3121,41.0,44.75351942781319,abcd-ml,pasleep,scale,weekly,3,s012,41284804,60,out/abcd-ml_pasleep_scale_weekly_3_s012_41284804_60.pkl
3122,33.0,48.29363578191479,abcd-ml,pasleep,scale,weekly,3,s012,41284804,60,out/abcd-ml_pasleep_scale_weekly_3_s012_41284804_60.pkl
3123,41.0,44.56006692925405,abcd-ml,pasleep,scale,weekly,3,s012,41284804,60,out/abcd-ml_pasleep_scale_weekly_3_s012_41284804_60.pkl
3124,33.0,47.950540580638865,abcd-ml,pasleep,scale,weekly,3,s012,41284804,60,out/abcd-ml_pasleep_scale_weekly_3_s012_41284804_60.pkl
3125,41.0,44.28765986425218,abcd-ml,pasleep,scale,weekly,3,s012,41284804,60,out/abcd-ml_pasleep_scale_weekly_3_s012_41284804_60.pkl
3126,68.0,48.50917123515573,abcd-ml,pasleep,scale,weekly,3,s012,41284804,60,out/abcd-ml_pasleep_scale_weekly_3_s012_41284804_60.pkl
3127,58.0,44.36317959231776,abcd-ml,pasleep,scale,weekly,3,s012,41284804,60,out/abcd-ml_pasleep_scale_weekly_3_s012_41284804_60.pkl
3128,68.0,48.34560811310999,abcd-ml,pasleep,scale,weekly,3,s012,41284804,60,out/abcd-ml_pasleep_scale_weekly_3_s012_41284804_60.pkl
3129,58.0,44.54381707598543,abcd-ml,pasleep,scale,weekly,3,s012,41284804,60,out/abcd-ml_pasleep_scale_weekly_3_s012_41284804_60.pkl
3130,68.0,48.80078327681809,abcd-ml,pasleep,scale,weekly,3,s012,41284804,60,out/abcd-ml_pasleep_scale_weekly_3_s012_41284804_60.pkl
3131,58.0,44.338733437763246,abcd-ml,pasleep,scale,weekly,3,s012,41284804,60,out/abcd-ml_pasleep_scale_weekly_3_s012_41284804_60.pkl
3132,68.0,48.61446805693049,abcd-ml,pasleep,scale,weekly,3,s012,41284804,60,out/abcd-ml_pasleep_scale_weekly_3_s012_41284804_60.pkl
3133,58.0,44.5445980488511,abcd-ml,pasleep,scale,weekly,3,s012,41284804,60,out/abcd-ml_pasleep_scale_weekly_3_s012_41284804_60.pkl
3134,68.0,48.25631272603573,abcd-ml,pasleep,scale,weekly,3,s012,41284804,60,out/abcd-ml_pasleep_scale_weekly_3_s012_41284804_60.pkl
3135,58.0,44.167473120822855,abcd-ml,pasleep,scale,weekly,3,s012,41284804,60,out/abcd-ml_pasleep_scale_weekly_3_s012_41284804_60.pkl
3136,68.0,48.008820589811364,abcd-ml,pasleep,scale,weekly,3,s012,41284804,60,out/abcd-ml_pasleep_scale_weekly_3_s012_41284804_60.pkl
3137,58.0,44.441225515010274,abcd-ml,pasleep,scale,weekly,3,s012,41284804,60,out/abcd-ml_pasleep_scale_weekly_3_s012_41284804_60.pkl
3138,34.0,46.97360967764238,abcd-ml,pasleep,scale,weekly,3,s012,41284804,60,out/abcd-ml_pasleep_scale_weekly_3_s012_41284804_60.pkl
3139,34.0,43.994681842907355,abcd-ml,pasleep,scale,weekly,3,s012,41284804,60,out/abcd-ml_pasleep_scale_weekly_3_s012_41284804_60.pkl
3140,34.0,46.80143048140192,abcd-ml,pasleep,scale,weekly,3,s012,41284804,60,out/abcd-ml_pasleep_scale_weekly_3_s012_41284804_60.pkl
3141,34.0,44.1850363036654,abcd-ml,pasleep,scale,weekly,3,s012,41284804,60,out/abcd-ml_pasleep_scale_weekly_3_s012_41284804_60.pkl
3142,34.0,48.07584530930511,abcd-ml,pasleep,scale,weekly,3,s012,41284804,60,out/abcd-ml_pasleep_scale_weekly_3_s012_41284804_60.pkl
3143,34.0,43.93894015539275,abcd-ml,pasleep,scale,weekly,3,s012,41284804,60,out/abcd-ml_pasleep_scale_weekly_3_s012_41284804_60.pkl
3144,34.0,47.76813525753428,abcd-ml,pasleep,scale,weekly,3,s012,41284804,60,out/abcd-ml_pasleep_scale_weekly_3_s012_41284804_60.pkl
3145,34.0,44.27975548931809,abcd-ml,pasleep,scale,weekly,3,s012,41284804,60,out/abcd-ml_pasleep_scale_weekly_3_s012_41284804_60.pkl
3146,34.0,47.4125215811491,abcd-ml,pasleep,scale,weekly,3,s012,41284804,60,out/abcd-ml_pasleep_scale_weekly_3_s012_41284804_60.pkl
3147,34.0,44.21130941850629,abcd-ml,pasleep,scale,weekly,3,s012,41284804,60,out/abcd-ml_pasleep_scale_weekly_3_s012_41284804_60.pkl
3148,34.0,47.399181842049344,abcd-ml,pasleep,scale,weekly,3,s012,41284804,60,out/abcd-ml_pasleep_scale_weekly_3_s012_41284804_60.pkl
3149,34.0,44.22520621210506,abcd-ml,pasleep,scale,weekly,3,s012,41284804,60,out/abcd-ml_pasleep_scale_weekly_3_s012_41284804_60.pkl
3150,46.0,48.379590747677526,abcd-ml,pasleep,scale,weekly,3,s012,41284804,60,out/abcd-ml_pasleep_scale_weekly_3_s012_41284804_60.pkl
3151,41.0,44.27235217743281,abcd-ml,pasleep,scale,weekly,3,s012,41284804,60,out/abcd-ml_pasleep_scale_weekly_3_s012_41284804_60.pkl
3152,46.0,48.20467112983023,abcd-ml,pasleep,scale,weekly,3,s012,41284804,60,out/abcd-ml_pasleep_scale_weekly_3_s012_41284804_60.pkl
3153,41.0,44.46565386336496,abcd-ml,pasleep,scale,weekly,3,s012,41284804,60,out/abcd-ml_pasleep_scale_weekly_3_s012_41284804_60.pkl
3154,46.0,48.22672411879693,abcd-ml,pasleep,scale,weekly,3,s012,41284804,60,out/abcd-ml_pasleep_scale_weekly_3_s012_41284804_60.pkl
3155,41.0,44.48594451213721,abcd-ml,pasleep,scale,weekly,3,s012,41284804,60,out/abcd-ml_pasleep_scale_weekly_3_s012_41284804_60.pkl
3156,46.0,48.25466662274538,abcd-ml,pasleep,scale,weekly,3,s012,41284804,60,out/abcd-ml_pasleep_scale_weekly_3_s012_41284804_60.pkl
3157,41.0,44.45395014070103,abcd-ml,pasleep,scale,weekly,3,s012,41284804,60,out/abcd-ml_pasleep_scale_weekly_3_s012_41284804_60.pkl
3158,46.0,48.95865136524738,abcd-ml,pasleep,scale,weekly,3,s012,41284804,60,out/abcd-ml_pasleep_scale_weekly_3_s012_41284804_60.pkl
3159,41.0,44.638441363864445,abcd-ml,pasleep,scale,weekly,3,s012,41284804,60,out/abcd-ml_pasleep_scale_weekly_3_s012_41284804_60.pkl
3160,46.0,48.126290981748966,abcd-ml,pasleep,scale,weekly,3,s012,41284804,60,out/abcd-ml_pasleep_scale_weekly_3_s012_41284804_60.pkl
3161,41.0,44.09116749973829,abcd-ml,pasleep,scale,weekly,3,s012,41284804,60,out/abcd-ml_pasleep_scale_weekly_3_s012_41284804_60.pkl
3162,54.0,47.86614490242148,abcd-ml,pasleep,scale,weekly,3,s012,41284804,60,out/abcd-ml_pasleep_scale_weekly_3_s012_41284804_60.pkl
3163,34.0,44.5520818024632,abcd-ml,pasleep,scale,weekly,3,s012,41284804,60,out/abcd-ml_pasleep_scale_weekly_3_s012_41284804_60.pkl
3164,54.0,47.93843722802117,abcd-ml,pasleep,scale,weekly,3,s012,41284804,60,out/abcd-ml_pasleep_scale_weekly_3_s012_41284804_60.pkl
3165,34.0,44.47180501963322,abcd-ml,pasleep,scale,weekly,3,s012,41284804,60,out/abcd-ml_pasleep_scale_weekly_3_s012_41284804_60.pkl
3166,54.0,48.12910136337487,abcd-ml,pasleep,scale,weekly,3,s012,41284804,60,out/abcd-ml_pasleep_scale_weekly_3_s012_41284804_60.pkl
3167,34.0,44.45825361532089,abcd-ml,pasleep,scale,weekly,3,s012,41284804,60,out/abcd-ml_pasleep_scale_weekly_3_s012_41284804_60.pkl
3168,54.0,47.99516443936983,abcd-ml,pasleep,scale,weekly,3,s012,41284804,60,out/abcd-ml_pasleep_scale_weekly_3_s012_41284804_60.pkl
3169,34.0,44.60701934910284,abcd-ml,pasleep,scale,weekly,3,s012,41284804,60,out/abcd-ml_pasleep_scale_weekly_3_s012_41284804_60.pkl
3170,50.0,48.13213557930669,abcd-ml,pasleep,scale,weekly,3,s012,41284804,60,out/abcd-ml_pasleep_scale_weekly_3_s012_41284804_60.pkl
3171,44.0,44.38078527352526,abcd-ml,pasleep,scale,weekly,3,s012,41284804,60,out/abcd-ml_pasleep_scale_weekly_3_s012_41284804_60.pkl
3172,50.0,48.10924965526756,abcd-ml,pasleep,scale,weekly,3,s012,41284804,60,out/abcd-ml_pasleep_scale_weekly_3_s012_41284804_60.pkl
3173,44.0,44.406313467374034,abcd-ml,pasleep,scale,weekly,3,s012,41284804,60,out/abcd-ml_pasleep_scale_weekly_3_s012_41284804_60.pkl
3174,50.0,48.50536905502919,abcd-ml,pasleep,scale,weekly,3,s012,41284804,60,out/abcd-ml_pasleep_scale_weekly_3_s012_41284804_60.pkl
3175,44.0,44.47444143817502,abcd-ml,pasleep,scale,weekly,3,s012,41284804,60,out/abcd-ml_pasleep_scale_weekly_3_s012_41284804_60.pkl
3176,50.0,48.44459448497355,abcd-ml,pasleep,scale,weekly,3,s012,41284804,60,out/abcd-ml_pasleep_scale_weekly_3_s012_41284804_60.pkl
3177,44.0,44.54200320300266,abcd-ml,pasleep,scale,weekly,3,s012,41284804,60,out/abcd-ml_pasleep_scale_weekly_3_s012_41284804_60.pkl
3178,50.0,48.13058519147136,abcd-ml,pasleep,scale,weekly,3,s012,41284804,60,out/abcd-ml_pasleep_scale_weekly_3_s012_41284804_60.pkl
3179,44.0,44.469998889009354,abcd-ml,pasleep,scale,weekly,3,s012,41284804,60,out/abcd-ml_pasleep_scale_weekly_3_s012_41284804_60.pkl
3180,50.0,48.114927069865814,abcd-ml,pasleep,scale,weekly,3,s012,41284804,60,out/abcd-ml_pasleep_scale_weekly_3_s012_41284804_60.pkl
3181,44.0,44.48735689629904,abcd-ml,pasleep,scale,weekly,3,s012,41284804,60,out/abcd-ml_pasleep_scale_weekly_3_s012_41284804_60.pkl
3182,39.0,47.98690986397116,abcd-ml,pasleep,scale,weekly,3,s012,41284804,60,out/abcd-ml_pasleep_scale_weekly_3_s012_41284804_60.pkl
3183,34.0,44.158091178613375,abcd-ml,pasleep,scale,weekly,3,s012,41284804,60,out/abcd-ml_pasleep_scale_weekly_3_s012_41284804_60.pkl
3184,39.0,47.83844429172723,abcd-ml,pasleep,scale,weekly,3,s012,41284804,60,out/abcd-ml_pasleep_scale_weekly_3_s012_41284804_60.pkl
3185,34.0,44.322256567735295,abcd-ml,pasleep,scale,weekly,3,s012,41284804,60,out/abcd-ml_pasleep_scale_weekly_3_s012_41284804_60.pkl
3186,39.0,48.021598941807696,abcd-ml,pasleep,scale,weekly,3,s012,41284804,60,out/abcd-ml_pasleep_scale_weekly_3_s012_41284804_60.pkl
3187,34.0,44.16625900799748,abcd-ml,pasleep,scale,weekly,3,s012,41284804,60,out/abcd-ml_pasleep_scale_weekly_3_s012_41284804_60.pkl
3188,39.0,47.897436871876536,abcd-ml,pasleep,scale,weekly,3,s012,41284804,60,out/abcd-ml_pasleep_scale_weekly_3_s012_41284804_60.pkl
3189,34.0,44.30339787102169,abcd-ml,pasleep,scale,weekly,3,s012,41284804,60,out/abcd-ml_pasleep_scale_weekly_3_s012_41284804_60.pkl
3190,39.0,48.5514480654376,abcd-ml,pasleep,scale,weekly,3,s012,41284804,60,out/abcd-ml_pasleep_scale_weekly_3_s012_41284804_60.pkl
3191,34.0,43.87489801629842,abcd-ml,pasleep,scale,weekly,3,s012,41284804,60,out/abcd-ml_pasleep_scale_weekly_3_s012_41284804_60.pkl
3192,39.0,48.10107028328129,abcd-ml,pasleep,scale,weekly,3,s012,41284804,60,out/abcd-ml_pasleep_scale_weekly_3_s012_41284804_60.pkl
3193,34.0,44.37423966453055,abcd-ml,pasleep,scale,weekly,3,s012,41284804,60,out/abcd-ml_pasleep_scale_weekly_3_s012_41284804_60.pkl
3194,65.0,48.57707068125016,abcd-ml,pasleep,scale,weekly,3,s012,41284804,60,out/abcd-ml_pasleep_scale_weekly_3_s012_41284804_60.pkl
3195,58.0,44.76256325638457,abcd-ml,pasleep,scale,weekly,3,s012,41284804,60,out/abcd-ml_pasleep_scale_weekly_3_s012_41284804_60.pkl
3196,65.0,48.72460196831868,abcd-ml,pasleep,scale,weekly,3,s012,41284804,60,out/abcd-ml_pasleep_scale_weekly_3_s012_41284804_60.pkl
3197,58.0,44.59977756929767,abcd-ml,pasleep,scale,weekly,3,s012,41284804,60,out/abcd-ml_pasleep_scale_weekly_3_s012_41284804_60.pkl
3198,41.0,47.23648166800463,abcd-ml,pasleep,scale,weekly,3,s012,41284804,60,out/abcd-ml_pasleep_scale_weekly_3_s012_41284804_60.pkl
3199,33.0,44.11494919240006,abcd-ml,pasleep,scale,weekly,3,s012,41284804,60,out/abcd-ml_pasleep_scale_weekly_3_s012_41284804_60.pkl
3200,41.0,47.31683312616319,abcd-ml,pasleep,scale,weekly,3,s012,41284804,60,out/abcd-ml_pasleep_scale_weekly_3_s012_41284804_60.pkl
3201,33.0,44.34312666178833,abcd-ml,pasleep,scale,weekly,3,s012,41284804,60,out/abcd-ml_pasleep_scale_weekly_3_s012_41284804_60.pkl
3202,41.0,47.272243885159476,abcd-ml,pasleep,scale,weekly,3,s012,41284804,60,out/abcd-ml_pasleep_scale_weekly_3_s012_41284804_60.pkl
3203,33.0,44.39212010469238,abcd-ml,pasleep,scale,weekly,3,s012,41284804,60,out/abcd-ml_pasleep_scale_weekly_3_s012_41284804_60.pkl
3204,41.0,47.36088252420055,abcd-ml,pasleep,scale,weekly,3,s012,41284804,60,out/abcd-ml_pasleep_scale_weekly_3_s012_41284804_60.pkl
3205,33.0,44.19583161097843,abcd-ml,pasleep,scale,weekly,3,s012,41284804,60,out/abcd-ml_pasleep_scale_weekly_3_s012_41284804_60.pkl
3206,41.0,47.308383615240636,abcd-ml,pasleep,scale,weekly,3,s012,41284804,60,out/abcd-ml_pasleep_scale_weekly_3_s012_41284804_60.pkl
3207,33.0,44.253567723044554,abcd-ml,pasleep,scale,weekly,3,s012,41284804,60,out/abcd-ml_pasleep_scale_weekly_3_s012_41284804_60.pkl
3208,48.0,47.56785236718353,abcd-ml,pasleep,scale,weekly,3,s012,41284804,60,out/abcd-ml_pasleep_scale_weekly_3_s012_41284804_60.pkl
3209,54.0,44.149388135277114,abcd-ml,pasleep,scale,weekly,3,s012,41284804,60,out/abcd-ml_pasleep_scale_weekly_3_s012_41284804_60.pkl
3210,48.0,47.49810071234265,abcd-ml,pasleep,scale,weekly,3,s012,41284804,60,out/abcd-ml_pasleep_scale_weekly_3_s012_41284804_60.pkl
3211,54.0,44.22654863922182,abcd-ml,pasleep,scale,weekly,3,s012,41284804,60,out/abcd-ml_pasleep_scale_weekly_3_s012_41284804_60.pkl
3212,48.0,47.54471563257524,abcd-ml,pasleep,scale,weekly,3,s012,41284804,60,out/abcd-ml_pasleep_scale_weekly_3_s012_41284804_60.pkl
3213,54.0,44.29235138530615,abcd-ml,pasleep,scale,weekly,3,s012,41284804,60,out/abcd-ml_pasleep_scale_weekly_3_s012_41284804_60.pkl
3214,48.0,47.6450632330308,abcd-ml,pasleep,scale,weekly,3,s012,41284804,60,out/abcd-ml_pasleep_scale_weekly_3_s012_41284804_60.pkl
3215,54.0,44.18126064091405,abcd-ml,pasleep,scale,weekly,3,s012,41284804,60,out/abcd-ml_pasleep_scale_weekly_3_s012_41284804_60.pkl
3216,48.0,47.19376358914969,abcd-ml,pasleep,scale,weekly,3,s012,41284804,60,out/abcd-ml_pasleep_scale_weekly_3_s012_41284804_60.pkl
3217,54.0,44.00005440358333,abcd-ml,pasleep,scale,weekly,3,s012,41284804,60,out/abcd-ml_pasleep_scale_weekly_3_s012_41284804_60.pkl
3218,48.0,47.2158929910044,abcd-ml,pasleep,scale,weekly,3,s012,41284804,60,out/abcd-ml_pasleep_scale_weekly_3_s012_41284804_60.pkl
3219,54.0,43.97586455075083,abcd-ml,pasleep,scale,weekly,3,s012,41284804,60,out/abcd-ml_pasleep_scale_weekly_3_s012_41284804_60.pkl
3220,48.0,47.884169937753036,abcd-ml,pasleep,scale,weekly,3,s012,41284804,60,out/abcd-ml_pasleep_scale_weekly_3_s012_41284804_60.pkl
3221,54.0,44.35938967310361,abcd-ml,pasleep,scale,weekly,3,s012,41284804,60,out/abcd-ml_pasleep_scale_weekly_3_s012_41284804_60.pkl
3222,48.0,47.39129204965457,abcd-ml,pasleep,scale,weekly,3,s012,41284804,60,out/abcd-ml_pasleep_scale_weekly_3_s012_41284804_60.pkl
3223,53.0,43.960982021727716,abcd-ml,pasleep,scale,weekly,3,s012,41284804,60,out/abcd-ml_pasleep_scale_weekly_3_s012_41284804_60.pkl
3224,48.0,47.21546370013499,abcd-ml,pasleep,scale,weekly,3,s012,41284804,60,out/abcd-ml_pasleep_scale_weekly_3_s012_41284804_60.pkl
3225,53.0,44.15540072361565,abcd-ml,pasleep,scale,weekly,3,s012,41284804,60,out/abcd-ml_pasleep_scale_weekly_3_s012_41284804_60.pkl
3226,48.0,47.38497963224009,abcd-ml,pasleep,scale,weekly,3,s012,41284804,60,out/abcd-ml_pasleep_scale_weekly_3_s012_41284804_60.pkl
3227,53.0,43.98520582883014,abcd-ml,pasleep,scale,weekly,3,s012,41284804,60,out/abcd-ml_pasleep_scale_weekly_3_s012_41284804_60.pkl
3228,48.0,47.31580393348695,abcd-ml,pasleep,scale,weekly,3,s012,41284804,60,out/abcd-ml_pasleep_scale_weekly_3_s012_41284804_60.pkl
3229,53.0,44.07614897221197,abcd-ml,pasleep,scale,weekly,3,s012,41284804,60,out/abcd-ml_pasleep_scale_weekly_3_s012_41284804_60.pkl
3230,40.0,47.83695234418017,abcd-ml,pasleep,scale,weekly,3,s012,41284804,60,out/abcd-ml_pasleep_scale_weekly_3_s012_41284804_60.pkl
3231,40.0,44.625708689847336,abcd-ml,pasleep,scale,weekly,3,s012,41284804,60,out/abcd-ml_pasleep_scale_weekly_3_s012_41284804_60.pkl
3232,40.0,47.95650614149984,abcd-ml,pasleep,scale,weekly,3,s012,41284804,60,out/abcd-ml_pasleep_scale_weekly_3_s012_41284804_60.pkl
3233,40.0,44.49368747350029,abcd-ml,pasleep,scale,weekly,3,s012,41284804,60,out/abcd-ml_pasleep_scale_weekly_3_s012_41284804_60.pkl
3234,40.0,47.65251584926484,abcd-ml,pasleep,scale,weekly,3,s012,41284804,60,out/abcd-ml_pasleep_scale_weekly_3_s012_41284804_60.pkl
3235,40.0,44.335453063842095,abcd-ml,pasleep,scale,weekly,3,s012,41284804,60,out/abcd-ml_pasleep_scale_weekly_3_s012_41284804_60.pkl
3236,40.0,47.67458555593035,abcd-ml,pasleep,scale,weekly,3,s012,41284804,60,out/abcd-ml_pasleep_scale_weekly_3_s012_41284804_60.pkl
3237,40.0,44.31163904294917,abcd-ml,pasleep,scale,weekly,3,s012,41284804,60,out/abcd-ml_pasleep_scale_weekly_3_s012_41284804_60.pkl
3238,40.0,47.325089335538266,abcd-ml,pasleep,scale,weekly,3,s012,41284804,60,out/abcd-ml_pasleep_scale_weekly_3_s012_41284804_60.pkl
3239,40.0,44.525524132924886,abcd-ml,pasleep,scale,weekly,3,s012,41284804,60,out/abcd-ml_pasleep_scale_weekly_3_s012_41284804_60.pkl
3240,40.0,47.52051605100267,abcd-ml,pasleep,scale,weekly,3,s012,41284804,60,out/abcd-ml_pasleep_scale_weekly_3_s012_41284804_60.pkl
3241,40.0,44.30917585072895,abcd-ml,pasleep,scale,weekly,3,s012,41284804,60,out/abcd-ml_pasleep_scale_weekly_3_s012_41284804_60.pkl
3242,34.0,47.24862412871058,abcd-ml,pasleep,scale,weekly,3,s012,41284804,60,out/abcd-ml_pasleep_scale_weekly_3_s012_41284804_60.pkl
3243,43.0,43.89367377225197,abcd-ml,pasleep,scale,weekly,3,s012,41284804,60,out/abcd-ml_pasleep_scale_weekly_3_s012_41284804_60.pkl
3244,34.0,47.01275780724548,abcd-ml,pasleep,scale,weekly,3,s012,41284804,60,out/abcd-ml_pasleep_scale_weekly_3_s012_41284804_60.pkl
3245,43.0,44.15455412940351,abcd-ml,pasleep,scale,weekly,3,s012,41284804,60,out/abcd-ml_pasleep_scale_weekly_3_s012_41284804_60.pkl
3246,34.0,47.24911963817923,abcd-ml,pasleep,scale,weekly,3,s012,41284804,60,out/abcd-ml_pasleep_scale_weekly_3_s012_41284804_60.pkl
3247,43.0,43.65904057378812,abcd-ml,pasleep,scale,weekly,3,s012,41284804,60,out/abcd-ml_pasleep_scale_weekly_3_s012_41284804_60.pkl
3248,34.0,46.951966335200325,abcd-ml,pasleep,scale,weekly,3,s012,41284804,60,out/abcd-ml_pasleep_scale_weekly_3_s012_41284804_60.pkl
3249,43.0,43.98793193332091,abcd-ml,pasleep,scale,weekly,3,s012,41284804,60,out/abcd-ml_pasleep_scale_weekly_3_s012_41284804_60.pkl
3250,34.0,46.85356047242057,abcd-ml,pasleep,scale,weekly,3,s012,41284804,60,out/abcd-ml_pasleep_scale_weekly_3_s012_41284804_60.pkl
3251,43.0,44.106581068218404,abcd-ml,pasleep,scale,weekly,3,s012,41284804,60,out/abcd-ml_pasleep_scale_weekly_3_s012_41284804_60.pkl
3252,34.0,46.89901838991249,abcd-ml,pasleep,scale,weekly,3,s012,41284804,60,out/abcd-ml_pasleep_scale_weekly_3_s012_41284804_60.pkl
3253,43.0,44.05723352042236,abcd-ml,pasleep,scale,weekly,3,s012,41284804,60,out/abcd-ml_pasleep_scale_weekly_3_s012_41284804_60.pkl
3254,55.0,48.02998247859549,abcd-ml,pasleep,scale,weekly,3,s012,41284804,60,out/abcd-ml_pasleep_scale_weekly_3_s012_41284804_60.pkl
3255,43.0,44.290102502852214,abcd-ml,pasleep,scale,weekly,3,s012,41284804,60,out/abcd-ml_pasleep_scale_weekly_3_s012_41284804_60.pkl
3256,55.0,47.95356341417038,abcd-ml,pasleep,scale,weekly,3,s012,41284804,60,out/abcd-ml_pasleep_scale_weekly_3_s012_41284804_60.pkl
3257,43.0,44.37446354845168,abcd-ml,pasleep,scale,weekly,3,s012,41284804,60,out/abcd-ml_pasleep_scale_weekly_3_s012_41284804_60.pkl
3258,55.0,47.877189397791064,abcd-ml,pasleep,scale,weekly,3,s012,41284804,60,out/abcd-ml_pasleep_scale_weekly_3_s012_41284804_60.pkl
3259,43.0,44.37706219642945,abcd-ml,pasleep,scale,weekly,3,s012,41284804,60,out/abcd-ml_pasleep_scale_weekly_3_s012_41284804_60.pkl
3260,55.0,47.78717882199822,abcd-ml,pasleep,scale,weekly,3,s012,41284804,60,out/abcd-ml_pasleep_scale_weekly_3_s012_41284804_60.pkl
3261,43.0,44.477566997480466,abcd-ml,pasleep,scale,weekly,3,s012,41284804,60,out/abcd-ml_pasleep_scale_weekly_3_s012_41284804_60.pkl
3262,55.0,47.93237648504099,abcd-ml,pasleep,scale,weekly,3,s012,41284804,60,out/abcd-ml_pasleep_scale_weekly_3_s012_41284804_60.pkl
3263,43.0,44.432105292005076,abcd-ml,pasleep,scale,weekly,3,s012,41284804,60,out/abcd-ml_pasleep_scale_weekly_3_s012_41284804_60.pkl
3264,55.0,47.938932874070005,abcd-ml,pasleep,scale,weekly,3,s012,41284804,60,out/abcd-ml_pasleep_scale_weekly_3_s012_41284804_60.pkl
3265,43.0,44.42541836304368,abcd-ml,pasleep,scale,weekly,3,s012,41284804,60,out/abcd-ml_pasleep_scale_weekly_3_s012_41284804_60.pkl
3266,68.0,47.44434501737196,abcd-ml,pasleep,scale,weekly,3,s012,41284804,60,out/abcd-ml_pasleep_scale_weekly_3_s012_41284804_60.pkl
3267,68.0,44.2556380875665,abcd-ml,pasleep,scale,weekly,3,s012,41284804,60,out/abcd-ml_pasleep_scale_weekly_3_s012_41284804_60.pkl
3268,68.0,47.43790991788699,abcd-ml,pasleep,scale,weekly,3,s012,41284804,60,out/abcd-ml_pasleep_scale_weekly_3_s012_41284804_60.pkl
3269,68.0,44.26322709021319,abcd-ml,pasleep,scale,weekly,3,s012,41284804,60,out/abcd-ml_pasleep_scale_weekly_3_s012_41284804_60.pkl
3270,68.0,47.80478478396144,abcd-ml,pasleep,scale,weekly,3,s012,41284804,60,out/abcd-ml_pasleep_scale_weekly_3_s012_41284804_60.pkl
3271,68.0,44.637564555271695,abcd-ml,pasleep,scale,weekly,3,s012,41284804,60,out/abcd-ml_pasleep_scale_weekly_3_s012_41284804_60.pkl
3272,68.0,47.93909790394165,abcd-ml,pasleep,scale,weekly,3,s012,41284804,60,out/abcd-ml_pasleep_scale_weekly_3_s012_41284804_60.pkl
3273,68.0,44.48882786700537,abcd-ml,pasleep,scale,weekly,3,s012,41284804,60,out/abcd-ml_pasleep_scale_weekly_3_s012_41284804_60.pkl
3274,68.0,47.462958762579014,abcd-ml,pasleep,scale,weekly,3,s012,41284804,60,out/abcd-ml_pasleep_scale_weekly_3_s012_41284804_60.pkl
3275,68.0,44.412626392904855,abcd-ml,pasleep,scale,weekly,3,s012,41284804,60,out/abcd-ml_pasleep_scale_weekly_3_s012_41284804_60.pkl
3276,68.0,47.516575592652224,abcd-ml,pasleep,scale,weekly,3,s012,41284804,60,out/abcd-ml_pasleep_scale_weekly_3_s012_41284804_60.pkl
3277,68.0,44.35346570759653,abcd-ml,pasleep,scale,weekly,3,s012,41284804,60,out/abcd-ml_pasleep_scale_weekly_3_s012_41284804_60.pkl
3278,39.0,48.140119294418724,abcd-ml,pasleep,scale,weekly,3,s012,41284804,60,out/abcd-ml_pasleep_scale_weekly_3_s012_41284804_60.pkl
3279,49.0,44.44898058167906,abcd-ml,pasleep,scale,weekly,3,s012,41284804,60,out/abcd-ml_pasleep_scale_weekly_3_s012_41284804_60.pkl
3280,39.0,48.50164818406896,abcd-ml,pasleep,scale,weekly,3,s012,41284804,60,out/abcd-ml_pasleep_scale_weekly_3_s012_41284804_60.pkl
3281,49.0,44.49488240159872,abcd-ml,pasleep,scale,weekly,3,s012,41284804,60,out/abcd-ml_pasleep_scale_weekly_3_s012_41284804_60.pkl
3282,39.0,48.03967680486658,abcd-ml,pasleep,scale,weekly,3,s012,41284804,60,out/abcd-ml_pasleep_scale_weekly_3_s012_41284804_60.pkl
3283,49.0,44.604936318685176,abcd-ml,pasleep,scale,weekly,3,s012,41284804,60,out/abcd-ml_pasleep_scale_weekly_3_s012_41284804_60.pkl
3284,39.0,48.14476447651465,abcd-ml,pasleep,scale,weekly,3,s012,41284804,60,out/abcd-ml_pasleep_scale_weekly_3_s012_41284804_60.pkl
3285,49.0,44.48817463047266,abcd-ml,pasleep,scale,weekly,3,s012,41284804,60,out/abcd-ml_pasleep_scale_weekly_3_s012_41284804_60.pkl
3286,69.0,47.42044787413707,abcd-ml,pasleep,scale,weekly,3,s012,41284804,60,out/abcd-ml_pasleep_scale_weekly_3_s012_41284804_60.pkl
3287,72.0,43.95624636978198,abcd-ml,pasleep,scale,weekly,3,s012,41284804,60,out/abcd-ml_pasleep_scale_weekly_3_s012_41284804_60.pkl
3288,69.0,47.22230329583207,abcd-ml,pasleep,scale,weekly,3,s012,41284804,60,out/abcd-ml_pasleep_scale_weekly_3_s012_41284804_60.pkl
3289,72.0,44.175197226730376,abcd-ml,pasleep,scale,weekly,3,s012,41284804,60,out/abcd-ml_pasleep_scale_weekly_3_s012_41284804_60.pkl
3290,69.0,47.54673565064496,abcd-ml,pasleep,scale,weekly,3,s012,41284804,60,out/abcd-ml_pasleep_scale_weekly_3_s012_41284804_60.pkl
3291,72.0,43.61847108691569,abcd-ml,pasleep,scale,weekly,3,s012,41284804,60,out/abcd-ml_pasleep_scale_weekly_3_s012_41284804_60.pkl
3292,69.0,47.20379961220728,abcd-ml,pasleep,scale,weekly,3,s012,41284804,60,out/abcd-ml_pasleep_scale_weekly_3_s012_41284804_60.pkl
3293,72.0,43.998164967956384,abcd-ml,pasleep,scale,weekly,3,s012,41284804,60,out/abcd-ml_pasleep_scale_weekly_3_s012_41284804_60.pkl
3294,69.0,47.51798023755069,abcd-ml,pasleep,scale,weekly,3,s012,41284804,60,out/abcd-ml_pasleep_scale_weekly_3_s012_41284804_60.pkl
3295,72.0,43.82044842107685,abcd-ml,pasleep,scale,weekly,3,s012,41284804,60,out/abcd-ml_pasleep_scale_weekly_3_s012_41284804_60.pkl
3296,69.0,47.31002892272215,abcd-ml,pasleep,scale,weekly,3,s012,41284804,60,out/abcd-ml_pasleep_scale_weekly_3_s012_41284804_60.pkl
3297,72.0,44.05020530122806,abcd-ml,pasleep,scale,weekly,3,s012,41284804,60,out/abcd-ml_pasleep_scale_weekly_3_s012_41284804_60.pkl
3298,46.0,47.74631610953113,abcd-ml,pasleep,scale,weekly,3,s012,41284804,60,out/abcd-ml_pasleep_scale_weekly_3_s012_41284804_60.pkl
3299,41.0,44.101589932865494,abcd-ml,pasleep,scale,weekly,3,s012,41284804,60,out/abcd-ml_pasleep_scale_weekly_3_s012_41284804_60.pkl
3300,46.0,47.91150832807071,abcd-ml,pasleep,scale,weekly,3,s012,41284804,60,out/abcd-ml_pasleep_scale_weekly_3_s012_41284804_60.pkl
3301,41.0,44.27517559458769,abcd-ml,pasleep,scale,weekly,3,s012,41284804,60,out/abcd-ml_pasleep_scale_weekly_3_s012_41284804_60.pkl
3302,46.0,47.855044558913896,abcd-ml,pasleep,scale,weekly,3,s012,41284804,60,out/abcd-ml_pasleep_scale_weekly_3_s012_41284804_60.pkl
3303,41.0,44.33727377883906,abcd-ml,pasleep,scale,weekly,3,s012,41284804,60,out/abcd-ml_pasleep_scale_weekly_3_s012_41284804_60.pkl
3304,46.0,47.21712888523079,abcd-ml,pasleep,scale,weekly,3,s012,41284804,60,out/abcd-ml_pasleep_scale_weekly_3_s012_41284804_60.pkl
3305,41.0,44.316636746455146,abcd-ml,pasleep,scale,weekly,3,s012,41284804,60,out/abcd-ml_pasleep_scale_weekly_3_s012_41284804_60.pkl
3306,46.0,47.19243381427277,abcd-ml,pasleep,scale,weekly,3,s012,41284804,60,out/abcd-ml_pasleep_scale_weekly_3_s012_41284804_60.pkl
3307,41.0,44.3434137693871,abcd-ml,pasleep,scale,weekly,3,s012,41284804,60,out/abcd-ml_pasleep_scale_weekly_3_s012_41284804_60.pkl
3308,43.0,48.3538405167539,abcd-ml,pasleep,scale,weekly,3,s012,41284804,60,out/abcd-ml_pasleep_scale_weekly_3_s012_41284804_60.pkl
3309,46.0,44.92964054061363,abcd-ml,pasleep,scale,weekly,3,s012,41284804,60,out/abcd-ml_pasleep_scale_weekly_3_s012_41284804_60.pkl
3310,43.0,48.57487378573114,abcd-ml,pasleep,scale,weekly,3,s012,41284804,60,out/abcd-ml_pasleep_scale_weekly_3_s012_41284804_60.pkl
3311,46.0,44.68433119854885,abcd-ml,pasleep,scale,weekly,3,s012,41284804,60,out/abcd-ml_pasleep_scale_weekly_3_s012_41284804_60.pkl
3312,46.0,48.47420676704002,abcd-ml,pasleep,scale,weekly,3,s012,41284804,60,out/abcd-ml_pasleep_scale_weekly_3_s012_41284804_60.pkl
3313,41.0,44.83935099399879,abcd-ml,pasleep,scale,weekly,3,s012,41284804,60,out/abcd-ml_pasleep_scale_weekly_3_s012_41284804_60.pkl
3314,46.0,48.66718148974507,abcd-ml,pasleep,scale,weekly,3,s012,41284804,60,out/abcd-ml_pasleep_scale_weekly_3_s012_41284804_60.pkl
3315,41.0,44.626423300966806,abcd-ml,pasleep,scale,weekly,3,s012,41284804,60,out/abcd-ml_pasleep_scale_weekly_3_s012_41284804_60.pkl
3316,46.0,48.71100838618908,abcd-ml,pasleep,scale,weekly,3,s012,41284804,60,out/abcd-ml_pasleep_scale_weekly_3_s012_41284804_60.pkl
3317,41.0,44.659231322428305,abcd-ml,pasleep,scale,weekly,3,s012,41284804,60,out/abcd-ml_pasleep_scale_weekly_3_s012_41284804_60.pkl
3318,46.0,47.833689797575566,abcd-ml,pasleep,scale,weekly,3,s012,41284804,60,out/abcd-ml_pasleep_scale_weekly_3_s012_41284804_60.pkl
3319,41.0,44.367164223605215,abcd-ml,pasleep,scale,weekly,3,s012,41284804,60,out/abcd-ml_pasleep_scale_weekly_3_s012_41284804_60.pkl
3320,46.0,47.58668559171673,abcd-ml,pasleep,scale,weekly,3,s012,41284804,60,out/abcd-ml_pasleep_scale_weekly_3_s012_41284804_60.pkl
3321,41.0,44.64019355531121,abcd-ml,pasleep,scale,weekly,3,s012,41284804,60,out/abcd-ml_pasleep_scale_weekly_3_s012_41284804_60.pkl
3322,45.0,48.09905111590544,abcd-ml,pasleep,scale,weekly,3,s012,41284804,60,out/abcd-ml_pasleep_scale_weekly_3_s012_41284804_60.pkl
3323,33.0,44.522958900235444,abcd-ml,pasleep,scale,weekly,3,s012,41284804,60,out/abcd-ml_pasleep_scale_weekly_3_s012_41284804_60.pkl
3324,45.0,48.10780740841681,abcd-ml,pasleep,scale,weekly,3,s012,41284804,60,out/abcd-ml_pasleep_scale_weekly_3_s012_41284804_60.pkl
3325,33.0,44.513104311684245,abcd-ml,pasleep,scale,weekly,3,s012,41284804,60,out/abcd-ml_pasleep_scale_weekly_3_s012_41284804_60.pkl
3326,45.0,48.14635846899621,abcd-ml,pasleep,scale,weekly,3,s012,41284804,60,out/abcd-ml_pasleep_scale_weekly_3_s012_41284804_60.pkl
3327,33.0,44.52485939334875,abcd-ml,pasleep,scale,weekly,3,s012,41284804,60,out/abcd-ml_pasleep_scale_weekly_3_s012_41284804_60.pkl
3328,45.0,48.171162795214876,abcd-ml,pasleep,scale,weekly,3,s012,41284804,60,out/abcd-ml_pasleep_scale_weekly_3_s012_41284804_60.pkl
3329,33.0,44.49749028913564,abcd-ml,pasleep,scale,weekly,3,s012,41284804,60,out/abcd-ml_pasleep_scale_weekly_3_s012_41284804_60.pkl
3330,45.0,47.88463258757221,abcd-ml,pasleep,scale,weekly,3,s012,41284804,60,out/abcd-ml_pasleep_scale_weekly_3_s012_41284804_60.pkl
3331,33.0,44.39224967595457,abcd-ml,pasleep,scale,weekly,3,s012,41284804,60,out/abcd-ml_pasleep_scale_weekly_3_s012_41284804_60.pkl
3332,45.0,47.8942388112343,abcd-ml,pasleep,scale,weekly,3,s012,41284804,60,out/abcd-ml_pasleep_scale_weekly_3_s012_41284804_60.pkl
3333,33.0,44.38180265421289,abcd-ml,pasleep,scale,weekly,3,s012,41284804,60,out/abcd-ml_pasleep_scale_weekly_3_s012_41284804_60.pkl
3334,45.0,48.93701510704601,abcd-ml,pasleep,scale,weekly,3,s012,41284804,60,out/abcd-ml_pasleep_scale_weekly_3_s012_41284804_60.pkl
3335,46.0,44.76840248996034,abcd-ml,pasleep,scale,weekly,3,s012,41284804,60,out/abcd-ml_pasleep_scale_weekly_3_s012_41284804_60.pkl
3336,45.0,47.89328276123288,abcd-ml,pasleep,scale,weekly,3,s012,41284804,60,out/abcd-ml_pasleep_scale_weekly_3_s012_41284804_60.pkl
3337,46.0,44.349064952232624,abcd-ml,pasleep,scale,weekly,3,s012,41284804,60,out/abcd-ml_pasleep_scale_weekly_3_s012_41284804_60.pkl
3338,45.0,47.95128804820663,abcd-ml,pasleep,scale,weekly,3,s012,41284804,60,out/abcd-ml_pasleep_scale_weekly_3_s012_41284804_60.pkl
3339,46.0,44.284698391063756,abcd-ml,pasleep,scale,weekly,3,s012,41284804,60,out/abcd-ml_pasleep_scale_weekly_3_s012_41284804_60.pkl
3340,45.0,48.58277843159749,abcd-ml,pasleep,scale,weekly,3,s012,41284804,60,out/abcd-ml_pasleep_scale_weekly_3_s012_41284804_60.pkl
3341,46.0,44.518319747472155,abcd-ml,pasleep,scale,weekly,3,s012,41284804,60,out/abcd-ml_pasleep_scale_weekly_3_s012_41284804_60.pkl
3342,45.0,47.586152923667534,abcd-ml,pasleep,scale,weekly,3,s012,41284804,60,out/abcd-ml_pasleep_scale_weekly_3_s012_41284804_60.pkl
3343,46.0,44.32739180911295,abcd-ml,pasleep,scale,weekly,3,s012,41284804,60,out/abcd-ml_pasleep_scale_weekly_3_s012_41284804_60.pkl
3344,45.0,47.54409375340524,abcd-ml,pasleep,scale,weekly,3,s012,41284804,60,out/abcd-ml_pasleep_scale_weekly_3_s012_41284804_60.pkl
3345,46.0,44.37435630896975,abcd-ml,pasleep,scale,weekly,3,s012,41284804,60,out/abcd-ml_pasleep_scale_weekly_3_s012_41284804_60.pkl
3346,34.0,48.52847894570058,abcd-ml,pasleep,scale,weekly,3,s012,41284804,60,out/abcd-ml_pasleep_scale_weekly_3_s012_41284804_60.pkl
3347,34.0,44.726318240176475,abcd-ml,pasleep,scale,weekly,3,s012,41284804,60,out/abcd-ml_pasleep_scale_weekly_3_s012_41284804_60.pkl
3348,34.0,48.62604267808173,abcd-ml,pasleep,scale,weekly,3,s012,41284804,60,out/abcd-ml_pasleep_scale_weekly_3_s012_41284804_60.pkl
3349,34.0,44.6193336422317,abcd-ml,pasleep,scale,weekly,3,s012,41284804,60,out/abcd-ml_pasleep_scale_weekly_3_s012_41284804_60.pkl
3350,34.0,47.917934503050105,abcd-ml,pasleep,scale,weekly,3,s012,41284804,60,out/abcd-ml_pasleep_scale_weekly_3_s012_41284804_60.pkl
3351,34.0,44.760994490204254,abcd-ml,pasleep,scale,weekly,3,s012,41284804,60,out/abcd-ml_pasleep_scale_weekly_3_s012_41284804_60.pkl
3352,34.0,48.17832990758636,abcd-ml,pasleep,scale,weekly,3,s012,41284804,60,out/abcd-ml_pasleep_scale_weekly_3_s012_41284804_60.pkl
3353,34.0,44.47314741509294,abcd-ml,pasleep,scale,weekly,3,s012,41284804,60,out/abcd-ml_pasleep_scale_weekly_3_s012_41284804_60.pkl
3354,34.0,48.99648765782281,abcd-ml,pasleep,scale,weekly,3,s012,41284804,60,out/abcd-ml_pasleep_scale_weekly_3_s012_41284804_60.pkl
3355,34.0,44.697998125357536,abcd-ml,pasleep,scale,weekly,3,s012,41284804,60,out/abcd-ml_pasleep_scale_weekly_3_s012_41284804_60.pkl
3356,43.0,48.43274426506124,abcd-ml,pasleep,scale,weekly,3,s012,41284804,60,out/abcd-ml_pasleep_scale_weekly_3_s012_41284804_60.pkl
3357,34.0,44.26449282363842,abcd-ml,pasleep,scale,weekly,3,s012,41284804,60,out/abcd-ml_pasleep_scale_weekly_3_s012_41284804_60.pkl
3358,43.0,48.29703067680838,abcd-ml,pasleep,scale,weekly,3,s012,41284804,60,out/abcd-ml_pasleep_scale_weekly_3_s012_41284804_60.pkl
3359,34.0,44.41426133114564,abcd-ml,pasleep,scale,weekly,3,s012,41284804,60,out/abcd-ml_pasleep_scale_weekly_3_s012_41284804_60.pkl
3360,43.0,49.07676653635471,abcd-ml,pasleep,scale,weekly,3,s012,41284804,60,out/abcd-ml_pasleep_scale_weekly_3_s012_41284804_60.pkl
3361,34.0,44.47193306418148,abcd-ml,pasleep,scale,weekly,3,s012,41284804,60,out/abcd-ml_pasleep_scale_weekly_3_s012_41284804_60.pkl
3362,43.0,48.87956841717799,abcd-ml,pasleep,scale,weekly,3,s012,41284804,60,out/abcd-ml_pasleep_scale_weekly_3_s012_41284804_60.pkl
3363,34.0,44.68993121663579,abcd-ml,pasleep,scale,weekly,3,s012,41284804,60,out/abcd-ml_pasleep_scale_weekly_3_s012_41284804_60.pkl
3364,43.0,48.98361621408925,abcd-ml,pasleep,scale,weekly,3,s012,41284804,60,out/abcd-ml_pasleep_scale_weekly_3_s012_41284804_60.pkl
3365,34.0,44.66522136011601,abcd-ml,pasleep,scale,weekly,3,s012,41284804,60,out/abcd-ml_pasleep_scale_weekly_3_s012_41284804_60.pkl
3366,43.0,48.031305719476265,abcd-ml,pasleep,scale,weekly,3,s012,41284804,60,out/abcd-ml_pasleep_scale_weekly_3_s012_41284804_60.pkl
3367,34.0,44.19664139323568,abcd-ml,pasleep,scale,weekly,3,s012,41284804,60,out/abcd-ml_pasleep_scale_weekly_3_s012_41284804_60.pkl
3368,45.0,47.69381161443907,abcd-ml,pasleep,scale,weekly,3,s012,41284804,60,out/abcd-ml_pasleep_scale_weekly_3_s012_41284804_60.pkl
3369,40.0,44.66535867513154,abcd-ml,pasleep,scale,weekly,3,s012,41284804,60,out/abcd-ml_pasleep_scale_weekly_3_s012_41284804_60.pkl
3370,45.0,47.89090555401042,abcd-ml,pasleep,scale,weekly,3,s012,41284804,60,out/abcd-ml_pasleep_scale_weekly_3_s012_41284804_60.pkl
3371,40.0,44.447379931552156,abcd-ml,pasleep,scale,weekly,3,s012,41284804,60,out/abcd-ml_pasleep_scale_weekly_3_s012_41284804_60.pkl
3372,45.0,48.31908696923075,abcd-ml,pasleep,scale,weekly,3,s012,41284804,60,out/abcd-ml_pasleep_scale_weekly_3_s012_41284804_60.pkl
3373,40.0,44.49907495875313,abcd-ml,pasleep,scale,weekly,3,s012,41284804,60,out/abcd-ml_pasleep_scale_weekly_3_s012_41284804_60.pkl
3374,45.0,48.080724574778046,abcd-ml,pasleep,scale,weekly,3,s012,41284804,60,out/abcd-ml_pasleep_scale_weekly_3_s012_41284804_60.pkl
3375,40.0,44.76292371668747,abcd-ml,pasleep,scale,weekly,3,s012,41284804,60,out/abcd-ml_pasleep_scale_weekly_3_s012_41284804_60.pkl
3376,34.0,47.39286993024263,abcd-ml,pasleep,scale,weekly,3,s012,41284804,60,out/abcd-ml_pasleep_scale_weekly_3_s012_41284804_60.pkl
3377,34.0,44.53988601493367,abcd-ml,pasleep,scale,weekly,3,s012,41284804,60,out/abcd-ml_pasleep_scale_weekly_3_s012_41284804_60.pkl
3378,34.0,47.47868398519531,abcd-ml,pasleep,scale,weekly,3,s012,41284804,60,out/abcd-ml_pasleep_scale_weekly_3_s012_41284804_60.pkl
3379,34.0,44.44466259340916,abcd-ml,pasleep,scale,weekly,3,s012,41284804,60,out/abcd-ml_pasleep_scale_weekly_3_s012_41284804_60.pkl
3380,48.0,47.84829238032883,abcd-ml,pasleep,scale,weekly,3,s012,41284804,60,out/abcd-ml_pasleep_scale_weekly_3_s012_41284804_60.pkl
3381,41.0,44.54128250140465,abcd-ml,pasleep,scale,weekly,3,s012,41284804,60,out/abcd-ml_pasleep_scale_weekly_3_s012_41284804_60.pkl
3382,48.0,47.9617854570223,abcd-ml,pasleep,scale,weekly,3,s012,41284804,60,out/abcd-ml_pasleep_scale_weekly_3_s012_41284804_60.pkl
3383,41.0,44.494414145493764,abcd-ml,pasleep,scale,weekly,3,s012,41284804,60,out/abcd-ml_pasleep_scale_weekly_3_s012_41284804_60.pkl
3384,48.0,48.09198407815744,abcd-ml,pasleep,scale,weekly,3,s012,41284804,60,out/abcd-ml_pasleep_scale_weekly_3_s012_41284804_60.pkl
3385,41.0,44.351137836292104,abcd-ml,pasleep,scale,weekly,3,s012,41284804,60,out/abcd-ml_pasleep_scale_weekly_3_s012_41284804_60.pkl
3386,48.0,47.893319069995506,abcd-ml,pasleep,scale,weekly,3,s012,41284804,60,out/abcd-ml_pasleep_scale_weekly_3_s012_41284804_60.pkl
3387,41.0,44.30070006900451,abcd-ml,pasleep,scale,weekly,3,s012,41284804,60,out/abcd-ml_pasleep_scale_weekly_3_s012_41284804_60.pkl
3388,48.0,47.72679927136639,abcd-ml,pasleep,scale,weekly,3,s012,41284804,60,out/abcd-ml_pasleep_scale_weekly_3_s012_41284804_60.pkl
3389,41.0,44.48435233221083,abcd-ml,pasleep,scale,weekly,3,s012,41284804,60,out/abcd-ml_pasleep_scale_weekly_3_s012_41284804_60.pkl
3390,54.0,47.74063624357921,abcd-ml,pasleep,scale,weekly,3,s012,41284804,60,out/abcd-ml_pasleep_scale_weekly_3_s012_41284804_60.pkl
3391,46.0,44.20552772755711,abcd-ml,pasleep,scale,weekly,3,s012,41284804,60,out/abcd-ml_pasleep_scale_weekly_3_s012_41284804_60.pkl
3392,54.0,47.671555469231905,abcd-ml,pasleep,scale,weekly,3,s012,41284804,60,out/abcd-ml_pasleep_scale_weekly_3_s012_41284804_60.pkl
3393,46.0,44.282697180584876,abcd-ml,pasleep,scale,weekly,3,s012,41284804,60,out/abcd-ml_pasleep_scale_weekly_3_s012_41284804_60.pkl
3394,54.0,47.90310789161383,abcd-ml,pasleep,scale,weekly,3,s012,41284804,60,out/abcd-ml_pasleep_scale_weekly_3_s012_41284804_60.pkl
3395,46.0,44.27995512043478,abcd-ml,pasleep,scale,weekly,3,s012,41284804,60,out/abcd-ml_pasleep_scale_weekly_3_s012_41284804_60.pkl
3396,54.0,47.824146425274186,abcd-ml,pasleep,scale,weekly,3,s012,41284804,60,out/abcd-ml_pasleep_scale_weekly_3_s012_41284804_60.pkl
3397,46.0,44.367222260026644,abcd-ml,pasleep,scale,weekly,3,s012,41284804,60,out/abcd-ml_pasleep_scale_weekly_3_s012_41284804_60.pkl
3398,54.0,47.376404328487375,abcd-ml,pasleep,scale,weekly,3,s012,41284804,60,out/abcd-ml_pasleep_scale_weekly_3_s012_41284804_60.pkl
3399,46.0,44.243842020577155,abcd-ml,pasleep,scale,weekly,3,s012,41284804,60,out/abcd-ml_pasleep_scale_weekly_3_s012_41284804_60.pkl
3400,54.0,47.206909832491036,abcd-ml,pasleep,scale,weekly,3,s012,41284804,60,out/abcd-ml_pasleep_scale_weekly_3_s012_41284804_60.pkl
3401,46.0,44.43168772154283,abcd-ml,pasleep,scale,weekly,3,s012,41284804,60,out/abcd-ml_pasleep_scale_weekly_3_s012_41284804_60.pkl
3402,52.0,48.254343205765764,abcd-ml,pasleep,scale,weekly,3,s012,41284804,60,out/abcd-ml_pasleep_scale_weekly_3_s012_41284804_60.pkl
3403,44.0,44.886947446059324,abcd-ml,pasleep,scale,weekly,3,s012,41284804,60,out/abcd-ml_pasleep_scale_weekly_3_s012_41284804_60.pkl
3404,52.0,48.44879315429683,abcd-ml,pasleep,scale,weekly,3,s012,41284804,60,out/abcd-ml_pasleep_scale_weekly_3_s012_41284804_60.pkl
3405,44.0,44.67096553106032,abcd-ml,pasleep,scale,weekly,3,s012,41284804,60,out/abcd-ml_pasleep_scale_weekly_3_s012_41284804_60.pkl
3406,52.0,47.921212501949185,abcd-ml,pasleep,scale,weekly,3,s012,41284804,60,out/abcd-ml_pasleep_scale_weekly_3_s012_41284804_60.pkl
3407,44.0,44.471223341330344,abcd-ml,pasleep,scale,weekly,3,s012,41284804,60,out/abcd-ml_pasleep_scale_weekly_3_s012_41284804_60.pkl
3408,52.0,47.732790612486355,abcd-ml,pasleep,scale,weekly,3,s012,41284804,60,out/abcd-ml_pasleep_scale_weekly_3_s012_41284804_60.pkl
3409,44.0,44.680563692766526,abcd-ml,pasleep,scale,weekly,3,s012,41284804,60,out/abcd-ml_pasleep_scale_weekly_3_s012_41284804_60.pkl
3410,52.0,47.242737445021596,abcd-ml,pasleep,scale,weekly,3,s012,41284804,60,out/abcd-ml_pasleep_scale_weekly_3_s012_41284804_60.pkl
3411,44.0,44.328728896310146,abcd-ml,pasleep,scale,weekly,3,s012,41284804,60,out/abcd-ml_pasleep_scale_weekly_3_s012_41284804_60.pkl
3412,34.0,47.86966927193183,abcd-ml,pasleep,scale,weekly,3,s012,41284804,60,out/abcd-ml_pasleep_scale_weekly_3_s012_41284804_60.pkl
3413,40.0,44.25994110766139,abcd-ml,pasleep,scale,weekly,3,s012,41284804,60,out/abcd-ml_pasleep_scale_weekly_3_s012_41284804_60.pkl
3414,34.0,47.76611014830246,abcd-ml,pasleep,scale,weekly,3,s012,41284804,60,out/abcd-ml_pasleep_scale_weekly_3_s012_41284804_60.pkl
3415,40.0,44.374564246881114,abcd-ml,pasleep,scale,weekly,3,s012,41284804,60,out/abcd-ml_pasleep_scale_weekly_3_s012_41284804_60.pkl
3416,34.0,46.8961805818433,abcd-ml,pasleep,scale,weekly,3,s012,41284804,60,out/abcd-ml_pasleep_scale_weekly_3_s012_41284804_60.pkl
3417,40.0,44.137607192908135,abcd-ml,pasleep,scale,weekly,3,s012,41284804,60,out/abcd-ml_pasleep_scale_weekly_3_s012_41284804_60.pkl
3418,34.0,46.92093737184619,abcd-ml,pasleep,scale,weekly,3,s012,41284804,60,out/abcd-ml_pasleep_scale_weekly_3_s012_41284804_60.pkl
3419,40.0,44.10971263830248,abcd-ml,pasleep,scale,weekly,3,s012,41284804,60,out/abcd-ml_pasleep_scale_weekly_3_s012_41284804_60.pkl
3420,34.0,47.7860321618688,abcd-ml,pasleep,scale,weekly,3,s012,41284804,60,out/abcd-ml_pasleep_scale_weekly_3_s012_41284804_60.pkl
3421,40.0,44.37429566817608,abcd-ml,pasleep,scale,weekly,3,s012,41284804,60,out/abcd-ml_pasleep_scale_weekly_3_s012_41284804_60.pkl
3422,34.0,47.84173150578869,abcd-ml,pasleep,scale,weekly,3,s012,41284804,60,out/abcd-ml_pasleep_scale_weekly_3_s012_41284804_60.pkl
3423,40.0,44.31289813548719,abcd-ml,pasleep,scale,weekly,3,s012,41284804,60,out/abcd-ml_pasleep_scale_weekly_3_s012_41284804_60.pkl
3424,44.0,47.209385422694716,abcd-ml,pasleep,scale,weekly,3,s012,41284804,60,out/abcd-ml_pasleep_scale_weekly_3_s012_41284804_60.pkl
3425,46.0,44.21303495747776,abcd-ml,pasleep,scale,weekly,3,s012,41284804,60,out/abcd-ml_pasleep_scale_weekly_3_s012_41284804_60.pkl
3426,44.0,47.18752271037215,abcd-ml,pasleep,scale,weekly,3,s012,41284804,60,out/abcd-ml_pasleep_scale_weekly_3_s012_41284804_60.pkl
3427,46.0,44.23670134124863,abcd-ml,pasleep,scale,weekly,3,s012,41284804,60,out/abcd-ml_pasleep_scale_weekly_3_s012_41284804_60.pkl
3428,44.0,46.66463474531691,abcd-ml,pasleep,scale,weekly,3,s012,41284804,60,out/abcd-ml_pasleep_scale_weekly_3_s012_41284804_60.pkl
3429,46.0,44.085420783189,abcd-ml,pasleep,scale,weekly,3,s012,41284804,60,out/abcd-ml_pasleep_scale_weekly_3_s012_41284804_60.pkl
3430,44.0,46.759552123315316,abcd-ml,pasleep,scale,weekly,3,s012,41284804,60,out/abcd-ml_pasleep_scale_weekly_3_s012_41284804_60.pkl
3431,46.0,43.98068921956235,abcd-ml,pasleep,scale,weekly,3,s012,41284804,60,out/abcd-ml_pasleep_scale_weekly_3_s012_41284804_60.pkl
3432,44.0,46.725928592476976,abcd-ml,pasleep,scale,weekly,3,s012,41284804,60,out/abcd-ml_pasleep_scale_weekly_3_s012_41284804_60.pkl
3433,46.0,44.106526222103355,abcd-ml,pasleep,scale,weekly,3,s012,41284804,60,out/abcd-ml_pasleep_scale_weekly_3_s012_41284804_60.pkl
3434,44.0,46.813356024837475,abcd-ml,pasleep,scale,weekly,3,s012,41284804,60,out/abcd-ml_pasleep_scale_weekly_3_s012_41284804_60.pkl
3435,46.0,44.01014222957938,abcd-ml,pasleep,scale,weekly,3,s012,41284804,60,out/abcd-ml_pasleep_scale_weekly_3_s012_41284804_60.pkl
3436,55.0,48.08887937687849,abcd-ml,pasleep,scale,weekly,3,s012,41284804,60,out/abcd-ml_pasleep_scale_weekly_3_s012_41284804_60.pkl
3437,44.0,44.219925725204206,abcd-ml,pasleep,scale,weekly,3,s012,41284804,60,out/abcd-ml_pasleep_scale_weekly_3_s012_41284804_60.pkl
3438,55.0,47.966895874835465,abcd-ml,pasleep,scale,weekly,3,s012,41284804,60,out/abcd-ml_pasleep_scale_weekly_3_s012_41284804_60.pkl
3439,44.0,44.35469736980806,abcd-ml,pasleep,scale,weekly,3,s012,41284804,60,out/abcd-ml_pasleep_scale_weekly_3_s012_41284804_60.pkl
3440,55.0,48.19075428422578,abcd-ml,pasleep,scale,weekly,3,s012,41284804,60,out/abcd-ml_pasleep_scale_weekly_3_s012_41284804_60.pkl
3441,44.0,44.32782177079359,abcd-ml,pasleep,scale,weekly,3,s012,41284804,60,out/abcd-ml_pasleep_scale_weekly_3_s012_41284804_60.pkl
3442,55.0,48.47315752586911,abcd-ml,pasleep,scale,weekly,3,s012,41284804,60,out/abcd-ml_pasleep_scale_weekly_3_s012_41284804_60.pkl
3443,44.0,44.73898093225213,abcd-ml,pasleep,scale,weekly,3,s012,41284804,60,out/abcd-ml_pasleep_scale_weekly_3_s012_41284804_60.pkl
3444,55.0,48.59634348019982,abcd-ml,pasleep,scale,weekly,3,s012,41284804,60,out/abcd-ml_pasleep_scale_weekly_3_s012_41284804_60.pkl
3445,44.0,44.60143551851203,abcd-ml,pasleep,scale,weekly,3,s012,41284804,60,out/abcd-ml_pasleep_scale_weekly_3_s012_41284804_60.pkl
3446,39.0,47.98704166810757,abcd-ml,pasleep,scale,weekly,3,s012,41284804,60,out/abcd-ml_pasleep_scale_weekly_3_s012_41284804_60.pkl
3447,34.0,44.360444882278856,abcd-ml,pasleep,scale,weekly,3,s012,41284804,60,out/abcd-ml_pasleep_scale_weekly_3_s012_41284804_60.pkl
3448,39.0,48.020227154719635,abcd-ml,pasleep,scale,weekly,3,s012,41284804,60,out/abcd-ml_pasleep_scale_weekly_3_s012_41284804_60.pkl
3449,34.0,44.32424179912591,abcd-ml,pasleep,scale,weekly,3,s012,41284804,60,out/abcd-ml_pasleep_scale_weekly_3_s012_41284804_60.pkl
3450,39.0,47.68320408604286,abcd-ml,pasleep,scale,weekly,3,s012,41284804,60,out/abcd-ml_pasleep_scale_weekly_3_s012_41284804_60.pkl
3451,34.0,44.35094231857525,abcd-ml,pasleep,scale,weekly,3,s012,41284804,60,out/abcd-ml_pasleep_scale_weekly_3_s012_41284804_60.pkl
3452,39.0,47.71427057436689,abcd-ml,pasleep,scale,weekly,3,s012,41284804,60,out/abcd-ml_pasleep_scale_weekly_3_s012_41284804_60.pkl
3453,34.0,44.317050432269056,abcd-ml,pasleep,scale,weekly,3,s012,41284804,60,out/abcd-ml_pasleep_scale_weekly_3_s012_41284804_60.pkl
3454,39.0,47.8249979989873,abcd-ml,pasleep,scale,weekly,3,s012,41284804,60,out/abcd-ml_pasleep_scale_weekly_3_s012_41284804_60.pkl
3455,34.0,44.28045918875594,abcd-ml,pasleep,scale,weekly,3,s012,41284804,60,out/abcd-ml_pasleep_scale_weekly_3_s012_41284804_60.pkl
3456,39.0,47.83234956365124,abcd-ml,pasleep,scale,weekly,3,s012,41284804,60,out/abcd-ml_pasleep_scale_weekly_3_s012_41284804_60.pkl
3457,34.0,44.27285816585493,abcd-ml,pasleep,scale,weekly,3,s012,41284804,60,out/abcd-ml_pasleep_scale_weekly_3_s012_41284804_60.pkl
3458,48.0,47.48689522728682,abcd-ml,pasleep,scale,weekly,3,s012,41284804,60,out/abcd-ml_pasleep_scale_weekly_3_s012_41284804_60.pkl
3459,49.0,44.6182382008121,abcd-ml,pasleep,scale,weekly,3,s012,41284804,60,out/abcd-ml_pasleep_scale_weekly_3_s012_41284804_60.pkl
3460,48.0,47.627583668068056,abcd-ml,pasleep,scale,weekly,3,s012,41284804,60,out/abcd-ml_pasleep_scale_weekly_3_s012_41284804_60.pkl
3461,49.0,44.46152524064504,abcd-ml,pasleep,scale,weekly,3,s012,41284804,60,out/abcd-ml_pasleep_scale_weekly_3_s012_41284804_60.pkl
3462,48.0,47.82645161939192,abcd-ml,pasleep,scale,weekly,3,s012,41284804,60,out/abcd-ml_pasleep_scale_weekly_3_s012_41284804_60.pkl
3463,49.0,44.369281062658565,abcd-ml,pasleep,scale,weekly,3,s012,41284804,60,out/abcd-ml_pasleep_scale_weekly_3_s012_41284804_60.pkl
3464,48.0,47.603601690448016,abcd-ml,pasleep,scale,weekly,3,s012,41284804,60,out/abcd-ml_pasleep_scale_weekly_3_s012_41284804_60.pkl
3465,49.0,44.18384592614005,abcd-ml,pasleep,scale,weekly,3,s012,41284804,60,out/abcd-ml_pasleep_scale_weekly_3_s012_41284804_60.pkl
3466,48.0,47.59285412867382,abcd-ml,pasleep,scale,weekly,3,s012,41284804,60,out/abcd-ml_pasleep_scale_weekly_3_s012_41284804_60.pkl
3467,49.0,44.19636635985077,abcd-ml,pasleep,scale,weekly,3,s012,41284804,60,out/abcd-ml_pasleep_scale_weekly_3_s012_41284804_60.pkl
3468,52.0,48.25842806673685,abcd-ml,pasleep,scale,weekly,3,s012,41284804,60,out/abcd-ml_pasleep_scale_weekly_3_s012_41284804_60.pkl
3469,44.0,43.915313055960794,abcd-ml,pasleep,scale,weekly,3,s012,41284804,60,out/abcd-ml_pasleep_scale_weekly_3_s012_41284804_60.pkl
3470,52.0,47.7745218200409,abcd-ml,pasleep,scale,weekly,3,s012,41284804,60,out/abcd-ml_pasleep_scale_weekly_3_s012_41284804_60.pkl
3471,44.0,44.45172285473551,abcd-ml,pasleep,scale,weekly,3,s012,41284804,60,out/abcd-ml_pasleep_scale_weekly_3_s012_41284804_60.pkl
3472,52.0,47.97750270391194,abcd-ml,pasleep,scale,weekly,3,s012,41284804,60,out/abcd-ml_pasleep_scale_weekly_3_s012_41284804_60.pkl
3473,44.0,44.104153998605554,abcd-ml,pasleep,scale,weekly,3,s012,41284804,60,out/abcd-ml_pasleep_scale_weekly_3_s012_41284804_60.pkl
3474,52.0,47.82448205542951,abcd-ml,pasleep,scale,weekly,3,s012,41284804,60,out/abcd-ml_pasleep_scale_weekly_3_s012_41284804_60.pkl
3475,44.0,44.27309958619549,abcd-ml,pasleep,scale,weekly,3,s012,41284804,60,out/abcd-ml_pasleep_scale_weekly_3_s012_41284804_60.pkl
3476,52.0,48.06013235641664,abcd-ml,pasleep,scale,weekly,3,s012,41284804,60,out/abcd-ml_pasleep_scale_weekly_3_s012_41284804_60.pkl
3477,44.0,44.130695635240144,abcd-ml,pasleep,scale,weekly,3,s012,41284804,60,out/abcd-ml_pasleep_scale_weekly_3_s012_41284804_60.pkl
3478,59.0,47.5594098934184,abcd-ml,pasleep,scale,weekly,3,s012,41284804,60,out/abcd-ml_pasleep_scale_weekly_3_s012_41284804_60.pkl
3479,52.0,44.203873796422286,abcd-ml,pasleep,scale,weekly,3,s012,41284804,60,out/abcd-ml_pasleep_scale_weekly_3_s012_41284804_60.pkl
3480,59.0,48.18220271363903,abcd-ml,pasleep,scale,weekly,3,s012,41284804,60,out/abcd-ml_pasleep_scale_weekly_3_s012_41284804_60.pkl
3481,52.0,44.21841349128081,abcd-ml,pasleep,scale,weekly,3,s012,41284804,60,out/abcd-ml_pasleep_scale_weekly_3_s012_41284804_60.pkl
3482,59.0,48.00484145092501,abcd-ml,pasleep,scale,weekly,3,s012,41284804,60,out/abcd-ml_pasleep_scale_weekly_3_s012_41284804_60.pkl
3483,52.0,44.415271998384846,abcd-ml,pasleep,scale,weekly,3,s012,41284804,60,out/abcd-ml_pasleep_scale_weekly_3_s012_41284804_60.pkl
3484,59.0,48.02217344479313,abcd-ml,pasleep,scale,weekly,3,s012,41284804,60,out/abcd-ml_pasleep_scale_weekly_3_s012_41284804_60.pkl
3485,52.0,44.35489670843568,abcd-ml,pasleep,scale,weekly,3,s012,41284804,60,out/abcd-ml_pasleep_scale_weekly_3_s012_41284804_60.pkl
3486,59.0,47.96556686209715,abcd-ml,pasleep,scale,weekly,3,s012,41284804,60,out/abcd-ml_pasleep_scale_weekly_3_s012_41284804_60.pkl
3487,52.0,44.41788966115543,abcd-ml,pasleep,scale,weekly,3,s012,41284804,60,out/abcd-ml_pasleep_scale_weekly_3_s012_41284804_60.pkl
3488,34.0,46.9396437263748,abcd-ml,pasleep,scale,weekly,3,s012,41284804,60,out/abcd-ml_pasleep_scale_weekly_3_s012_41284804_60.pkl
3489,33.0,44.26077029846353,abcd-ml,pasleep,scale,weekly,3,s012,41284804,60,out/abcd-ml_pasleep_scale_weekly_3_s012_41284804_60.pkl
3490,34.0,47.04348603963099,abcd-ml,pasleep,scale,weekly,3,s012,41284804,60,out/abcd-ml_pasleep_scale_weekly_3_s012_41284804_60.pkl
3491,33.0,44.20743593914672,abcd-ml,pasleep,scale,weekly,3,s012,41284804,60,out/abcd-ml_pasleep_scale_weekly_3_s012_41284804_60.pkl
3492,34.0,47.155161427807634,abcd-ml,pasleep,scale,weekly,3,s012,41284804,60,out/abcd-ml_pasleep_scale_weekly_3_s012_41284804_60.pkl
3493,33.0,44.17287972024394,abcd-ml,pasleep,scale,weekly,3,s012,41284804,60,out/abcd-ml_pasleep_scale_weekly_3_s012_41284804_60.pkl
3494,34.0,46.92877171647889,abcd-ml,pasleep,scale,weekly,3,s012,41284804,60,out/abcd-ml_pasleep_scale_weekly_3_s012_41284804_60.pkl
3495,33.0,44.42379087841974,abcd-ml,pasleep,scale,weekly,3,s012,41284804,60,out/abcd-ml_pasleep_scale_weekly_3_s012_41284804_60.pkl
3496,33.0,48.88264288080385,abcd-ml,pasleep,scale,weekly,3,s012,41284804,60,out/abcd-ml_pasleep_scale_weekly_3_s012_41284804_60.pkl
3497,54.0,44.65551997895679,abcd-ml,pasleep,scale,weekly,3,s012,41284804,60,out/abcd-ml_pasleep_scale_weekly_3_s012_41284804_60.pkl
3498,33.0,48.877680705854935,abcd-ml,pasleep,scale,weekly,3,s012,41284804,60,out/abcd-ml_pasleep_scale_weekly_3_s012_41284804_60.pkl
3499,54.0,44.66099521168912,abcd-ml,pasleep,scale,weekly,3,s012,41284804,60,out/abcd-ml_pasleep_scale_weekly_3_s012_41284804_60.pkl
3500,33.0,48.320995375422314,abcd-ml,pasleep,scale,weekly,3,s012,41284804,60,out/abcd-ml_pasleep_scale_weekly_3_s012_41284804_60.pkl
3501,54.0,44.59683613662462,abcd-ml,pasleep,scale,weekly,3,s012,41284804,60,out/abcd-ml_pasleep_scale_weekly_3_s012_41284804_60.pkl
3502,33.0,47.87442615478691,abcd-ml,pasleep,scale,weekly,3,s012,41284804,60,out/abcd-ml_pasleep_scale_weekly_3_s012_41284804_60.pkl
3503,54.0,44.36991328955578,abcd-ml,pasleep,scale,weekly,3,s012,41284804,60,out/abcd-ml_pasleep_scale_weekly_3_s012_41284804_60.pkl
3504,33.0,48.90577288171145,abcd-ml,pasleep,scale,weekly,3,s012,41284804,60,out/abcd-ml_pasleep_scale_weekly_3_s012_41284804_60.pkl
3505,54.0,44.80291706366381,abcd-ml,pasleep,scale,weekly,3,s012,41284804,60,out/abcd-ml_pasleep_scale_weekly_3_s012_41284804_60.pkl
3506,55.0,48.20457789573331,abcd-ml,pasleep,scale,weekly,3,s012,41284804,60,out/abcd-ml_pasleep_scale_weekly_3_s012_41284804_60.pkl
3507,43.0,44.6290091225021,abcd-ml,pasleep,scale,weekly,3,s012,41284804,60,out/abcd-ml_pasleep_scale_weekly_3_s012_41284804_60.pkl
3508,55.0,48.323893642984274,abcd-ml,pasleep,scale,weekly,3,s012,41284804,60,out/abcd-ml_pasleep_scale_weekly_3_s012_41284804_60.pkl
3509,43.0,44.496873442195195,abcd-ml,pasleep,scale,weekly,3,s012,41284804,60,out/abcd-ml_pasleep_scale_weekly_3_s012_41284804_60.pkl
3510,55.0,48.922054799389684,abcd-ml,pasleep,scale,weekly,3,s012,41284804,60,out/abcd-ml_pasleep_scale_weekly_3_s012_41284804_60.pkl
3511,43.0,44.6914703242779,abcd-ml,pasleep,scale,weekly,3,s012,41284804,60,out/abcd-ml_pasleep_scale_weekly_3_s012_41284804_60.pkl
3512,55.0,48.659732607394396,abcd-ml,pasleep,scale,weekly,3,s012,41284804,60,out/abcd-ml_pasleep_scale_weekly_3_s012_41284804_60.pkl
3513,43.0,44.6200382566864,abcd-ml,pasleep,scale,weekly,3,s012,41284804,60,out/abcd-ml_pasleep_scale_weekly_3_s012_41284804_60.pkl
3514,55.0,48.62185255838696,abcd-ml,pasleep,scale,weekly,3,s012,41284804,60,out/abcd-ml_pasleep_scale_weekly_3_s012_41284804_60.pkl
3515,43.0,44.661835061191724,abcd-ml,pasleep,scale,weekly,3,s012,41284804,60,out/abcd-ml_pasleep_scale_weekly_3_s012_41284804_60.pkl
3516,56.0,47.74243360889719,abcd-ml,pasleep,scale,weekly,3,s012,41284804,60,out/abcd-ml_pasleep_scale_weekly_3_s012_41284804_60.pkl
3517,34.0,44.32638407646674,abcd-ml,pasleep,scale,weekly,3,s012,41284804,60,out/abcd-ml_pasleep_scale_weekly_3_s012_41284804_60.pkl
3518,56.0,47.89505556850882,abcd-ml,pasleep,scale,weekly,3,s012,41284804,60,out/abcd-ml_pasleep_scale_weekly_3_s012_41284804_60.pkl
3519,34.0,44.360880027704326,abcd-ml,pasleep,scale,weekly,3,s012,41284804,60,out/abcd-ml_pasleep_scale_weekly_3_s012_41284804_60.pkl
3520,56.0,47.91871915671643,abcd-ml,pasleep,scale,weekly,3,s012,41284804,60,out/abcd-ml_pasleep_scale_weekly_3_s012_41284804_60.pkl
3521,34.0,44.33459942012857,abcd-ml,pasleep,scale,weekly,3,s012,41284804,60,out/abcd-ml_pasleep_scale_weekly_3_s012_41284804_60.pkl
3522,56.0,47.855570219240896,abcd-ml,pasleep,scale,weekly,3,s012,41284804,60,out/abcd-ml_pasleep_scale_weekly_3_s012_41284804_60.pkl
3523,34.0,44.41479382383456,abcd-ml,pasleep,scale,weekly,3,s012,41284804,60,out/abcd-ml_pasleep_scale_weekly_3_s012_41284804_60.pkl
3524,56.0,47.876237233180746,abcd-ml,pasleep,scale,weekly,3,s012,41284804,60,out/abcd-ml_pasleep_scale_weekly_3_s012_41284804_60.pkl
3525,34.0,44.39180020502134,abcd-ml,pasleep,scale,weekly,3,s012,41284804,60,out/abcd-ml_pasleep_scale_weekly_3_s012_41284804_60.pkl
3526,63.0,48.75609894520218,abcd-ml,pasleep,scale,weekly,3,s012,41284804,60,out/abcd-ml_pasleep_scale_weekly_3_s012_41284804_60.pkl
3527,40.0,44.161325460174176,abcd-ml,pasleep,scale,weekly,3,s012,41284804,60,out/abcd-ml_pasleep_scale_weekly_3_s012_41284804_60.pkl
3528,63.0,48.41811217184912,abcd-ml,pasleep,scale,weekly,3,s012,41284804,60,out/abcd-ml_pasleep_scale_weekly_3_s012_41284804_60.pkl
3529,40.0,44.536740172264345,abcd-ml,pasleep,scale,weekly,3,s012,41284804,60,out/abcd-ml_pasleep_scale_weekly_3_s012_41284804_60.pkl
3530,63.0,48.30731614234521,abcd-ml,pasleep,scale,weekly,3,s012,41284804,60,out/abcd-ml_pasleep_scale_weekly_3_s012_41284804_60.pkl
3531,40.0,44.51436789309169,abcd-ml,pasleep,scale,weekly,3,s012,41284804,60,out/abcd-ml_pasleep_scale_weekly_3_s012_41284804_60.pkl
3532,63.0,48.29920081958547,abcd-ml,pasleep,scale,weekly,3,s012,41284804,60,out/abcd-ml_pasleep_scale_weekly_3_s012_41284804_60.pkl
3533,40.0,44.523322284426825,abcd-ml,pasleep,scale,weekly,3,s012,41284804,60,out/abcd-ml_pasleep_scale_weekly_3_s012_41284804_60.pkl
3534,63.0,48.35365790207759,abcd-ml,pasleep,scale,weekly,3,s012,41284804,60,out/abcd-ml_pasleep_scale_weekly_3_s012_41284804_60.pkl
3535,40.0,44.46845507994534,abcd-ml,pasleep,scale,weekly,3,s012,41284804,60,out/abcd-ml_pasleep_scale_weekly_3_s012_41284804_60.pkl
3536,63.0,48.358419476105674,abcd-ml,pasleep,scale,weekly,3,s012,41284804,60,out/abcd-ml_pasleep_scale_weekly_3_s012_41284804_60.pkl
3537,40.0,44.46320110699196,abcd-ml,pasleep,scale,weekly,3,s012,41284804,60,out/abcd-ml_pasleep_scale_weekly_3_s012_41284804_60.pkl
3538,48.0,48.01113926427661,abcd-ml,pasleep,scale,weekly,3,s012,41284804,60,out/abcd-ml_pasleep_scale_weekly_3_s012_41284804_60.pkl
3539,44.0,44.53894058410767,abcd-ml,pasleep,scale,weekly,3,s012,41284804,60,out/abcd-ml_pasleep_scale_weekly_3_s012_41284804_60.pkl
3540,48.0,48.07401659070905,abcd-ml,pasleep,scale,weekly,3,s012,41284804,60,out/abcd-ml_pasleep_scale_weekly_3_s012_41284804_60.pkl
3541,44.0,44.46953445457001,abcd-ml,pasleep,scale,weekly,3,s012,41284804,60,out/abcd-ml_pasleep_scale_weekly_3_s012_41284804_60.pkl
3542,48.0,47.335329126520435,abcd-ml,pasleep,scale,weekly,3,s012,41284804,60,out/abcd-ml_pasleep_scale_weekly_3_s012_41284804_60.pkl
3543,44.0,44.401861061519746,abcd-ml,pasleep,scale,weekly,3,s012,41284804,60,out/abcd-ml_pasleep_scale_weekly_3_s012_41284804_60.pkl
3544,48.0,47.401748596050616,abcd-ml,pasleep,scale,weekly,3,s012,41284804,60,out/abcd-ml_pasleep_scale_weekly_3_s012_41284804_60.pkl
3545,44.0,44.42854486854798,abcd-ml,pasleep,scale,weekly,3,s012,41284804,60,out/abcd-ml_pasleep_scale_weekly_3_s012_41284804_60.pkl
3546,40.0,49.00283213663997,abcd-ml,pasleep,scale,weekly,3,s012,41284804,60,out/abcd-ml_pasleep_scale_weekly_3_s012_41284804_60.pkl
3547,40.0,44.233731991237875,abcd-ml,pasleep,scale,weekly,3,s012,41284804,60,out/abcd-ml_pasleep_scale_weekly_3_s012_41284804_60.pkl
3548,40.0,48.70531193562291,abcd-ml,pasleep,scale,weekly,3,s012,41284804,60,out/abcd-ml_pasleep_scale_weekly_3_s012_41284804_60.pkl
3549,40.0,44.56443796549418,abcd-ml,pasleep,scale,weekly,3,s012,41284804,60,out/abcd-ml_pasleep_scale_weekly_3_s012_41284804_60.pkl
3550,40.0,48.512999582915775,abcd-ml,pasleep,scale,weekly,3,s012,41284804,60,out/abcd-ml_pasleep_scale_weekly_3_s012_41284804_60.pkl
3551,40.0,44.56761529317564,abcd-ml,pasleep,scale,weekly,3,s012,41284804,60,out/abcd-ml_pasleep_scale_weekly_3_s012_41284804_60.pkl
3552,40.0,48.399145434385844,abcd-ml,pasleep,scale,weekly,3,s012,41284804,60,out/abcd-ml_pasleep_scale_weekly_3_s012_41284804_60.pkl
3553,40.0,44.69376337088525,abcd-ml,pasleep,scale,weekly,3,s012,41284804,60,out/abcd-ml_pasleep_scale_weekly_3_s012_41284804_60.pkl
3554,40.0,48.70099364805773,abcd-ml,pasleep,scale,weekly,3,s012,41284804,60,out/abcd-ml_pasleep_scale_weekly_3_s012_41284804_60.pkl
3555,40.0,44.64681173847842,abcd-ml,pasleep,scale,weekly,3,s012,41284804,60,out/abcd-ml_pasleep_scale_weekly_3_s012_41284804_60.pkl
3556,40.0,48.667206294760646,abcd-ml,pasleep,scale,weekly,3,s012,41284804,60,out/abcd-ml_pasleep_scale_weekly_3_s012_41284804_60.pkl
3557,40.0,44.684092597804806,abcd-ml,pasleep,scale,weekly,3,s012,41284804,60,out/abcd-ml_pasleep_scale_weekly_3_s012_41284804_60.pkl
3558,60.0,48.833036869699036,abcd-ml,pasleep,scale,weekly,3,s012,41284804,60,out/abcd-ml_pasleep_scale_weekly_3_s012_41284804_60.pkl
3559,44.0,44.86650980475076,abcd-ml,pasleep,scale,weekly,3,s012,41284804,60,out/abcd-ml_pasleep_scale_weekly_3_s012_41284804_60.pkl
3560,60.0,47.800259513684026,abcd-ml,pasleep,scale,weekly,3,s012,41284804,60,out/abcd-ml_pasleep_scale_weekly_3_s012_41284804_60.pkl
3561,44.0,44.451573623813616,abcd-ml,pasleep,scale,weekly,3,s012,41284804,60,out/abcd-ml_pasleep_scale_weekly_3_s012_41284804_60.pkl
3562,60.0,47.80453910061398,abcd-ml,pasleep,scale,weekly,3,s012,41284804,60,out/abcd-ml_pasleep_scale_weekly_3_s012_41284804_60.pkl
3563,44.0,44.44686210770648,abcd-ml,pasleep,scale,weekly,3,s012,41284804,60,out/abcd-ml_pasleep_scale_weekly_3_s012_41284804_60.pkl
3564,60.0,48.23197120281225,abcd-ml,pasleep,scale,weekly,3,s012,41284804,60,out/abcd-ml_pasleep_scale_weekly_3_s012_41284804_60.pkl
3565,44.0,44.439409400143546,abcd-ml,pasleep,scale,weekly,3,s012,41284804,60,out/abcd-ml_pasleep_scale_weekly_3_s012_41284804_60.pkl
3566,60.0,47.61326282966392,abcd-ml,pasleep,scale,weekly,3,s012,41284804,60,out/abcd-ml_pasleep_scale_weekly_3_s012_41284804_60.pkl
3567,44.0,44.17899013147817,abcd-ml,pasleep,scale,weekly,3,s012,41284804,60,out/abcd-ml_pasleep_scale_weekly_3_s012_41284804_60.pkl
3568,60.0,47.63169671356586,abcd-ml,pasleep,scale,weekly,3,s012,41284804,60,out/abcd-ml_pasleep_scale_weekly_3_s012_41284804_60.pkl
3569,44.0,44.15905220450351,abcd-ml,pasleep,scale,weekly,3,s012,41284804,60,out/abcd-ml_pasleep_scale_weekly_3_s012_41284804_60.pkl
3570,50.0,48.30098736048073,abcd-ml,pasleep,scale,weekly,3,s012,41284804,60,out/abcd-ml_pasleep_scale_weekly_3_s012_41284804_60.pkl
3571,41.0,44.55516434277029,abcd-ml,pasleep,scale,weekly,3,s012,41284804,60,out/abcd-ml_pasleep_scale_weekly_3_s012_41284804_60.pkl
3572,50.0,48.235248227688956,abcd-ml,pasleep,scale,weekly,3,s012,41284804,60,out/abcd-ml_pasleep_scale_weekly_3_s012_41284804_60.pkl
3573,41.0,44.37604231103816,abcd-ml,pasleep,scale,weekly,3,s012,41284804,60,out/abcd-ml_pasleep_scale_weekly_3_s012_41284804_60.pkl
3574,50.0,48.20396347401237,abcd-ml,pasleep,scale,weekly,3,s012,41284804,60,out/abcd-ml_pasleep_scale_weekly_3_s012_41284804_60.pkl
3575,41.0,44.41117078624528,abcd-ml,pasleep,scale,weekly,3,s012,41284804,60,out/abcd-ml_pasleep_scale_weekly_3_s012_41284804_60.pkl
3576,50.0,47.9732767533435,abcd-ml,pasleep,scale,weekly,3,s012,41284804,60,out/abcd-ml_pasleep_scale_weekly_3_s012_41284804_60.pkl
3577,41.0,44.33606641480273,abcd-ml,pasleep,scale,weekly,3,s012,41284804,60,out/abcd-ml_pasleep_scale_weekly_3_s012_41284804_60.pkl
3578,50.0,47.967565865108824,abcd-ml,pasleep,scale,weekly,3,s012,41284804,60,out/abcd-ml_pasleep_scale_weekly_3_s012_41284804_60.pkl
3579,41.0,44.34275698159533,abcd-ml,pasleep,scale,weekly,3,s012,41284804,60,out/abcd-ml_pasleep_scale_weekly_3_s012_41284804_60.pkl
3580,55.0,48.03454640129368,abcd-ml,pasleep,scale,weekly,3,s012,41284804,60,out/abcd-ml_pasleep_scale_weekly_3_s012_41284804_60.pkl
3581,40.0,44.39243263999974,abcd-ml,pasleep,scale,weekly,3,s012,41284804,60,out/abcd-ml_pasleep_scale_weekly_3_s012_41284804_60.pkl
3582,55.0,48.06349496288222,abcd-ml,pasleep,scale,weekly,3,s012,41284804,60,out/abcd-ml_pasleep_scale_weekly_3_s012_41284804_60.pkl
3583,40.0,44.360816989787025,abcd-ml,pasleep,scale,weekly,3,s012,41284804,60,out/abcd-ml_pasleep_scale_weekly_3_s012_41284804_60.pkl
3584,55.0,47.30755245476958,abcd-ml,pasleep,scale,weekly,3,s012,41284804,60,out/abcd-ml_pasleep_scale_weekly_3_s012_41284804_60.pkl
3585,40.0,44.373540554434356,abcd-ml,pasleep,scale,weekly,3,s012,41284804,60,out/abcd-ml_pasleep_scale_weekly_3_s012_41284804_60.pkl
3586,55.0,47.344341006140475,abcd-ml,pasleep,scale,weekly,3,s012,41284804,60,out/abcd-ml_pasleep_scale_weekly_3_s012_41284804_60.pkl
3587,40.0,44.33317740386664,abcd-ml,pasleep,scale,weekly,3,s012,41284804,60,out/abcd-ml_pasleep_scale_weekly_3_s012_41284804_60.pkl
3588,55.0,48.27692183420426,abcd-ml,pasleep,scale,weekly,3,s012,41284804,60,out/abcd-ml_pasleep_scale_weekly_3_s012_41284804_60.pkl
3589,40.0,44.509040276693824,abcd-ml,pasleep,scale,weekly,3,s012,41284804,60,out/abcd-ml_pasleep_scale_weekly_3_s012_41284804_60.pkl
3590,55.0,48.297112155800704,abcd-ml,pasleep,scale,weekly,3,s012,41284804,60,out/abcd-ml_pasleep_scale_weekly_3_s012_41284804_60.pkl
3591,40.0,44.48706684947702,abcd-ml,pasleep,scale,weekly,3,s012,41284804,60,out/abcd-ml_pasleep_scale_weekly_3_s012_41284804_60.pkl
3592,40.0,46.48646612701501,abcd-ml,pasleep,scale,weekly,3,s012,41284804,60,out/abcd-ml_pasleep_scale_weekly_3_s012_41284804_60.pkl
3593,40.0,43.65050117529199,abcd-ml,pasleep,scale,weekly,3,s012,41284804,60,out/abcd-ml_pasleep_scale_weekly_3_s012_41284804_60.pkl
3594,40.0,46.37093130176938,abcd-ml,pasleep,scale,weekly,3,s012,41284804,60,out/abcd-ml_pasleep_scale_weekly_3_s012_41284804_60.pkl
3595,40.0,43.777981942553325,abcd-ml,pasleep,scale,weekly,3,s012,41284804,60,out/abcd-ml_pasleep_scale_weekly_3_s012_41284804_60.pkl
3596,69.0,47.6720883707399,abcd-ml,pasleep,scale,weekly,3,s012,41284804,60,out/abcd-ml_pasleep_scale_weekly_3_s012_41284804_60.pkl
3597,69.0,44.30288276886886,abcd-ml,pasleep,scale,weekly,3,s012,41284804,60,out/abcd-ml_pasleep_scale_weekly_3_s012_41284804_60.pkl
3598,69.0,47.56125349840532,abcd-ml,pasleep,scale,weekly,3,s012,41284804,60,out/abcd-ml_pasleep_scale_weekly_3_s012_41284804_60.pkl
3599,69.0,44.42588859039395,abcd-ml,pasleep,scale,weekly,3,s012,41284804,60,out/abcd-ml_pasleep_scale_weekly_3_s012_41284804_60.pkl
3600,69.0,47.58803020959893,abcd-ml,pasleep,scale,weekly,3,s012,41284804,60,out/abcd-ml_pasleep_scale_weekly_3_s012_41284804_60.pkl
3601,69.0,44.21845704042384,abcd-ml,pasleep,scale,weekly,3,s012,41284804,60,out/abcd-ml_pasleep_scale_weekly_3_s012_41284804_60.pkl
3602,69.0,47.66384146982246,abcd-ml,pasleep,scale,weekly,3,s012,41284804,60,out/abcd-ml_pasleep_scale_weekly_3_s012_41284804_60.pkl
3603,69.0,44.259811335934614,abcd-ml,pasleep,scale,weekly,3,s012,41284804,60,out/abcd-ml_pasleep_scale_weekly_3_s012_41284804_60.pkl
3604,69.0,47.57204169379025,abcd-ml,pasleep,scale,weekly,3,s012,41284804,60,out/abcd-ml_pasleep_scale_weekly_3_s012_41284804_60.pkl
3605,69.0,44.361904756629194,abcd-ml,pasleep,scale,weekly,3,s012,41284804,60,out/abcd-ml_pasleep_scale_weekly_3_s012_41284804_60.pkl
3606,33.0,48.45723223255993,abcd-ml,pasleep,scale,weekly,3,s012,41284804,60,out/abcd-ml_pasleep_scale_weekly_3_s012_41284804_60.pkl
3607,34.0,44.508298471851006,abcd-ml,pasleep,scale,weekly,3,s012,41284804,60,out/abcd-ml_pasleep_scale_weekly_3_s012_41284804_60.pkl
3608,33.0,48.41322696721368,abcd-ml,pasleep,scale,weekly,3,s012,41284804,60,out/abcd-ml_pasleep_scale_weekly_3_s012_41284804_60.pkl
3609,34.0,44.55702378578742,abcd-ml,pasleep,scale,weekly,3,s012,41284804,60,out/abcd-ml_pasleep_scale_weekly_3_s012_41284804_60.pkl
3610,33.0,48.45412208181922,abcd-ml,pasleep,scale,weekly,3,s012,41284804,60,out/abcd-ml_pasleep_scale_weekly_3_s012_41284804_60.pkl
3611,34.0,44.4043988075623,abcd-ml,pasleep,scale,weekly,3,s012,41284804,60,out/abcd-ml_pasleep_scale_weekly_3_s012_41284804_60.pkl
3612,33.0,48.34862138227841,abcd-ml,pasleep,scale,weekly,3,s012,41284804,60,out/abcd-ml_pasleep_scale_weekly_3_s012_41284804_60.pkl
3613,34.0,44.52137257783805,abcd-ml,pasleep,scale,weekly,3,s012,41284804,60,out/abcd-ml_pasleep_scale_weekly_3_s012_41284804_60.pkl
3614,33.0,48.53890026292927,abcd-ml,pasleep,scale,weekly,3,s012,41284804,60,out/abcd-ml_pasleep_scale_weekly_3_s012_41284804_60.pkl
3615,34.0,44.726247390219726,abcd-ml,pasleep,scale,weekly,3,s012,41284804,60,out/abcd-ml_pasleep_scale_weekly_3_s012_41284804_60.pkl
3616,33.0,48.680940584579204,abcd-ml,pasleep,scale,weekly,3,s012,41284804,60,out/abcd-ml_pasleep_scale_weekly_3_s012_41284804_60.pkl
3617,34.0,44.568308230863096,abcd-ml,pasleep,scale,weekly,3,s012,41284804,60,out/abcd-ml_pasleep_scale_weekly_3_s012_41284804_60.pkl
3618,34.0,49.01960517490017,abcd-ml,pasleep,scale,weekly,3,s012,41284804,60,out/abcd-ml_pasleep_scale_weekly_3_s012_41284804_60.pkl
3619,33.0,44.67702316111439,abcd-ml,pasleep,scale,weekly,3,s012,41284804,60,out/abcd-ml_pasleep_scale_weekly_3_s012_41284804_60.pkl
3620,34.0,47.97587282908704,abcd-ml,pasleep,scale,weekly,3,s012,41284804,60,out/abcd-ml_pasleep_scale_weekly_3_s012_41284804_60.pkl
3621,33.0,44.25768562338668,abcd-ml,pasleep,scale,weekly,3,s012,41284804,60,out/abcd-ml_pasleep_scale_weekly_3_s012_41284804_60.pkl
3622,34.0,47.95363400036696,abcd-ml,pasleep,scale,weekly,3,s012,41284804,60,out/abcd-ml_pasleep_scale_weekly_3_s012_41284804_60.pkl
3623,33.0,44.282422361271884,abcd-ml,pasleep,scale,weekly,3,s012,41284804,60,out/abcd-ml_pasleep_scale_weekly_3_s012_41284804_60.pkl
3624,34.0,48.07679875268514,abcd-ml,pasleep,scale,weekly,3,s012,41284804,60,out/abcd-ml_pasleep_scale_weekly_3_s012_41284804_60.pkl
3625,33.0,44.35833072006288,abcd-ml,pasleep,scale,weekly,3,s012,41284804,60,out/abcd-ml_pasleep_scale_weekly_3_s012_41284804_60.pkl
3626,34.0,48.150612826410324,abcd-ml,pasleep,scale,weekly,3,s012,41284804,60,out/abcd-ml_pasleep_scale_weekly_3_s012_41284804_60.pkl
3627,33.0,44.18561735915005,abcd-ml,pasleep,scale,weekly,3,s012,41284804,60,out/abcd-ml_pasleep_scale_weekly_3_s012_41284804_60.pkl
3628,43.0,48.31447625976739,abcd-ml,pasleep,scale,weekly,3,s012,41284804,60,out/abcd-ml_pasleep_scale_weekly_3_s012_41284804_60.pkl
3629,34.0,44.66371720715429,abcd-ml,pasleep,scale,weekly,3,s012,41284804,60,out/abcd-ml_pasleep_scale_weekly_3_s012_41284804_60.pkl
3630,43.0,48.452400805917605,abcd-ml,pasleep,scale,weekly,3,s012,41284804,60,out/abcd-ml_pasleep_scale_weekly_3_s012_41284804_60.pkl
3631,34.0,44.510735948970584,abcd-ml,pasleep,scale,weekly,3,s012,41284804,60,out/abcd-ml_pasleep_scale_weekly_3_s012_41284804_60.pkl
3632,43.0,48.78845258398971,abcd-ml,pasleep,scale,weekly,3,s012,41284804,60,out/abcd-ml_pasleep_scale_weekly_3_s012_41284804_60.pkl
3633,34.0,44.75578160315091,abcd-ml,pasleep,scale,weekly,3,s012,41284804,60,out/abcd-ml_pasleep_scale_weekly_3_s012_41284804_60.pkl
3634,43.0,48.6495182112881,abcd-ml,pasleep,scale,weekly,3,s012,41284804,60,out/abcd-ml_pasleep_scale_weekly_3_s012_41284804_60.pkl
3635,34.0,44.58357238847326,abcd-ml,pasleep,scale,weekly,3,s012,41284804,60,out/abcd-ml_pasleep_scale_weekly_3_s012_41284804_60.pkl
3636,43.0,48.73358940053038,abcd-ml,pasleep,scale,weekly,3,s012,41284804,60,out/abcd-ml_pasleep_scale_weekly_3_s012_41284804_60.pkl
3637,34.0,44.490135593286524,abcd-ml,pasleep,scale,weekly,3,s012,41284804,60,out/abcd-ml_pasleep_scale_weekly_3_s012_41284804_60.pkl
3638,62.0,48.056049171839256,abcd-ml,pasleep,scale,weekly,3,s012,41284804,60,out/abcd-ml_pasleep_scale_weekly_3_s012_41284804_60.pkl
3639,60.0,44.50745824285592,abcd-ml,pasleep,scale,weekly,3,s012,41284804,60,out/abcd-ml_pasleep_scale_weekly_3_s012_41284804_60.pkl
3640,62.0,48.09855624151784,abcd-ml,pasleep,scale,weekly,3,s012,41284804,60,out/abcd-ml_pasleep_scale_weekly_3_s012_41284804_60.pkl
3641,60.0,44.459735679878506,abcd-ml,pasleep,scale,weekly,3,s012,41284804,60,out/abcd-ml_pasleep_scale_weekly_3_s012_41284804_60.pkl
3642,62.0,48.695396731253226,abcd-ml,pasleep,scale,weekly,3,s012,41284804,60,out/abcd-ml_pasleep_scale_weekly_3_s012_41284804_60.pkl
3643,60.0,44.431775373594085,abcd-ml,pasleep,scale,weekly,3,s012,41284804,60,out/abcd-ml_pasleep_scale_weekly_3_s012_41284804_60.pkl
3644,62.0,48.596441503977154,abcd-ml,pasleep,scale,weekly,3,s012,41284804,60,out/abcd-ml_pasleep_scale_weekly_3_s012_41284804_60.pkl
3645,60.0,44.5410910583427,abcd-ml,pasleep,scale,weekly,3,s012,41284804,60,out/abcd-ml_pasleep_scale_weekly_3_s012_41284804_60.pkl
3646,62.0,48.53397801097781,abcd-ml,pasleep,scale,weekly,3,s012,41284804,60,out/abcd-ml_pasleep_scale_weekly_3_s012_41284804_60.pkl
3647,60.0,44.35862775930697,abcd-ml,pasleep,scale,weekly,3,s012,41284804,60,out/abcd-ml_pasleep_scale_weekly_3_s012_41284804_60.pkl
3648,34.0,47.71402357657855,abcd-ml,pasleep,scale,weekly,3,s012,41284804,60,out/abcd-ml_pasleep_scale_weekly_3_s012_41284804_60.pkl
3649,33.0,44.49608794311747,abcd-ml,pasleep,scale,weekly,3,s012,41284804,60,out/abcd-ml_pasleep_scale_weekly_3_s012_41284804_60.pkl
3650,34.0,47.82496326608741,abcd-ml,pasleep,scale,weekly,3,s012,41284804,60,out/abcd-ml_pasleep_scale_weekly_3_s012_41284804_60.pkl
3651,33.0,44.3737534136951,abcd-ml,pasleep,scale,weekly,3,s012,41284804,60,out/abcd-ml_pasleep_scale_weekly_3_s012_41284804_60.pkl
3652,34.0,48.41764603806757,abcd-ml,pasleep,scale,weekly,3,s012,41284804,60,out/abcd-ml_pasleep_scale_weekly_3_s012_41284804_60.pkl
3653,33.0,44.720362100808174,abcd-ml,pasleep,scale,weekly,3,s012,41284804,60,out/abcd-ml_pasleep_scale_weekly_3_s012_41284804_60.pkl
3654,34.0,48.5132978529395,abcd-ml,pasleep,scale,weekly,3,s012,41284804,60,out/abcd-ml_pasleep_scale_weekly_3_s012_41284804_60.pkl
3655,33.0,44.614962154339516,abcd-ml,pasleep,scale,weekly,3,s012,41284804,60,out/abcd-ml_pasleep_scale_weekly_3_s012_41284804_60.pkl
3656,34.0,48.142992540748594,abcd-ml,pasleep,scale,weekly,3,s012,41284804,60,out/abcd-ml_pasleep_scale_weekly_3_s012_41284804_60.pkl
3657,33.0,44.54535050292118,abcd-ml,pasleep,scale,weekly,3,s012,41284804,60,out/abcd-ml_pasleep_scale_weekly_3_s012_41284804_60.pkl
3658,34.0,48.211806352453266,abcd-ml,pasleep,scale,weekly,3,s012,41284804,60,out/abcd-ml_pasleep_scale_weekly_3_s012_41284804_60.pkl
3659,33.0,44.46971641527455,abcd-ml,pasleep,scale,weekly,3,s012,41284804,60,out/abcd-ml_pasleep_scale_weekly_3_s012_41284804_60.pkl
3660,33.0,48.449705376269904,abcd-ml,pasleep,scale,weekly,3,s012,41284804,60,out/abcd-ml_pasleep_scale_weekly_3_s012_41284804_60.pkl
3661,34.0,44.25652554196037,abcd-ml,pasleep,scale,weekly,3,s012,41284804,60,out/abcd-ml_pasleep_scale_weekly_3_s012_41284804_60.pkl
3662,33.0,48.222767688893896,abcd-ml,pasleep,scale,weekly,3,s012,41284804,60,out/abcd-ml_pasleep_scale_weekly_3_s012_41284804_60.pkl
3663,34.0,44.50760913469817,abcd-ml,pasleep,scale,weekly,3,s012,41284804,60,out/abcd-ml_pasleep_scale_weekly_3_s012_41284804_60.pkl
3664,33.0,48.543662605790935,abcd-ml,pasleep,scale,weekly,3,s012,41284804,60,out/abcd-ml_pasleep_scale_weekly_3_s012_41284804_60.pkl
3665,34.0,44.60218924267768,abcd-ml,pasleep,scale,weekly,3,s012,41284804,60,out/abcd-ml_pasleep_scale_weekly_3_s012_41284804_60.pkl
3666,33.0,48.64123556796307,abcd-ml,pasleep,scale,weekly,3,s012,41284804,60,out/abcd-ml_pasleep_scale_weekly_3_s012_41284804_60.pkl
3667,34.0,44.49480497069388,abcd-ml,pasleep,scale,weekly,3,s012,41284804,60,out/abcd-ml_pasleep_scale_weekly_3_s012_41284804_60.pkl
3668,33.0,48.376866744491565,abcd-ml,pasleep,scale,weekly,3,s012,41284804,60,out/abcd-ml_pasleep_scale_weekly_3_s012_41284804_60.pkl
3669,34.0,44.632489713960275,abcd-ml,pasleep,scale,weekly,3,s012,41284804,60,out/abcd-ml_pasleep_scale_weekly_3_s012_41284804_60.pkl
3670,33.0,48.519616708816706,abcd-ml,pasleep,scale,weekly,3,s012,41284804,60,out/abcd-ml_pasleep_scale_weekly_3_s012_41284804_60.pkl
3671,34.0,44.47497992826882,abcd-ml,pasleep,scale,weekly,3,s012,41284804,60,out/abcd-ml_pasleep_scale_weekly_3_s012_41284804_60.pkl
3672,45.0,47.54023577417715,abcd-ml,pasleep,scale,weekly,3,s012,41284804,60,out/abcd-ml_pasleep_scale_weekly_3_s012_41284804_60.pkl
3673,44.0,44.339093383948665,abcd-ml,pasleep,scale,weekly,3,s012,41284804,60,out/abcd-ml_pasleep_scale_weekly_3_s012_41284804_60.pkl
3674,45.0,47.57428268203255,abcd-ml,pasleep,scale,weekly,3,s012,41284804,60,out/abcd-ml_pasleep_scale_weekly_3_s012_41284804_60.pkl
3675,44.0,44.3016597057379,abcd-ml,pasleep,scale,weekly,3,s012,41284804,60,out/abcd-ml_pasleep_scale_weekly_3_s012_41284804_60.pkl
3676,45.0,47.53104642956177,abcd-ml,pasleep,scale,weekly,3,s012,41284804,60,out/abcd-ml_pasleep_scale_weekly_3_s012_41284804_60.pkl
3677,44.0,44.298595493218215,abcd-ml,pasleep,scale,weekly,3,s012,41284804,60,out/abcd-ml_pasleep_scale_weekly_3_s012_41284804_60.pkl
3678,45.0,47.53848974911068,abcd-ml,pasleep,scale,weekly,3,s012,41284804,60,out/abcd-ml_pasleep_scale_weekly_3_s012_41284804_60.pkl
3679,44.0,44.290660074750235,abcd-ml,pasleep,scale,weekly,3,s012,41284804,60,out/abcd-ml_pasleep_scale_weekly_3_s012_41284804_60.pkl
3680,45.0,47.76094219662334,abcd-ml,pasleep,scale,weekly,3,s012,41284804,60,out/abcd-ml_pasleep_scale_weekly_3_s012_41284804_60.pkl
3681,44.0,44.30986980583148,abcd-ml,pasleep,scale,weekly,3,s012,41284804,60,out/abcd-ml_pasleep_scale_weekly_3_s012_41284804_60.pkl
3682,45.0,47.66464394956036,abcd-ml,pasleep,scale,weekly,3,s012,41284804,60,out/abcd-ml_pasleep_scale_weekly_3_s012_41284804_60.pkl
3683,44.0,44.41651765114777,abcd-ml,pasleep,scale,weekly,3,s012,41284804,60,out/abcd-ml_pasleep_scale_weekly_3_s012_41284804_60.pkl
3684,59.0,47.60580880422455,abcd-ml,pasleep,scale,weekly,3,s012,41284804,60,out/abcd-ml_pasleep_scale_weekly_3_s012_41284804_60.pkl
3685,56.0,44.677293335387006,abcd-ml,pasleep,scale,weekly,3,s012,41284804,60,out/abcd-ml_pasleep_scale_weekly_3_s012_41284804_60.pkl
3686,59.0,47.88078650432206,abcd-ml,pasleep,scale,weekly,3,s012,41284804,60,out/abcd-ml_pasleep_scale_weekly_3_s012_41284804_60.pkl
3687,56.0,44.37273545768365,abcd-ml,pasleep,scale,weekly,3,s012,41284804,60,out/abcd-ml_pasleep_scale_weekly_3_s012_41284804_60.pkl
3688,59.0,47.449131534892764,abcd-ml,pasleep,scale,weekly,3,s012,41284804,60,out/abcd-ml_pasleep_scale_weekly_3_s012_41284804_60.pkl
3689,56.0,44.48152051866663,abcd-ml,pasleep,scale,weekly,3,s012,41284804,60,out/abcd-ml_pasleep_scale_weekly_3_s012_41284804_60.pkl
3690,59.0,47.60644980621027,abcd-ml,pasleep,scale,weekly,3,s012,41284804,60,out/abcd-ml_pasleep_scale_weekly_3_s012_41284804_60.pkl
3691,56.0,44.307569534033966,abcd-ml,pasleep,scale,weekly,3,s012,41284804,60,out/abcd-ml_pasleep_scale_weekly_3_s012_41284804_60.pkl
3692,59.0,47.758051757808616,abcd-ml,pasleep,scale,weekly,3,s012,41284804,60,out/abcd-ml_pasleep_scale_weekly_3_s012_41284804_60.pkl
3693,56.0,44.43025492228906,abcd-ml,pasleep,scale,weekly,3,s012,41284804,60,out/abcd-ml_pasleep_scale_weekly_3_s012_41284804_60.pkl
3694,59.0,47.842163846429685,abcd-ml,pasleep,scale,weekly,3,s012,41284804,60,out/abcd-ml_pasleep_scale_weekly_3_s012_41284804_60.pkl
3695,56.0,44.33755868431503,abcd-ml,pasleep,scale,weekly,3,s012,41284804,60,out/abcd-ml_pasleep_scale_weekly_3_s012_41284804_60.pkl
3696,33.0,48.04678242507822,abcd-ml,pasleep,scale,weekly,3,s012,41284804,60,out/abcd-ml_pasleep_scale_weekly_3_s012_41284804_60.pkl
3697,34.0,44.755145971966115,abcd-ml,pasleep,scale,weekly,3,s012,41284804,60,out/abcd-ml_pasleep_scale_weekly_3_s012_41284804_60.pkl
3698,33.0,48.28119297436475,abcd-ml,pasleep,scale,weekly,3,s012,41284804,60,out/abcd-ml_pasleep_scale_weekly_3_s012_41284804_60.pkl
3699,34.0,44.496008150144775,abcd-ml,pasleep,scale,weekly,3,s012,41284804,60,out/abcd-ml_pasleep_scale_weekly_3_s012_41284804_60.pkl
3700,33.0,48.53742349518873,abcd-ml,pasleep,scale,weekly,3,s012,41284804,60,out/abcd-ml_pasleep_scale_weekly_3_s012_41284804_60.pkl
3701,34.0,44.552956337593066,abcd-ml,pasleep,scale,weekly,3,s012,41284804,60,out/abcd-ml_pasleep_scale_weekly_3_s012_41284804_60.pkl
3702,33.0,48.377414185898665,abcd-ml,pasleep,scale,weekly,3,s012,41284804,60,out/abcd-ml_pasleep_scale_weekly_3_s012_41284804_60.pkl
3703,34.0,44.729510114595534,abcd-ml,pasleep,scale,weekly,3,s012,41284804,60,out/abcd-ml_pasleep_scale_weekly_3_s012_41284804_60.pkl
3704,33.0,48.09092768673141,abcd-ml,pasleep,scale,weekly,3,s012,41284804,60,out/abcd-ml_pasleep_scale_weekly_3_s012_41284804_60.pkl
3705,34.0,44.416609718002164,abcd-ml,pasleep,scale,weekly,3,s012,41284804,60,out/abcd-ml_pasleep_scale_weekly_3_s012_41284804_60.pkl
3706,33.0,47.830700268079084,abcd-ml,pasleep,scale,weekly,3,s012,41284804,60,out/abcd-ml_pasleep_scale_weekly_3_s012_41284804_60.pkl
3707,34.0,44.70449729881141,abcd-ml,pasleep,scale,weekly,3,s012,41284804,60,out/abcd-ml_pasleep_scale_weekly_3_s012_41284804_60.pkl
3708,40.0,48.30583035272554,abcd-ml,pasleep,scale,weekly,3,s012,41284804,60,out/abcd-ml_pasleep_scale_weekly_3_s012_41284804_60.pkl
3709,34.0,44.42184919949828,abcd-ml,pasleep,scale,weekly,3,s012,41284804,60,out/abcd-ml_pasleep_scale_weekly_3_s012_41284804_60.pkl
3710,40.0,48.24930399238157,abcd-ml,pasleep,scale,weekly,3,s012,41284804,60,out/abcd-ml_pasleep_scale_weekly_3_s012_41284804_60.pkl
3711,34.0,44.484518711253195,abcd-ml,pasleep,scale,weekly,3,s012,41284804,60,out/abcd-ml_pasleep_scale_weekly_3_s012_41284804_60.pkl
3712,40.0,47.19643731129436,abcd-ml,pasleep,scale,weekly,3,s012,41284804,60,out/abcd-ml_pasleep_scale_weekly_3_s012_41284804_60.pkl
3713,34.0,44.14607346819257,abcd-ml,pasleep,scale,weekly,3,s012,41284804,60,out/abcd-ml_pasleep_scale_weekly_3_s012_41284804_60.pkl
3714,40.0,47.05260043959326,abcd-ml,pasleep,scale,weekly,3,s012,41284804,60,out/abcd-ml_pasleep_scale_weekly_3_s012_41284804_60.pkl
3715,34.0,44.30593685927027,abcd-ml,pasleep,scale,weekly,3,s012,41284804,60,out/abcd-ml_pasleep_scale_weekly_3_s012_41284804_60.pkl
3716,40.0,47.538457805878195,abcd-ml,pasleep,scale,weekly,3,s012,41284804,60,out/abcd-ml_pasleep_scale_weekly_3_s012_41284804_60.pkl
3717,34.0,44.31048856920992,abcd-ml,pasleep,scale,weekly,3,s012,41284804,60,out/abcd-ml_pasleep_scale_weekly_3_s012_41284804_60.pkl
3718,40.0,47.57876822122777,abcd-ml,pasleep,scale,weekly,3,s012,41284804,60,out/abcd-ml_pasleep_scale_weekly_3_s012_41284804_60.pkl
3719,34.0,44.26591214482221,abcd-ml,pasleep,scale,weekly,3,s012,41284804,60,out/abcd-ml_pasleep_scale_weekly_3_s012_41284804_60.pkl
3720,44.0,48.553059218440566,abcd-ml,pasleep,scale,weekly,3,s012,41284804,60,out/abcd-ml_pasleep_scale_weekly_3_s012_41284804_60.pkl
3721,54.0,44.37826047807839,abcd-ml,pasleep,scale,weekly,3,s012,41284804,60,out/abcd-ml_pasleep_scale_weekly_3_s012_41284804_60.pkl
3722,44.0,48.4226473801895,abcd-ml,pasleep,scale,weekly,3,s012,41284804,60,out/abcd-ml_pasleep_scale_weekly_3_s012_41284804_60.pkl
3723,54.0,44.52276979932432,abcd-ml,pasleep,scale,weekly,3,s012,41284804,60,out/abcd-ml_pasleep_scale_weekly_3_s012_41284804_60.pkl
3724,44.0,48.028748284980736,abcd-ml,pasleep,scale,weekly,3,s012,41284804,60,out/abcd-ml_pasleep_scale_weekly_3_s012_41284804_60.pkl
3725,54.0,44.48535883319008,abcd-ml,pasleep,scale,weekly,3,s012,41284804,60,out/abcd-ml_pasleep_scale_weekly_3_s012_41284804_60.pkl
3726,44.0,48.122719624173804,abcd-ml,pasleep,scale,weekly,3,s012,41284804,60,out/abcd-ml_pasleep_scale_weekly_3_s012_41284804_60.pkl
3727,54.0,44.38135997179275,abcd-ml,pasleep,scale,weekly,3,s012,41284804,60,out/abcd-ml_pasleep_scale_weekly_3_s012_41284804_60.pkl
3728,44.0,48.02566181296804,abcd-ml,pasleep,scale,weekly,3,s012,41284804,60,out/abcd-ml_pasleep_scale_weekly_3_s012_41284804_60.pkl
3729,54.0,44.485043163038355,abcd-ml,pasleep,scale,weekly,3,s012,41284804,60,out/abcd-ml_pasleep_scale_weekly_3_s012_41284804_60.pkl
3730,44.0,48.08306281624826,abcd-ml,pasleep,scale,weekly,3,s012,41284804,60,out/abcd-ml_pasleep_scale_weekly_3_s012_41284804_60.pkl
3731,54.0,44.42092079589224,abcd-ml,pasleep,scale,weekly,3,s012,41284804,60,out/abcd-ml_pasleep_scale_weekly_3_s012_41284804_60.pkl
3732,39.0,47.609188280158776,abcd-ml,pasleep,scale,weekly,3,s012,41284804,60,out/abcd-ml_pasleep_scale_weekly_3_s012_41284804_60.pkl
3733,51.0,44.19230592352451,abcd-ml,pasleep,scale,weekly,3,s012,41284804,60,out/abcd-ml_pasleep_scale_weekly_3_s012_41284804_60.pkl
3734,39.0,47.54606809044598,abcd-ml,pasleep,scale,weekly,3,s012,41284804,60,out/abcd-ml_pasleep_scale_weekly_3_s012_41284804_60.pkl
3735,51.0,44.26176056741225,abcd-ml,pasleep,scale,weekly,3,s012,41284804,60,out/abcd-ml_pasleep_scale_weekly_3_s012_41284804_60.pkl
3736,39.0,47.61259897789496,abcd-ml,pasleep,scale,weekly,3,s012,41284804,60,out/abcd-ml_pasleep_scale_weekly_3_s012_41284804_60.pkl
3737,51.0,44.14583789873677,abcd-ml,pasleep,scale,weekly,3,s012,41284804,60,out/abcd-ml_pasleep_scale_weekly_3_s012_41284804_60.pkl
3738,39.0,47.55265173403379,abcd-ml,pasleep,scale,weekly,3,s012,41284804,60,out/abcd-ml_pasleep_scale_weekly_3_s012_41284804_60.pkl
3739,51.0,44.21172835896668,abcd-ml,pasleep,scale,weekly,3,s012,41284804,60,out/abcd-ml_pasleep_scale_weekly_3_s012_41284804_60.pkl
3740,39.0,47.71577936656331,abcd-ml,pasleep,scale,weekly,3,s012,41284804,60,out/abcd-ml_pasleep_scale_weekly_3_s012_41284804_60.pkl
3741,51.0,44.12784332660827,abcd-ml,pasleep,scale,weekly,3,s012,41284804,60,out/abcd-ml_pasleep_scale_weekly_3_s012_41284804_60.pkl
3742,45.0,47.74191062782438,abcd-ml,pasleep,scale,weekly,3,s012,41284804,60,out/abcd-ml_pasleep_scale_weekly_3_s012_41284804_60.pkl
3743,44.0,44.256123109278306,abcd-ml,pasleep,scale,weekly,3,s012,41284804,60,out/abcd-ml_pasleep_scale_weekly_3_s012_41284804_60.pkl
3744,45.0,47.17264739350818,abcd-ml,pasleep,scale,weekly,3,s012,41284804,60,out/abcd-ml_pasleep_scale_weekly_3_s012_41284804_60.pkl
3745,44.0,44.13892244752644,abcd-ml,pasleep,scale,weekly,3,s012,41284804,60,out/abcd-ml_pasleep_scale_weekly_3_s012_41284804_60.pkl
3746,45.0,47.106293362377905,abcd-ml,pasleep,scale,weekly,3,s012,41284804,60,out/abcd-ml_pasleep_scale_weekly_3_s012_41284804_60.pkl
3747,44.0,44.146129011870805,abcd-ml,pasleep,scale,weekly,3,s012,41284804,60,out/abcd-ml_pasleep_scale_weekly_3_s012_41284804_60.pkl
3748,45.0,47.05855330883574,abcd-ml,pasleep,scale,weekly,3,s012,41284804,60,out/abcd-ml_pasleep_scale_weekly_3_s012_41284804_60.pkl
3749,44.0,44.19891098646052,abcd-ml,pasleep,scale,weekly,3,s012,41284804,60,out/abcd-ml_pasleep_scale_weekly_3_s012_41284804_60.pkl
3750,43.0,47.564483104385936,abcd-ml,pasleep,scale,weekly,3,s012,41284804,60,out/abcd-ml_pasleep_scale_weekly_3_s012_41284804_60.pkl
3751,34.0,44.46281260252012,abcd-ml,pasleep,scale,weekly,3,s012,41284804,60,out/abcd-ml_pasleep_scale_weekly_3_s012_41284804_60.pkl
3752,43.0,47.379258849787,abcd-ml,pasleep,scale,weekly,3,s012,41284804,60,out/abcd-ml_pasleep_scale_weekly_3_s012_41284804_60.pkl
3753,34.0,44.36521567280174,abcd-ml,pasleep,scale,weekly,3,s012,41284804,60,out/abcd-ml_pasleep_scale_weekly_3_s012_41284804_60.pkl
3754,43.0,47.77349528447056,abcd-ml,pasleep,scale,weekly,3,s012,41284804,60,out/abcd-ml_pasleep_scale_weekly_3_s012_41284804_60.pkl
3755,34.0,44.39713944595283,abcd-ml,pasleep,scale,weekly,3,s012,41284804,60,out/abcd-ml_pasleep_scale_weekly_3_s012_41284804_60.pkl
3756,43.0,47.57767769499775,abcd-ml,pasleep,scale,weekly,3,s012,41284804,60,out/abcd-ml_pasleep_scale_weekly_3_s012_41284804_60.pkl
3757,34.0,44.61403530826153,abcd-ml,pasleep,scale,weekly,3,s012,41284804,60,out/abcd-ml_pasleep_scale_weekly_3_s012_41284804_60.pkl
3758,48.0,48.24707061102329,abcd-ml,pasleep,scale,weekly,3,s012,41284804,60,out/abcd-ml_pasleep_scale_weekly_3_s012_41284804_60.pkl
3759,34.0,44.48717898511178,abcd-ml,pasleep,scale,weekly,3,s012,41284804,60,out/abcd-ml_pasleep_scale_weekly_3_s012_41284804_60.pkl
3760,48.0,48.49269708460161,abcd-ml,pasleep,scale,weekly,3,s012,41284804,60,out/abcd-ml_pasleep_scale_weekly_3_s012_41284804_60.pkl
3761,34.0,44.504047513453145,abcd-ml,pasleep,scale,weekly,3,s012,41284804,60,out/abcd-ml_pasleep_scale_weekly_3_s012_41284804_60.pkl
3762,48.0,48.49473205753651,abcd-ml,pasleep,scale,weekly,3,s012,41284804,60,out/abcd-ml_pasleep_scale_weekly_3_s012_41284804_60.pkl
3763,34.0,44.501621623193856,abcd-ml,pasleep,scale,weekly,3,s012,41284804,60,out/abcd-ml_pasleep_scale_weekly_3_s012_41284804_60.pkl
3764,48.0,48.35935615084162,abcd-ml,pasleep,scale,weekly,3,s012,41284804,60,out/abcd-ml_pasleep_scale_weekly_3_s012_41284804_60.pkl
3765,34.0,44.54435336611881,abcd-ml,pasleep,scale,weekly,3,s012,41284804,60,out/abcd-ml_pasleep_scale_weekly_3_s012_41284804_60.pkl
3766,48.0,48.36729293108494,abcd-ml,pasleep,scale,weekly,3,s012,41284804,60,out/abcd-ml_pasleep_scale_weekly_3_s012_41284804_60.pkl
3767,34.0,44.53533891313682,abcd-ml,pasleep,scale,weekly,3,s012,41284804,60,out/abcd-ml_pasleep_scale_weekly_3_s012_41284804_60.pkl
3768,44.0,48.07991239160218,abcd-ml,pasleep,scale,weekly,3,s012,41284804,60,out/abcd-ml_pasleep_scale_weekly_3_s012_41284804_60.pkl
3769,34.0,44.35678162434424,abcd-ml,pasleep,scale,weekly,3,s012,41284804,60,out/abcd-ml_pasleep_scale_weekly_3_s012_41284804_60.pkl
3770,44.0,48.008119509848406,abcd-ml,pasleep,scale,weekly,3,s012,41284804,60,out/abcd-ml_pasleep_scale_weekly_3_s012_41284804_60.pkl
3771,34.0,44.43590815296233,abcd-ml,pasleep,scale,weekly,3,s012,41284804,60,out/abcd-ml_pasleep_scale_weekly_3_s012_41284804_60.pkl
3772,44.0,48.19670083779292,abcd-ml,pasleep,scale,weekly,3,s012,41284804,60,out/abcd-ml_pasleep_scale_weekly_3_s012_41284804_60.pkl
3773,34.0,44.59655007640127,abcd-ml,pasleep,scale,weekly,3,s012,41284804,60,out/abcd-ml_pasleep_scale_weekly_3_s012_41284804_60.pkl
3774,44.0,48.320536636791964,abcd-ml,pasleep,scale,weekly,3,s012,41284804,60,out/abcd-ml_pasleep_scale_weekly_3_s012_41284804_60.pkl
3775,34.0,44.458411003761654,abcd-ml,pasleep,scale,weekly,3,s012,41284804,60,out/abcd-ml_pasleep_scale_weekly_3_s012_41284804_60.pkl
3776,44.0,48.67724669917855,abcd-ml,pasleep,scale,weekly,3,s012,41284804,60,out/abcd-ml_pasleep_scale_weekly_3_s012_41284804_60.pkl
3777,34.0,44.71110271386995,abcd-ml,pasleep,scale,weekly,3,s012,41284804,60,out/abcd-ml_pasleep_scale_weekly_3_s012_41284804_60.pkl
3778,44.0,48.394202938072354,abcd-ml,pasleep,scale,weekly,3,s012,41284804,60,out/abcd-ml_pasleep_scale_weekly_3_s012_41284804_60.pkl
3779,40.0,44.10219999449036,abcd-ml,pasleep,scale,weekly,3,s012,41284804,60,out/abcd-ml_pasleep_scale_weekly_3_s012_41284804_60.pkl
3780,44.0,48.05572116776212,abcd-ml,pasleep,scale,weekly,3,s012,41284804,60,out/abcd-ml_pasleep_scale_weekly_3_s012_41284804_60.pkl
3781,40.0,44.47808347636996,abcd-ml,pasleep,scale,weekly,3,s012,41284804,60,out/abcd-ml_pasleep_scale_weekly_3_s012_41284804_60.pkl
3782,44.0,48.105789033548525,abcd-ml,pasleep,scale,weekly,3,s012,41284804,60,out/abcd-ml_pasleep_scale_weekly_3_s012_41284804_60.pkl
3783,40.0,44.52367129837889,abcd-ml,pasleep,scale,weekly,3,s012,41284804,60,out/abcd-ml_pasleep_scale_weekly_3_s012_41284804_60.pkl
3784,44.0,47.203343907011735,abcd-ml,pasleep,scale,weekly,3,s012,41284804,60,out/abcd-ml_pasleep_scale_weekly_3_s012_41284804_60.pkl
3785,40.0,44.0381514017569,abcd-ml,pasleep,scale,weekly,3,s012,41284804,60,out/abcd-ml_pasleep_scale_weekly_3_s012_41284804_60.pkl
3786,33.0,47.60640212193465,abcd-ml,pasleep,scale,weekly,3,s012,41284804,60,out/abcd-ml_pasleep_scale_weekly_3_s012_41284804_60.pkl
3787,34.0,44.88421379130973,abcd-ml,pasleep,scale,weekly,3,s012,41284804,60,out/abcd-ml_pasleep_scale_weekly_3_s012_41284804_60.pkl
3788,33.0,47.9270788430214,abcd-ml,pasleep,scale,weekly,3,s012,41284804,60,out/abcd-ml_pasleep_scale_weekly_3_s012_41284804_60.pkl
3789,34.0,44.52888928037706,abcd-ml,pasleep,scale,weekly,3,s012,41284804,60,out/abcd-ml_pasleep_scale_weekly_3_s012_41284804_60.pkl
3790,33.0,48.530593379949636,abcd-ml,pasleep,scale,weekly,3,s012,41284804,60,out/abcd-ml_pasleep_scale_weekly_3_s012_41284804_60.pkl
3791,34.0,44.612778255321786,abcd-ml,pasleep,scale,weekly,3,s012,41284804,60,out/abcd-ml_pasleep_scale_weekly_3_s012_41284804_60.pkl
3792,33.0,48.338779590767736,abcd-ml,pasleep,scale,weekly,3,s012,41284804,60,out/abcd-ml_pasleep_scale_weekly_3_s012_41284804_60.pkl
3793,34.0,44.825056872666124,abcd-ml,pasleep,scale,weekly,3,s012,41284804,60,out/abcd-ml_pasleep_scale_weekly_3_s012_41284804_60.pkl
3794,50.0,47.93321138942556,abcd-ml,pasleep,scale,weekly,3,s012,41284804,60,out/abcd-ml_pasleep_scale_weekly_3_s012_41284804_60.pkl
3795,34.0,44.415419017749045,abcd-ml,pasleep,scale,weekly,3,s012,41284804,60,out/abcd-ml_pasleep_scale_weekly_3_s012_41284804_60.pkl
3796,50.0,47.95003504930121,abcd-ml,pasleep,scale,weekly,3,s012,41284804,60,out/abcd-ml_pasleep_scale_weekly_3_s012_41284804_60.pkl
3797,34.0,44.396735603794184,abcd-ml,pasleep,scale,weekly,3,s012,41284804,60,out/abcd-ml_pasleep_scale_weekly_3_s012_41284804_60.pkl
3798,50.0,48.3036847618095,abcd-ml,pasleep,scale,weekly,3,s012,41284804,60,out/abcd-ml_pasleep_scale_weekly_3_s012_41284804_60.pkl
3799,34.0,44.579516132914236,abcd-ml,pasleep,scale,weekly,3,s012,41284804,60,out/abcd-ml_pasleep_scale_weekly_3_s012_41284804_60.pkl
3800,50.0,48.108758585081915,abcd-ml,pasleep,scale,weekly,3,s012,41284804,60,out/abcd-ml_pasleep_scale_weekly_3_s012_41284804_60.pkl
3801,34.0,44.79601550769268,abcd-ml,pasleep,scale,weekly,3,s012,41284804,60,out/abcd-ml_pasleep_scale_weekly_3_s012_41284804_60.pkl
3802,50.0,48.8643850305544,abcd-ml,pasleep,scale,weekly,3,s012,41284804,60,out/abcd-ml_pasleep_scale_weekly_3_s012_41284804_60.pkl
3803,34.0,44.48236522686802,abcd-ml,pasleep,scale,weekly,3,s012,41284804,60,out/abcd-ml_pasleep_scale_weekly_3_s012_41284804_60.pkl
3804,50.0,48.761079299342825,abcd-ml,pasleep,scale,weekly,3,s012,41284804,60,out/abcd-ml_pasleep_scale_weekly_3_s012_41284804_60.pkl
3805,34.0,44.59699740962351,abcd-ml,pasleep,scale,weekly,3,s012,41284804,60,out/abcd-ml_pasleep_scale_weekly_3_s012_41284804_60.pkl
3806,63.0,48.13782402912738,abcd-ml,pasleep,scale,weekly,3,s012,41284804,60,out/abcd-ml_pasleep_scale_weekly_3_s012_41284804_60.pkl
3807,54.0,44.1252906890399,abcd-ml,pasleep,scale,weekly,3,s012,41284804,60,out/abcd-ml_pasleep_scale_weekly_3_s012_41284804_60.pkl
3808,63.0,47.922265257796575,abcd-ml,pasleep,scale,weekly,3,s012,41284804,60,out/abcd-ml_pasleep_scale_weekly_3_s012_41284804_60.pkl
3809,54.0,44.36372830491082,abcd-ml,pasleep,scale,weekly,3,s012,41284804,60,out/abcd-ml_pasleep_scale_weekly_3_s012_41284804_60.pkl
3810,63.0,48.03334055822162,abcd-ml,pasleep,scale,weekly,3,s012,41284804,60,out/abcd-ml_pasleep_scale_weekly_3_s012_41284804_60.pkl
3811,54.0,44.37692864535548,abcd-ml,pasleep,scale,weekly,3,s012,41284804,60,out/abcd-ml_pasleep_scale_weekly_3_s012_41284804_60.pkl
3812,63.0,48.1184933530962,abcd-ml,pasleep,scale,weekly,3,s012,41284804,60,out/abcd-ml_pasleep_scale_weekly_3_s012_41284804_60.pkl
3813,54.0,44.28334650679086,abcd-ml,pasleep,scale,weekly,3,s012,41284804,60,out/abcd-ml_pasleep_scale_weekly_3_s012_41284804_60.pkl
3814,63.0,48.234984725756746,abcd-ml,pasleep,scale,weekly,3,s012,41284804,60,out/abcd-ml_pasleep_scale_weekly_3_s012_41284804_60.pkl
3815,54.0,44.45551404752242,abcd-ml,pasleep,scale,weekly,3,s012,41284804,60,out/abcd-ml_pasleep_scale_weekly_3_s012_41284804_60.pkl
3816,63.0,48.21392421612592,abcd-ml,pasleep,scale,weekly,3,s012,41284804,60,out/abcd-ml_pasleep_scale_weekly_3_s012_41284804_60.pkl
3817,54.0,44.479912670045664,abcd-ml,pasleep,scale,weekly,3,s012,41284804,60,out/abcd-ml_pasleep_scale_weekly_3_s012_41284804_60.pkl
3818,71.0,47.98507318124419,abcd-ml,pasleep,scale,weekly,3,s012,41284804,60,out/abcd-ml_pasleep_scale_weekly_3_s012_41284804_60.pkl
3819,64.0,44.582497888716446,abcd-ml,pasleep,scale,weekly,3,s012,41284804,60,out/abcd-ml_pasleep_scale_weekly_3_s012_41284804_60.pkl
3820,71.0,48.12152996204126,abcd-ml,pasleep,scale,weekly,3,s012,41284804,60,out/abcd-ml_pasleep_scale_weekly_3_s012_41284804_60.pkl
3821,64.0,44.4313941633626,abcd-ml,pasleep,scale,weekly,3,s012,41284804,60,out/abcd-ml_pasleep_scale_weekly_3_s012_41284804_60.pkl
3822,71.0,48.12878967086907,abcd-ml,pasleep,scale,weekly,3,s012,41284804,60,out/abcd-ml_pasleep_scale_weekly_3_s012_41284804_60.pkl
3823,64.0,44.404210502989415,abcd-ml,pasleep,scale,weekly,3,s012,41284804,60,out/abcd-ml_pasleep_scale_weekly_3_s012_41284804_60.pkl
3824,71.0,48.12798398408247,abcd-ml,pasleep,scale,weekly,3,s012,41284804,60,out/abcd-ml_pasleep_scale_weekly_3_s012_41284804_60.pkl
3825,64.0,44.40548189746907,abcd-ml,pasleep,scale,weekly,3,s012,41284804,60,out/abcd-ml_pasleep_scale_weekly_3_s012_41284804_60.pkl
3826,71.0,47.9546985476383,abcd-ml,pasleep,scale,weekly,3,s012,41284804,60,out/abcd-ml_pasleep_scale_weekly_3_s012_41284804_60.pkl
3827,64.0,44.304902742900964,abcd-ml,pasleep,scale,weekly,3,s012,41284804,60,out/abcd-ml_pasleep_scale_weekly_3_s012_41284804_60.pkl
3828,71.0,47.90531177156622,abcd-ml,pasleep,scale,weekly,3,s012,41284804,60,out/abcd-ml_pasleep_scale_weekly_3_s012_41284804_60.pkl
3829,64.0,44.35939589850485,abcd-ml,pasleep,scale,weekly,3,s012,41284804,60,out/abcd-ml_pasleep_scale_weekly_3_s012_41284804_60.pkl
3830,34.0,48.271140448637226,abcd-ml,pasleep,scale,weekly,3,s012,41284804,60,out/abcd-ml_pasleep_scale_weekly_3_s012_41284804_60.pkl
3831,33.0,44.577014300482645,abcd-ml,pasleep,scale,weekly,3,s012,41284804,60,out/abcd-ml_pasleep_scale_weekly_3_s012_41284804_60.pkl
3832,34.0,48.21589263225989,abcd-ml,pasleep,scale,weekly,3,s012,41284804,60,out/abcd-ml_pasleep_scale_weekly_3_s012_41284804_60.pkl
3833,33.0,44.63797450060896,abcd-ml,pasleep,scale,weekly,3,s012,41284804,60,out/abcd-ml_pasleep_scale_weekly_3_s012_41284804_60.pkl
3834,33.0,48.334470846436226,abcd-ml,pasleep,scale,weekly,3,s012,41284804,60,out/abcd-ml_pasleep_scale_weekly_3_s012_41284804_60.pkl
3835,34.0,44.485493004586935,abcd-ml,pasleep,scale,weekly,3,s012,41284804,60,out/abcd-ml_pasleep_scale_weekly_3_s012_41284804_60.pkl
3836,33.0,48.45118896342144,abcd-ml,pasleep,scale,weekly,3,s012,41284804,60,out/abcd-ml_pasleep_scale_weekly_3_s012_41284804_60.pkl
3837,34.0,44.61918450948148,abcd-ml,pasleep,scale,weekly,3,s012,41284804,60,out/abcd-ml_pasleep_scale_weekly_3_s012_41284804_60.pkl
3838,33.0,48.51136913753999,abcd-ml,pasleep,scale,weekly,3,s012,41284804,60,out/abcd-ml_pasleep_scale_weekly_3_s012_41284804_60.pkl
3839,34.0,44.5525867805236,abcd-ml,pasleep,scale,weekly,3,s012,41284804,60,out/abcd-ml_pasleep_scale_weekly_3_s012_41284804_60.pkl
3840,40.0,48.79776673610885,abcd-ml,pasleep,scale,weekly,3,s012,41284804,60,out/abcd-ml_pasleep_scale_weekly_3_s012_41284804_60.pkl
3841,54.0,44.517978670022174,abcd-ml,pasleep,scale,weekly,3,s012,41284804,60,out/abcd-ml_pasleep_scale_weekly_3_s012_41284804_60.pkl
3842,40.0,48.71316991181743,abcd-ml,pasleep,scale,weekly,3,s012,41284804,60,out/abcd-ml_pasleep_scale_weekly_3_s012_41284804_60.pkl
3843,54.0,44.61249601608682,abcd-ml,pasleep,scale,weekly,3,s012,41284804,60,out/abcd-ml_pasleep_scale_weekly_3_s012_41284804_60.pkl
3844,40.0,48.396913355298494,abcd-ml,pasleep,scale,weekly,3,s012,41284804,60,out/abcd-ml_pasleep_scale_weekly_3_s012_41284804_60.pkl
3845,54.0,44.554113260740536,abcd-ml,pasleep,scale,weekly,3,s012,41284804,60,out/abcd-ml_pasleep_scale_weekly_3_s012_41284804_60.pkl
3846,40.0,48.11657000906267,abcd-ml,pasleep,scale,weekly,3,s012,41284804,60,out/abcd-ml_pasleep_scale_weekly_3_s012_41284804_60.pkl
3847,54.0,44.86488217050521,abcd-ml,pasleep,scale,weekly,3,s012,41284804,60,out/abcd-ml_pasleep_scale_weekly_3_s012_41284804_60.pkl
3848,40.0,48.217586077844764,abcd-ml,pasleep,scale,weekly,3,s012,41284804,60,out/abcd-ml_pasleep_scale_weekly_3_s012_41284804_60.pkl
3849,54.0,44.60428713365991,abcd-ml,pasleep,scale,weekly,3,s012,41284804,60,out/abcd-ml_pasleep_scale_weekly_3_s012_41284804_60.pkl
3850,40.0,48.36245116785007,abcd-ml,pasleep,scale,weekly,3,s012,41284804,60,out/abcd-ml_pasleep_scale_weekly_3_s012_41284804_60.pkl
3851,54.0,44.443927546475514,abcd-ml,pasleep,scale,weekly,3,s012,41284804,60,out/abcd-ml_pasleep_scale_weekly_3_s012_41284804_60.pkl
3852,41.0,48.77406400193695,abcd-ml,pasleep,scale,weekly,3,s012,41284804,60,out/abcd-ml_pasleep_scale_weekly_3_s012_41284804_60.pkl
3853,40.0,44.946568126471746,abcd-ml,pasleep,scale,weekly,3,s012,41284804,60,out/abcd-ml_pasleep_scale_weekly_3_s012_41284804_60.pkl
3854,41.0,47.731350724942246,abcd-ml,pasleep,scale,weekly,3,s012,41284804,60,out/abcd-ml_pasleep_scale_weekly_3_s012_41284804_60.pkl
3855,40.0,44.5276400172827,abcd-ml,pasleep,scale,weekly,3,s012,41284804,60,out/abcd-ml_pasleep_scale_weekly_3_s012_41284804_60.pkl
3856,41.0,47.73528499206202,abcd-ml,pasleep,scale,weekly,3,s012,41284804,60,out/abcd-ml_pasleep_scale_weekly_3_s012_41284804_60.pkl
3857,40.0,44.52331195964281,abcd-ml,pasleep,scale,weekly,3,s012,41284804,60,out/abcd-ml_pasleep_scale_weekly_3_s012_41284804_60.pkl
3858,41.0,47.483142655274804,abcd-ml,pasleep,scale,weekly,3,s012,41284804,60,out/abcd-ml_pasleep_scale_weekly_3_s012_41284804_60.pkl
3859,40.0,44.54337770478081,abcd-ml,pasleep,scale,weekly,3,s012,41284804,60,out/abcd-ml_pasleep_scale_weekly_3_s012_41284804_60.pkl
3860,41.0,47.706848954356595,abcd-ml,pasleep,scale,weekly,3,s012,41284804,60,out/abcd-ml_pasleep_scale_weekly_3_s012_41284804_60.pkl
3861,40.0,44.56324318617627,abcd-ml,pasleep,scale,weekly,3,s012,41284804,60,out/abcd-ml_pasleep_scale_weekly_3_s012_41284804_60.pkl
3862,39.0,48.49059255825491,abcd-ml,pasleep,scale,weekly,3,s012,41284804,60,out/abcd-ml_pasleep_scale_weekly_3_s012_41284804_60.pkl
3863,41.0,44.660404027667795,abcd-ml,pasleep,scale,weekly,3,s012,41284804,60,out/abcd-ml_pasleep_scale_weekly_3_s012_41284804_60.pkl
3864,39.0,48.53182812728122,abcd-ml,pasleep,scale,weekly,3,s012,41284804,60,out/abcd-ml_pasleep_scale_weekly_3_s012_41284804_60.pkl
3865,41.0,44.614904858359154,abcd-ml,pasleep,scale,weekly,3,s012,41284804,60,out/abcd-ml_pasleep_scale_weekly_3_s012_41284804_60.pkl
3866,39.0,48.68976440054773,abcd-ml,pasleep,scale,weekly,3,s012,41284804,60,out/abcd-ml_pasleep_scale_weekly_3_s012_41284804_60.pkl
3867,41.0,44.67428621224036,abcd-ml,pasleep,scale,weekly,3,s012,41284804,60,out/abcd-ml_pasleep_scale_weekly_3_s012_41284804_60.pkl
3868,46.0,48.03847000287185,abcd-ml,pasleep,scale,weekly,3,s012,41284804,60,out/abcd-ml_pasleep_scale_weekly_3_s012_41284804_60.pkl
3869,47.0,44.36983768661572,abcd-ml,pasleep,scale,weekly,3,s012,41284804,60,out/abcd-ml_pasleep_scale_weekly_3_s012_41284804_60.pkl
3870,46.0,48.15035465910937,abcd-ml,pasleep,scale,weekly,3,s012,41284804,60,out/abcd-ml_pasleep_scale_weekly_3_s012_41284804_60.pkl
3871,47.0,44.12240933886511,abcd-ml,pasleep,scale,weekly,3,s012,41284804,60,out/abcd-ml_pasleep_scale_weekly_3_s012_41284804_60.pkl
3872,46.0,47.980140258471096,abcd-ml,pasleep,scale,weekly,3,s012,41284804,60,out/abcd-ml_pasleep_scale_weekly_3_s012_41284804_60.pkl
3873,47.0,44.31084295914112,abcd-ml,pasleep,scale,weekly,3,s012,41284804,60,out/abcd-ml_pasleep_scale_weekly_3_s012_41284804_60.pkl
3874,46.0,48.13125134324613,abcd-ml,pasleep,scale,weekly,3,s012,41284804,60,out/abcd-ml_pasleep_scale_weekly_3_s012_41284804_60.pkl
3875,47.0,44.399852169289545,abcd-ml,pasleep,scale,weekly,3,s012,41284804,60,out/abcd-ml_pasleep_scale_weekly_3_s012_41284804_60.pkl
3876,46.0,48.11279042201707,abcd-ml,pasleep,scale,weekly,3,s012,41284804,60,out/abcd-ml_pasleep_scale_weekly_3_s012_41284804_60.pkl
3877,47.0,44.41973522638565,abcd-ml,pasleep,scale,weekly,3,s012,41284804,60,out/abcd-ml_pasleep_scale_weekly_3_s012_41284804_60.pkl
3878,54.0,49.083783776814094,abcd-ml,pasleep,scale,weekly,3,s012,41284804,60,out/abcd-ml_pasleep_scale_weekly_3_s012_41284804_60.pkl
3879,34.0,44.606356095645395,abcd-ml,pasleep,scale,weekly,3,s012,41284804,60,out/abcd-ml_pasleep_scale_weekly_3_s012_41284804_60.pkl
3880,54.0,48.04005143100096,abcd-ml,pasleep,scale,weekly,3,s012,41284804,60,out/abcd-ml_pasleep_scale_weekly_3_s012_41284804_60.pkl
3881,34.0,44.18701855791769,abcd-ml,pasleep,scale,weekly,3,s012,41284804,60,out/abcd-ml_pasleep_scale_weekly_3_s012_41284804_60.pkl
3882,54.0,48.04401917711912,abcd-ml,pasleep,scale,weekly,3,s012,41284804,60,out/abcd-ml_pasleep_scale_weekly_3_s012_41284804_60.pkl
3883,34.0,44.18265312535459,abcd-ml,pasleep,scale,weekly,3,s012,41284804,60,out/abcd-ml_pasleep_scale_weekly_3_s012_41284804_60.pkl
3884,54.0,47.76519573488939,abcd-ml,pasleep,scale,weekly,3,s012,41284804,60,out/abcd-ml_pasleep_scale_weekly_3_s012_41284804_60.pkl
3885,34.0,44.220978798951165,abcd-ml,pasleep,scale,weekly,3,s012,41284804,60,out/abcd-ml_pasleep_scale_weekly_3_s012_41284804_60.pkl
3886,54.0,48.037669198454545,abcd-ml,pasleep,scale,weekly,3,s012,41284804,60,out/abcd-ml_pasleep_scale_weekly_3_s012_41284804_60.pkl
3887,34.0,44.11106734934029,abcd-ml,pasleep,scale,weekly,3,s012,41284804,60,out/abcd-ml_pasleep_scale_weekly_3_s012_41284804_60.pkl
3888,34.0,47.94855574812512,abcd-ml,pasleep,scale,weekly,3,s012,41284804,60,out/abcd-ml_pasleep_scale_weekly_3_s012_41284804_60.pkl
3889,34.0,44.34468502477053,abcd-ml,pasleep,scale,weekly,3,s012,41284804,60,out/abcd-ml_pasleep_scale_weekly_3_s012_41284804_60.pkl
3890,34.0,47.88928290898205,abcd-ml,pasleep,scale,weekly,3,s012,41284804,60,out/abcd-ml_pasleep_scale_weekly_3_s012_41284804_60.pkl
3891,34.0,44.409973884627036,abcd-ml,pasleep,scale,weekly,3,s012,41284804,60,out/abcd-ml_pasleep_scale_weekly_3_s012_41284804_60.pkl
3892,34.0,47.65111895645672,abcd-ml,pasleep,scale,weekly,3,s012,41284804,60,out/abcd-ml_pasleep_scale_weekly_3_s012_41284804_60.pkl
3893,34.0,44.41256373333357,abcd-ml,pasleep,scale,weekly,3,s012,41284804,60,out/abcd-ml_pasleep_scale_weekly_3_s012_41284804_60.pkl
3894,34.0,47.66521208350091,abcd-ml,pasleep,scale,weekly,3,s012,41284804,60,out/abcd-ml_pasleep_scale_weekly_3_s012_41284804_60.pkl
3895,34.0,44.39749565324997,abcd-ml,pasleep,scale,weekly,3,s012,41284804,60,out/abcd-ml_pasleep_scale_weekly_3_s012_41284804_60.pkl
3896,34.0,47.73919074756715,abcd-ml,pasleep,scale,weekly,3,s012,41284804,60,out/abcd-ml_pasleep_scale_weekly_3_s012_41284804_60.pkl
3897,34.0,44.33500160908113,abcd-ml,pasleep,scale,weekly,3,s012,41284804,60,out/abcd-ml_pasleep_scale_weekly_3_s012_41284804_60.pkl
3898,34.0,47.76278036810807,abcd-ml,pasleep,scale,weekly,3,s012,41284804,60,out/abcd-ml_pasleep_scale_weekly_3_s012_41284804_60.pkl
3899,34.0,44.30819861697192,abcd-ml,pasleep,scale,weekly,3,s012,41284804,60,out/abcd-ml_pasleep_scale_weekly_3_s012_41284804_60.pkl
3900,34.0,48.29946557893556,abcd-ml,pasleep,scale,weekly,3,s012,41284804,60,out/abcd-ml_pasleep_scale_weekly_3_s012_41284804_60.pkl
3901,44.0,44.418907304856816,abcd-ml,pasleep,scale,weekly,3,s012,41284804,60,out/abcd-ml_pasleep_scale_weekly_3_s012_41284804_60.pkl
3902,34.0,48.2604723147334,abcd-ml,pasleep,scale,weekly,3,s012,41284804,60,out/abcd-ml_pasleep_scale_weekly_3_s012_41284804_60.pkl
3903,44.0,44.46228054729319,abcd-ml,pasleep,scale,weekly,3,s012,41284804,60,out/abcd-ml_pasleep_scale_weekly_3_s012_41284804_60.pkl
3904,34.0,48.10371055850339,abcd-ml,pasleep,scale,weekly,3,s012,41284804,60,out/abcd-ml_pasleep_scale_weekly_3_s012_41284804_60.pkl
3905,44.0,44.408928531234366,abcd-ml,pasleep,scale,weekly,3,s012,41284804,60,out/abcd-ml_pasleep_scale_weekly_3_s012_41284804_60.pkl
3906,34.0,48.03306476249225,abcd-ml,pasleep,scale,weekly,3,s012,41284804,60,out/abcd-ml_pasleep_scale_weekly_3_s012_41284804_60.pkl
3907,44.0,44.487404352333485,abcd-ml,pasleep,scale,weekly,3,s012,41284804,60,out/abcd-ml_pasleep_scale_weekly_3_s012_41284804_60.pkl
3908,34.0,47.6083345045095,abcd-ml,pasleep,scale,weekly,3,s012,41284804,60,out/abcd-ml_pasleep_scale_weekly_3_s012_41284804_60.pkl
3909,44.0,44.81836455630892,abcd-ml,pasleep,scale,weekly,3,s012,41284804,60,out/abcd-ml_pasleep_scale_weekly_3_s012_41284804_60.pkl
3910,34.0,47.82068422875169,abcd-ml,pasleep,scale,weekly,3,s012,41284804,60,out/abcd-ml_pasleep_scale_weekly_3_s012_41284804_60.pkl
3911,44.0,44.58256386821154,abcd-ml,pasleep,scale,weekly,3,s012,41284804,60,out/abcd-ml_pasleep_scale_weekly_3_s012_41284804_60.pkl
3912,43.0,47.90715044697329,abcd-ml,pasleep,scale,weekly,3,s012,41284804,60,out/abcd-ml_pasleep_scale_weekly_3_s012_41284804_60.pkl
3913,51.0,44.55394059553109,abcd-ml,pasleep,scale,weekly,3,s012,41284804,60,out/abcd-ml_pasleep_scale_weekly_3_s012_41284804_60.pkl
3914,43.0,48.08197395743774,abcd-ml,pasleep,scale,weekly,3,s012,41284804,60,out/abcd-ml_pasleep_scale_weekly_3_s012_41284804_60.pkl
3915,51.0,44.36051187561212,abcd-ml,pasleep,scale,weekly,3,s012,41284804,60,out/abcd-ml_pasleep_scale_weekly_3_s012_41284804_60.pkl
3916,43.0,47.912969753530234,abcd-ml,pasleep,scale,weekly,3,s012,41284804,60,out/abcd-ml_pasleep_scale_weekly_3_s012_41284804_60.pkl
3917,51.0,44.34779759872351,abcd-ml,pasleep,scale,weekly,3,s012,41284804,60,out/abcd-ml_pasleep_scale_weekly_3_s012_41284804_60.pkl
3918,43.0,47.94031675574327,abcd-ml,pasleep,scale,weekly,3,s012,41284804,60,out/abcd-ml_pasleep_scale_weekly_3_s012_41284804_60.pkl
3919,51.0,44.31809124192142,abcd-ml,pasleep,scale,weekly,3,s012,41284804,60,out/abcd-ml_pasleep_scale_weekly_3_s012_41284804_60.pkl
3920,43.0,48.780781767653814,abcd-ml,pasleep,scale,weekly,3,s012,41284804,60,out/abcd-ml_pasleep_scale_weekly_3_s012_41284804_60.pkl
3921,51.0,44.64818468515638,abcd-ml,pasleep,scale,weekly,3,s012,41284804,60,out/abcd-ml_pasleep_scale_weekly_3_s012_41284804_60.pkl
3922,50.0,48.893311095432125,abcd-ml,pasleep,scale,weekly,3,s012,41284804,60,out/abcd-ml_pasleep_scale_weekly_3_s012_41284804_60.pkl
3923,52.0,44.8169013505709,abcd-ml,pasleep,scale,weekly,3,s012,41284804,60,out/abcd-ml_pasleep_scale_weekly_3_s012_41284804_60.pkl
3924,50.0,47.849578749619,abcd-ml,pasleep,scale,weekly,3,s012,41284804,60,out/abcd-ml_pasleep_scale_weekly_3_s012_41284804_60.pkl
3925,52.0,44.39756381284319,abcd-ml,pasleep,scale,weekly,3,s012,41284804,60,out/abcd-ml_pasleep_scale_weekly_3_s012_41284804_60.pkl
3926,50.0,48.22367235169757,abcd-ml,pasleep,scale,weekly,3,s012,41284804,60,out/abcd-ml_pasleep_scale_weekly_3_s012_41284804_60.pkl
3927,52.0,44.38981988306437,abcd-ml,pasleep,scale,weekly,3,s012,41284804,60,out/abcd-ml_pasleep_scale_weekly_3_s012_41284804_60.pkl
3928,50.0,48.746464584877195,abcd-ml,pasleep,scale,weekly,3,s012,41284804,60,out/abcd-ml_pasleep_scale_weekly_3_s012_41284804_60.pkl
3929,52.0,44.7083414833878,abcd-ml,pasleep,scale,weekly,3,s012,41284804,60,out/abcd-ml_pasleep_scale_weekly_3_s012_41284804_60.pkl
3930,50.0,48.571488765351404,abcd-ml,pasleep,scale,weekly,3,s012,41284804,60,out/abcd-ml_pasleep_scale_weekly_3_s012_41284804_60.pkl
3931,52.0,44.90286746167483,abcd-ml,pasleep,scale,weekly,3,s012,41284804,60,out/abcd-ml_pasleep_scale_weekly_3_s012_41284804_60.pkl
3932,39.0,47.53676132126931,abcd-ml,pasleep,scale,weekly,3,s012,41284804,60,out/abcd-ml_pasleep_scale_weekly_3_s012_41284804_60.pkl
3933,49.0,44.7104122074938,abcd-ml,pasleep,scale,weekly,3,s012,41284804,60,out/abcd-ml_pasleep_scale_weekly_3_s012_41284804_60.pkl
3934,39.0,47.775365571493026,abcd-ml,pasleep,scale,weekly,3,s012,41284804,60,out/abcd-ml_pasleep_scale_weekly_3_s012_41284804_60.pkl
3935,49.0,44.445695796230765,abcd-ml,pasleep,scale,weekly,3,s012,41284804,60,out/abcd-ml_pasleep_scale_weekly_3_s012_41284804_60.pkl
3936,39.0,47.58404599808948,abcd-ml,pasleep,scale,weekly,3,s012,41284804,60,out/abcd-ml_pasleep_scale_weekly_3_s012_41284804_60.pkl
3937,49.0,44.77160986911683,abcd-ml,pasleep,scale,weekly,3,s012,41284804,60,out/abcd-ml_pasleep_scale_weekly_3_s012_41284804_60.pkl
3938,39.0,47.823548521749444,abcd-ml,pasleep,scale,weekly,3,s012,41284804,60,out/abcd-ml_pasleep_scale_weekly_3_s012_41284804_60.pkl
3939,49.0,44.50585525510074,abcd-ml,pasleep,scale,weekly,3,s012,41284804,60,out/abcd-ml_pasleep_scale_weekly_3_s012_41284804_60.pkl
3940,39.0,48.904371662086106,abcd-ml,pasleep,scale,weekly,3,s012,41284804,60,out/abcd-ml_pasleep_scale_weekly_3_s012_41284804_60.pkl
3941,49.0,44.802354099423155,abcd-ml,pasleep,scale,weekly,3,s012,41284804,60,out/abcd-ml_pasleep_scale_weekly_3_s012_41284804_60.pkl
3942,39.0,48.063131854726315,abcd-ml,pasleep,scale,weekly,3,s012,41284804,60,out/abcd-ml_pasleep_scale_weekly_3_s012_41284804_60.pkl
3943,46.0,44.23438152673563,abcd-ml,pasleep,scale,weekly,3,s012,41284804,60,out/abcd-ml_pasleep_scale_weekly_3_s012_41284804_60.pkl
3944,39.0,47.94951462899491,abcd-ml,pasleep,scale,weekly,3,s012,41284804,60,out/abcd-ml_pasleep_scale_weekly_3_s012_41284804_60.pkl
3945,46.0,44.3600332591584,abcd-ml,pasleep,scale,weekly,3,s012,41284804,60,out/abcd-ml_pasleep_scale_weekly_3_s012_41284804_60.pkl
3946,39.0,47.79158402181642,abcd-ml,pasleep,scale,weekly,3,s012,41284804,60,out/abcd-ml_pasleep_scale_weekly_3_s012_41284804_60.pkl
3947,46.0,44.24928248675089,abcd-ml,pasleep,scale,weekly,3,s012,41284804,60,out/abcd-ml_pasleep_scale_weekly_3_s012_41284804_60.pkl
3948,39.0,47.67732798956816,abcd-ml,pasleep,scale,weekly,3,s012,41284804,60,out/abcd-ml_pasleep_scale_weekly_3_s012_41284804_60.pkl
3949,46.0,44.37560274793493,abcd-ml,pasleep,scale,weekly,3,s012,41284804,60,out/abcd-ml_pasleep_scale_weekly_3_s012_41284804_60.pkl
3950,39.0,48.27528342978916,abcd-ml,pasleep,scale,weekly,3,s012,41284804,60,out/abcd-ml_pasleep_scale_weekly_3_s012_41284804_60.pkl
3951,46.0,44.311782961335666,abcd-ml,pasleep,scale,weekly,3,s012,41284804,60,out/abcd-ml_pasleep_scale_weekly_3_s012_41284804_60.pkl
3952,39.0,48.19208520030588,abcd-ml,pasleep,scale,weekly,3,s012,41284804,60,out/abcd-ml_pasleep_scale_weekly_3_s012_41284804_60.pkl
3953,46.0,44.403578426551746,abcd-ml,pasleep,scale,weekly,3,s012,41284804,60,out/abcd-ml_pasleep_scale_weekly_3_s012_41284804_60.pkl
3954,33.0,47.44183358761427,abcd-ml,pasleep,scale,weekly,3,s012,41284804,60,out/abcd-ml_pasleep_scale_weekly_3_s012_41284804_60.pkl
3955,34.0,44.52133474109296,abcd-ml,pasleep,scale,weekly,3,s012,41284804,60,out/abcd-ml_pasleep_scale_weekly_3_s012_41284804_60.pkl
3956,33.0,47.58013377752583,abcd-ml,pasleep,scale,weekly,3,s012,41284804,60,out/abcd-ml_pasleep_scale_weekly_3_s012_41284804_60.pkl
3957,34.0,44.36853618199605,abcd-ml,pasleep,scale,weekly,3,s012,41284804,60,out/abcd-ml_pasleep_scale_weekly_3_s012_41284804_60.pkl
3958,33.0,47.747189477638344,abcd-ml,pasleep,scale,weekly,3,s012,41284804,60,out/abcd-ml_pasleep_scale_weekly_3_s012_41284804_60.pkl
3959,34.0,44.24998051666305,abcd-ml,pasleep,scale,weekly,3,s012,41284804,60,out/abcd-ml_pasleep_scale_weekly_3_s012_41284804_60.pkl
3960,33.0,47.69181811401616,abcd-ml,pasleep,scale,weekly,3,s012,41284804,60,out/abcd-ml_pasleep_scale_weekly_3_s012_41284804_60.pkl
3961,34.0,44.312202460665446,abcd-ml,pasleep,scale,weekly,3,s012,41284804,60,out/abcd-ml_pasleep_scale_weekly_3_s012_41284804_60.pkl
3962,33.0,47.54547799472523,abcd-ml,pasleep,scale,weekly,3,s012,41284804,60,out/abcd-ml_pasleep_scale_weekly_3_s012_41284804_60.pkl
3963,34.0,44.31739869207813,abcd-ml,pasleep,scale,weekly,3,s012,41284804,60,out/abcd-ml_pasleep_scale_weekly_3_s012_41284804_60.pkl
3964,33.0,47.60367201161623,abcd-ml,pasleep,scale,weekly,3,s012,41284804,60,out/abcd-ml_pasleep_scale_weekly_3_s012_41284804_60.pkl
3965,34.0,44.253468368167866,abcd-ml,pasleep,scale,weekly,3,s012,41284804,60,out/abcd-ml_pasleep_scale_weekly_3_s012_41284804_60.pkl
3966,47.0,48.11381074402614,abcd-ml,pasleep,scale,weekly,3,s012,41284804,60,out/abcd-ml_pasleep_scale_weekly_3_s012_41284804_60.pkl
3967,43.0,44.485431180388844,abcd-ml,pasleep,scale,weekly,3,s012,41284804,60,out/abcd-ml_pasleep_scale_weekly_3_s012_41284804_60.pkl
3968,47.0,48.12955713008816,abcd-ml,pasleep,scale,weekly,3,s012,41284804,60,out/abcd-ml_pasleep_scale_weekly_3_s012_41284804_60.pkl
3969,43.0,44.468216366075126,abcd-ml,pasleep,scale,weekly,3,s012,41284804,60,out/abcd-ml_pasleep_scale_weekly_3_s012_41284804_60.pkl
3970,47.0,47.90641133123092,abcd-ml,pasleep,scale,weekly,3,s012,41284804,60,out/abcd-ml_pasleep_scale_weekly_3_s012_41284804_60.pkl
3971,43.0,44.39199568797163,abcd-ml,pasleep,scale,weekly,3,s012,41284804,60,out/abcd-ml_pasleep_scale_weekly_3_s012_41284804_60.pkl
3972,47.0,47.88913398159862,abcd-ml,pasleep,scale,weekly,3,s012,41284804,60,out/abcd-ml_pasleep_scale_weekly_3_s012_41284804_60.pkl
3973,43.0,44.41141340793635,abcd-ml,pasleep,scale,weekly,3,s012,41284804,60,out/abcd-ml_pasleep_scale_weekly_3_s012_41284804_60.pkl
3974,47.0,47.5249091145162,abcd-ml,pasleep,scale,weekly,3,s012,41284804,60,out/abcd-ml_pasleep_scale_weekly_3_s012_41284804_60.pkl
3975,43.0,44.52534760344399,abcd-ml,pasleep,scale,weekly,3,s012,41284804,60,out/abcd-ml_pasleep_scale_weekly_3_s012_41284804_60.pkl
3976,47.0,47.71804984719776,abcd-ml,pasleep,scale,weekly,3,s012,41284804,60,out/abcd-ml_pasleep_scale_weekly_3_s012_41284804_60.pkl
3977,43.0,44.31107812390772,abcd-ml,pasleep,scale,weekly,3,s012,41284804,60,out/abcd-ml_pasleep_scale_weekly_3_s012_41284804_60.pkl
3978,61.0,48.519081577577204,abcd-ml,pasleep,scale,weekly,3,s012,41284804,60,out/abcd-ml_pasleep_scale_weekly_3_s012_41284804_60.pkl
3979,49.0,44.49885819094658,abcd-ml,pasleep,scale,weekly,3,s012,41284804,60,out/abcd-ml_pasleep_scale_weekly_3_s012_41284804_60.pkl
3980,61.0,47.96943536249205,abcd-ml,pasleep,scale,weekly,3,s012,41284804,60,out/abcd-ml_pasleep_scale_weekly_3_s012_41284804_60.pkl
3981,49.0,44.374700861557145,abcd-ml,pasleep,scale,weekly,3,s012,41284804,60,out/abcd-ml_pasleep_scale_weekly_3_s012_41284804_60.pkl
3982,61.0,47.95849064890141,abcd-ml,pasleep,scale,weekly,3,s012,41284804,60,out/abcd-ml_pasleep_scale_weekly_3_s012_41284804_60.pkl
3983,49.0,44.386548799231086,abcd-ml,pasleep,scale,weekly,3,s012,41284804,60,out/abcd-ml_pasleep_scale_weekly_3_s012_41284804_60.pkl
3984,61.0,48.14061416639299,abcd-ml,pasleep,scale,weekly,3,s012,41284804,60,out/abcd-ml_pasleep_scale_weekly_3_s012_41284804_60.pkl
3985,49.0,44.400418492045496,abcd-ml,pasleep,scale,weekly,3,s012,41284804,60,out/abcd-ml_pasleep_scale_weekly_3_s012_41284804_60.pkl
3986,33.0,47.179840714770926,abcd-ml,pasleep,scale,weekly,3,s012,41284804,60,out/abcd-ml_pasleep_scale_weekly_3_s012_41284804_60.pkl
3987,40.0,44.20002480685198,abcd-ml,pasleep,scale,weekly,3,s012,41284804,60,out/abcd-ml_pasleep_scale_weekly_3_s012_41284804_60.pkl
3988,33.0,47.217921428861224,abcd-ml,pasleep,scale,weekly,3,s012,41284804,60,out/abcd-ml_pasleep_scale_weekly_3_s012_41284804_60.pkl
3989,40.0,44.1586172415564,abcd-ml,pasleep,scale,weekly,3,s012,41284804,60,out/abcd-ml_pasleep_scale_weekly_3_s012_41284804_60.pkl
3990,33.0,47.057523841002805,abcd-ml,pasleep,scale,weekly,3,s012,41284804,60,out/abcd-ml_pasleep_scale_weekly_3_s012_41284804_60.pkl
3991,40.0,44.1985706102987,abcd-ml,pasleep,scale,weekly,3,s012,41284804,60,out/abcd-ml_pasleep_scale_weekly_3_s012_41284804_60.pkl
3992,33.0,47.201206288129676,abcd-ml,pasleep,scale,weekly,3,s012,41284804,60,out/abcd-ml_pasleep_scale_weekly_3_s012_41284804_60.pkl
3993,40.0,44.03985875661753,abcd-ml,pasleep,scale,weekly,3,s012,41284804,60,out/abcd-ml_pasleep_scale_weekly_3_s012_41284804_60.pkl
3994,33.0,47.0597776731059,abcd-ml,pasleep,scale,weekly,3,s012,41284804,60,out/abcd-ml_pasleep_scale_weekly_3_s012_41284804_60.pkl
3995,40.0,44.21256367171293,abcd-ml,pasleep,scale,weekly,3,s012,41284804,60,out/abcd-ml_pasleep_scale_weekly_3_s012_41284804_60.pkl
3996,33.0,47.20039283146673,abcd-ml,pasleep,scale,weekly,3,s012,41284804,60,out/abcd-ml_pasleep_scale_weekly_3_s012_41284804_60.pkl
3997,40.0,44.05721734175542,abcd-ml,pasleep,scale,weekly,3,s012,41284804,60,out/abcd-ml_pasleep_scale_weekly_3_s012_41284804_60.pkl
3998,41.0,47.374206001771476,abcd-ml,pasleep,scale,weekly,3,s012,41284804,60,out/abcd-ml_pasleep_scale_weekly_3_s012_41284804_60.pkl
3999,48.0,44.00585697676955,abcd-ml,pasleep,scale,weekly,3,s012,41284804,60,out/abcd-ml_pasleep_scale_weekly_3_s012_41284804_60.pkl
4000,41.0,47.19995939565153,abcd-ml,pasleep,scale,weekly,3,s012,41284804,60,out/abcd-ml_pasleep_scale_weekly_3_s012_41284804_60.pkl
4001,48.0,44.19823024904382,abcd-ml,pasleep,scale,weekly,3,s012,41284804,60,out/abcd-ml_pasleep_scale_weekly_3_s012_41284804_60.pkl
4002,41.0,47.2173740857561,abcd-ml,pasleep,scale,weekly,3,s012,41284804,60,out/abcd-ml_pasleep_scale_weekly_3_s012_41284804_60.pkl
4003,48.0,43.848659878109764,abcd-ml,pasleep,scale,weekly,3,s012,41284804,60,out/abcd-ml_pasleep_scale_weekly_3_s012_41284804_60.pkl
4004,41.0,47.01950050029937,abcd-ml,pasleep,scale,weekly,3,s012,41284804,60,out/abcd-ml_pasleep_scale_weekly_3_s012_41284804_60.pkl
4005,48.0,44.06723443673509,abcd-ml,pasleep,scale,weekly,3,s012,41284804,60,out/abcd-ml_pasleep_scale_weekly_3_s012_41284804_60.pkl
4006,41.0,47.54481735699005,abcd-ml,pasleep,scale,weekly,3,s012,41284804,60,out/abcd-ml_pasleep_scale_weekly_3_s012_41284804_60.pkl
4007,48.0,44.317141616350185,abcd-ml,pasleep,scale,weekly,3,s012,41284804,60,out/abcd-ml_pasleep_scale_weekly_3_s012_41284804_60.pkl
4008,41.0,47.96292171653592,abcd-ml,pasleep,scale,weekly,3,s012,41284804,60,out/abcd-ml_pasleep_scale_weekly_3_s012_41284804_60.pkl
4009,48.0,44.27274840172335,abcd-ml,pasleep,scale,weekly,3,s012,41284804,60,out/abcd-ml_pasleep_scale_weekly_3_s012_41284804_60.pkl
4010,41.0,47.44393617635245,abcd-ml,pasleep,scale,weekly,3,s012,41284804,60,out/abcd-ml_pasleep_scale_weekly_3_s012_41284804_60.pkl
4011,48.0,44.427972740562936,abcd-ml,pasleep,scale,weekly,3,s012,41284804,60,out/abcd-ml_pasleep_scale_weekly_3_s012_41284804_60.pkl
4012,48.0,48.023231293043196,abcd-ml,pasleep,scale,weekly,3,s012,41284804,60,out/abcd-ml_pasleep_scale_weekly_3_s012_41284804_60.pkl
4013,58.0,44.178750501524746,abcd-ml,pasleep,scale,weekly,3,s012,41284804,60,out/abcd-ml_pasleep_scale_weekly_3_s012_41284804_60.pkl
4014,48.0,47.947968417716,abcd-ml,pasleep,scale,weekly,3,s012,41284804,60,out/abcd-ml_pasleep_scale_weekly_3_s012_41284804_60.pkl
4015,58.0,44.15913963720135,abcd-ml,pasleep,scale,weekly,3,s012,41284804,60,out/abcd-ml_pasleep_scale_weekly_3_s012_41284804_60.pkl
4016,48.0,47.89917171674135,abcd-ml,pasleep,scale,weekly,3,s012,41284804,60,out/abcd-ml_pasleep_scale_weekly_3_s012_41284804_60.pkl
4017,58.0,44.1330433453418,abcd-ml,pasleep,scale,weekly,3,s012,41284804,60,out/abcd-ml_pasleep_scale_weekly_3_s012_41284804_60.pkl
4018,48.0,47.73001614805083,abcd-ml,pasleep,scale,weekly,3,s012,41284804,60,out/abcd-ml_pasleep_scale_weekly_3_s012_41284804_60.pkl
4019,58.0,44.31997541135997,abcd-ml,pasleep,scale,weekly,3,s012,41284804,60,out/abcd-ml_pasleep_scale_weekly_3_s012_41284804_60.pkl
4020,58.0,47.694761011343374,abcd-ml,pasleep,scale,weekly,3,s012,41284804,60,out/abcd-ml_pasleep_scale_weekly_3_s012_41284804_60.pkl
4021,43.0,44.123311688400115,abcd-ml,pasleep,scale,weekly,3,s012,41284804,60,out/abcd-ml_pasleep_scale_weekly_3_s012_41284804_60.pkl
4022,58.0,47.52619409911051,abcd-ml,pasleep,scale,weekly,3,s012,41284804,60,out/abcd-ml_pasleep_scale_weekly_3_s012_41284804_60.pkl
4023,43.0,44.30945134172588,abcd-ml,pasleep,scale,weekly,3,s012,41284804,60,out/abcd-ml_pasleep_scale_weekly_3_s012_41284804_60.pkl
4024,58.0,47.522302660637,abcd-ml,pasleep,scale,weekly,3,s012,41284804,60,out/abcd-ml_pasleep_scale_weekly_3_s012_41284804_60.pkl
4025,43.0,44.24695872447294,abcd-ml,pasleep,scale,weekly,3,s012,41284804,60,out/abcd-ml_pasleep_scale_weekly_3_s012_41284804_60.pkl
4026,58.0,47.64539017220825,abcd-ml,pasleep,scale,weekly,3,s012,41284804,60,out/abcd-ml_pasleep_scale_weekly_3_s012_41284804_60.pkl
4027,43.0,44.11136997548947,abcd-ml,pasleep,scale,weekly,3,s012,41284804,60,out/abcd-ml_pasleep_scale_weekly_3_s012_41284804_60.pkl
4028,58.0,47.65826293024984,abcd-ml,pasleep,scale,weekly,3,s012,41284804,60,out/abcd-ml_pasleep_scale_weekly_3_s012_41284804_60.pkl
4029,43.0,44.01760746467933,abcd-ml,pasleep,scale,weekly,3,s012,41284804,60,out/abcd-ml_pasleep_scale_weekly_3_s012_41284804_60.pkl
4030,58.0,47.42021679410239,abcd-ml,pasleep,scale,weekly,3,s012,41284804,60,out/abcd-ml_pasleep_scale_weekly_3_s012_41284804_60.pkl
4031,43.0,44.280816675802335,abcd-ml,pasleep,scale,weekly,3,s012,41284804,60,out/abcd-ml_pasleep_scale_weekly_3_s012_41284804_60.pkl
4032,56.0,47.71240273898032,abcd-ml,pasleep,scale,weekly,3,s012,41284804,60,out/abcd-ml_pasleep_scale_weekly_3_s012_41284804_60.pkl
4033,51.0,44.233128698512886,abcd-ml,pasleep,scale,weekly,3,s012,41284804,60,out/abcd-ml_pasleep_scale_weekly_3_s012_41284804_60.pkl
4034,56.0,48.09631895634774,abcd-ml,pasleep,scale,weekly,3,s012,41284804,60,out/abcd-ml_pasleep_scale_weekly_3_s012_41284804_60.pkl
4035,51.0,44.20219596126516,abcd-ml,pasleep,scale,weekly,3,s012,41284804,60,out/abcd-ml_pasleep_scale_weekly_3_s012_41284804_60.pkl
4036,56.0,47.930307989053716,abcd-ml,pasleep,scale,weekly,3,s012,41284804,60,out/abcd-ml_pasleep_scale_weekly_3_s012_41284804_60.pkl
4037,51.0,44.385682667798775,abcd-ml,pasleep,scale,weekly,3,s012,41284804,60,out/abcd-ml_pasleep_scale_weekly_3_s012_41284804_60.pkl
4038,56.0,47.822916267335714,abcd-ml,pasleep,scale,weekly,3,s012,41284804,60,out/abcd-ml_pasleep_scale_weekly_3_s012_41284804_60.pkl
4039,51.0,44.068981813573856,abcd-ml,pasleep,scale,weekly,3,s012,41284804,60,out/abcd-ml_pasleep_scale_weekly_3_s012_41284804_60.pkl
4040,45.0,47.4247281154971,abcd-ml,pasleep,scale,weekly,3,s012,41284804,60,out/abcd-ml_pasleep_scale_weekly_3_s012_41284804_60.pkl
4041,56.0,44.1134291714049,abcd-ml,pasleep,scale,weekly,3,s012,41284804,60,out/abcd-ml_pasleep_scale_weekly_3_s012_41284804_60.pkl
4042,45.0,47.35640729937232,abcd-ml,pasleep,scale,weekly,3,s012,41284804,60,out/abcd-ml_pasleep_scale_weekly_3_s012_41284804_60.pkl
4043,56.0,44.18885754527997,abcd-ml,pasleep,scale,weekly,3,s012,41284804,60,out/abcd-ml_pasleep_scale_weekly_3_s012_41284804_60.pkl
4044,45.0,47.16428199833368,abcd-ml,pasleep,scale,weekly,3,s012,41284804,60,out/abcd-ml_pasleep_scale_weekly_3_s012_41284804_60.pkl
4045,56.0,44.00572925821723,abcd-ml,pasleep,scale,weekly,3,s012,41284804,60,out/abcd-ml_pasleep_scale_weekly_3_s012_41284804_60.pkl
4046,45.0,47.26282131244746,abcd-ml,pasleep,scale,weekly,3,s012,41284804,60,out/abcd-ml_pasleep_scale_weekly_3_s012_41284804_60.pkl
4047,56.0,44.101094848681726,abcd-ml,pasleep,scale,weekly,3,s012,41284804,60,out/abcd-ml_pasleep_scale_weekly_3_s012_41284804_60.pkl
4048,52.0,48.518623275722994,abcd-ml,pasleep,scale,weekly,3,s012,41284804,60,out/abcd-ml_pasleep_scale_weekly_3_s012_41284804_60.pkl
4049,33.0,44.32165908337611,abcd-ml,pasleep,scale,weekly,3,s012,41284804,60,out/abcd-ml_pasleep_scale_weekly_3_s012_41284804_60.pkl
4050,52.0,48.37985865900338,abcd-ml,pasleep,scale,weekly,3,s012,41284804,60,out/abcd-ml_pasleep_scale_weekly_3_s012_41284804_60.pkl
4051,33.0,44.475920925675744,abcd-ml,pasleep,scale,weekly,3,s012,41284804,60,out/abcd-ml_pasleep_scale_weekly_3_s012_41284804_60.pkl
4052,52.0,48.76562461045227,abcd-ml,pasleep,scale,weekly,3,s012,41284804,60,out/abcd-ml_pasleep_scale_weekly_3_s012_41284804_60.pkl
4053,33.0,44.59309194914178,abcd-ml,pasleep,scale,weekly,3,s012,41284804,60,out/abcd-ml_pasleep_scale_weekly_3_s012_41284804_60.pkl
4054,52.0,48.74512928054068,abcd-ml,pasleep,scale,weekly,3,s012,41284804,60,out/abcd-ml_pasleep_scale_weekly_3_s012_41284804_60.pkl
4055,33.0,44.61570641102076,abcd-ml,pasleep,scale,weekly,3,s012,41284804,60,out/abcd-ml_pasleep_scale_weekly_3_s012_41284804_60.pkl
4056,52.0,47.84740627669293,abcd-ml,pasleep,scale,weekly,3,s012,41284804,60,out/abcd-ml_pasleep_scale_weekly_3_s012_41284804_60.pkl
4057,33.0,44.39972681907072,abcd-ml,pasleep,scale,weekly,3,s012,41284804,60,out/abcd-ml_pasleep_scale_weekly_3_s012_41284804_60.pkl
4058,52.0,48.950260728343565,abcd-ml,pasleep,scale,weekly,3,s012,41284804,60,out/abcd-ml_pasleep_scale_weekly_3_s012_41284804_60.pkl
4059,33.0,44.63544069039297,abcd-ml,pasleep,scale,weekly,3,s012,41284804,60,out/abcd-ml_pasleep_scale_weekly_3_s012_41284804_60.pkl
4060,69.0,48.090939002256576,abcd-ml,pasleep,scale,weekly,3,s012,41284804,60,out/abcd-ml_pasleep_scale_weekly_3_s012_41284804_60.pkl
4061,56.0,44.55525914262179,abcd-ml,pasleep,scale,weekly,3,s012,41284804,60,out/abcd-ml_pasleep_scale_weekly_3_s012_41284804_60.pkl
4062,69.0,48.12532277518496,abcd-ml,pasleep,scale,weekly,3,s012,41284804,60,out/abcd-ml_pasleep_scale_weekly_3_s012_41284804_60.pkl
4063,56.0,44.51782905801991,abcd-ml,pasleep,scale,weekly,3,s012,41284804,60,out/abcd-ml_pasleep_scale_weekly_3_s012_41284804_60.pkl
4064,69.0,48.58778771182961,abcd-ml,pasleep,scale,weekly,3,s012,41284804,60,out/abcd-ml_pasleep_scale_weekly_3_s012_41284804_60.pkl
4065,56.0,44.636030195185924,abcd-ml,pasleep,scale,weekly,3,s012,41284804,60,out/abcd-ml_pasleep_scale_weekly_3_s012_41284804_60.pkl
4066,69.0,47.763927763798726,abcd-ml,pasleep,scale,weekly,3,s012,41284804,60,out/abcd-ml_pasleep_scale_weekly_3_s012_41284804_60.pkl
4067,56.0,44.491836789302724,abcd-ml,pasleep,scale,weekly,3,s012,41284804,60,out/abcd-ml_pasleep_scale_weekly_3_s012_41284804_60.pkl
4068,69.0,47.96995631571716,abcd-ml,pasleep,scale,weekly,3,s012,41284804,60,out/abcd-ml_pasleep_scale_weekly_3_s012_41284804_60.pkl
4069,56.0,44.510033510482074,abcd-ml,pasleep,scale,weekly,3,s012,41284804,60,out/abcd-ml_pasleep_scale_weekly_3_s012_41284804_60.pkl
4070,69.0,47.87362532135426,abcd-ml,pasleep,scale,weekly,3,s012,41284804,60,out/abcd-ml_pasleep_scale_weekly_3_s012_41284804_60.pkl
4071,56.0,44.61632466255118,abcd-ml,pasleep,scale,weekly,3,s012,41284804,60,out/abcd-ml_pasleep_scale_weekly_3_s012_41284804_60.pkl
4072,33.0,48.10865452682528,abcd-ml,pasleep,scale,weekly,3,s012,41284804,60,out/abcd-ml_pasleep_scale_weekly_3_s012_41284804_60.pkl
4073,34.0,44.51705473844725,abcd-ml,pasleep,scale,weekly,3,s012,41284804,60,out/abcd-ml_pasleep_scale_weekly_3_s012_41284804_60.pkl
4074,33.0,47.79909217852992,abcd-ml,pasleep,scale,weekly,3,s012,41284804,60,out/abcd-ml_pasleep_scale_weekly_3_s012_41284804_60.pkl
4075,34.0,44.340797071777395,abcd-ml,pasleep,scale,weekly,3,s012,41284804,60,out/abcd-ml_pasleep_scale_weekly_3_s012_41284804_60.pkl
4076,33.0,47.86442545228647,abcd-ml,pasleep,scale,weekly,3,s012,41284804,60,out/abcd-ml_pasleep_scale_weekly_3_s012_41284804_60.pkl
4077,34.0,44.268838979313884,abcd-ml,pasleep,scale,weekly,3,s012,41284804,60,out/abcd-ml_pasleep_scale_weekly_3_s012_41284804_60.pkl
4078,33.0,47.87201632763928,abcd-ml,pasleep,scale,weekly,3,s012,41284804,60,out/abcd-ml_pasleep_scale_weekly_3_s012_41284804_60.pkl
4079,34.0,44.43871856146617,abcd-ml,pasleep,scale,weekly,3,s012,41284804,60,out/abcd-ml_pasleep_scale_weekly_3_s012_41284804_60.pkl
4080,86.0,47.6562149636766,abcd-ml,pasleep,scale,weekly,3,s012,41284804,60,out/abcd-ml_pasleep_scale_weekly_3_s012_41284804_60.pkl
4081,64.0,44.15458088696373,abcd-ml,pasleep,scale,weekly,3,s012,41284804,60,out/abcd-ml_pasleep_scale_weekly_3_s012_41284804_60.pkl
4082,86.0,47.48821010857815,abcd-ml,pasleep,scale,weekly,3,s012,41284804,60,out/abcd-ml_pasleep_scale_weekly_3_s012_41284804_60.pkl
4083,64.0,44.34023070924097,abcd-ml,pasleep,scale,weekly,3,s012,41284804,60,out/abcd-ml_pasleep_scale_weekly_3_s012_41284804_60.pkl
4084,86.0,47.88149413505176,abcd-ml,pasleep,scale,weekly,3,s012,41284804,60,out/abcd-ml_pasleep_scale_weekly_3_s012_41284804_60.pkl
4085,64.0,44.38698280534406,abcd-ml,pasleep,scale,weekly,3,s012,41284804,60,out/abcd-ml_pasleep_scale_weekly_3_s012_41284804_60.pkl
4086,86.0,47.81851091870814,abcd-ml,pasleep,scale,weekly,3,s012,41284804,60,out/abcd-ml_pasleep_scale_weekly_3_s012_41284804_60.pkl
4087,64.0,44.45598224221628,abcd-ml,pasleep,scale,weekly,3,s012,41284804,60,out/abcd-ml_pasleep_scale_weekly_3_s012_41284804_60.pkl
4088,86.0,48.50487266069102,abcd-ml,pasleep,scale,weekly,3,s012,41284804,60,out/abcd-ml_pasleep_scale_weekly_3_s012_41284804_60.pkl
4089,64.0,44.53679321167317,abcd-ml,pasleep,scale,weekly,3,s012,41284804,60,out/abcd-ml_pasleep_scale_weekly_3_s012_41284804_60.pkl
4090,86.0,48.436935917645236,abcd-ml,pasleep,scale,weekly,3,s012,41284804,60,out/abcd-ml_pasleep_scale_weekly_3_s012_41284804_60.pkl
4091,64.0,44.61125501102663,abcd-ml,pasleep,scale,weekly,3,s012,41284804,60,out/abcd-ml_pasleep_scale_weekly_3_s012_41284804_60.pkl
4092,70.0,48.339045847898205,abcd-ml,pasleep,scale,weekly,3,s012,41284804,60,out/abcd-ml_pasleep_scale_weekly_3_s012_41284804_60.pkl
4093,56.0,44.49027185079099,abcd-ml,pasleep,scale,weekly,3,s012,41284804,60,out/abcd-ml_pasleep_scale_weekly_3_s012_41284804_60.pkl
4094,70.0,48.28520483833503,abcd-ml,pasleep,scale,weekly,3,s012,41284804,60,out/abcd-ml_pasleep_scale_weekly_3_s012_41284804_60.pkl
4095,56.0,44.549680001940004,abcd-ml,pasleep,scale,weekly,3,s012,41284804,60,out/abcd-ml_pasleep_scale_weekly_3_s012_41284804_60.pkl
4096,70.0,47.94856964079315,abcd-ml,pasleep,scale,weekly,3,s012,41284804,60,out/abcd-ml_pasleep_scale_weekly_3_s012_41284804_60.pkl
4097,56.0,44.36339404677338,abcd-ml,pasleep,scale,weekly,3,s012,41284804,60,out/abcd-ml_pasleep_scale_weekly_3_s012_41284804_60.pkl
4098,70.0,47.74085740083474,abcd-ml,pasleep,scale,weekly,3,s012,41284804,60,out/abcd-ml_pasleep_scale_weekly_3_s012_41284804_60.pkl
4099,56.0,44.29956599325908,abcd-ml,pasleep,scale,weekly,3,s012,41284804,60,out/abcd-ml_pasleep_scale_weekly_3_s012_41284804_60.pkl
4100,47.0,47.53612923882281,abcd-ml,pasleep,scale,weekly,3,s012,41284804,60,out/abcd-ml_pasleep_scale_weekly_3_s012_41284804_60.pkl
4101,40.0,44.42377706538288,abcd-ml,pasleep,scale,weekly,3,s012,41284804,60,out/abcd-ml_pasleep_scale_weekly_3_s012_41284804_60.pkl
4102,47.0,46.842522822414296,abcd-ml,pasleep,scale,weekly,3,s012,41284804,60,out/abcd-ml_pasleep_scale_weekly_3_s012_41284804_60.pkl
4103,40.0,44.02650120730651,abcd-ml,pasleep,scale,weekly,3,s012,41284804,60,out/abcd-ml_pasleep_scale_weekly_3_s012_41284804_60.pkl
4104,47.0,46.51651773803456,abcd-ml,pasleep,scale,weekly,3,s012,41284804,60,out/abcd-ml_pasleep_scale_weekly_3_s012_41284804_60.pkl
4105,40.0,44.38766078071809,abcd-ml,pasleep,scale,weekly,3,s012,41284804,60,out/abcd-ml_pasleep_scale_weekly_3_s012_41284804_60.pkl
4106,47.0,47.9063934667421,abcd-ml,pasleep,scale,weekly,3,s012,41284804,60,out/abcd-ml_pasleep_scale_weekly_3_s012_41284804_60.pkl
4107,40.0,44.378067382961156,abcd-ml,pasleep,scale,weekly,3,s012,41284804,60,out/abcd-ml_pasleep_scale_weekly_3_s012_41284804_60.pkl
4108,47.0,47.7774829679756,abcd-ml,pasleep,scale,weekly,3,s012,41284804,60,out/abcd-ml_pasleep_scale_weekly_3_s012_41284804_60.pkl
4109,40.0,44.520406436902164,abcd-ml,pasleep,scale,weekly,3,s012,41284804,60,out/abcd-ml_pasleep_scale_weekly_3_s012_41284804_60.pkl
4110,34.0,47.659075167188035,abcd-ml,pasleep,scale,weekly,3,s012,41284804,60,out/abcd-ml_pasleep_scale_weekly_3_s012_41284804_60.pkl
4111,34.0,44.45184895507637,abcd-ml,pasleep,scale,weekly,3,s012,41284804,60,out/abcd-ml_pasleep_scale_weekly_3_s012_41284804_60.pkl
4112,34.0,47.7361648911016,abcd-ml,pasleep,scale,weekly,3,s012,41284804,60,out/abcd-ml_pasleep_scale_weekly_3_s012_41284804_60.pkl
4113,34.0,44.366911624823345,abcd-ml,pasleep,scale,weekly,3,s012,41284804,60,out/abcd-ml_pasleep_scale_weekly_3_s012_41284804_60.pkl
4114,34.0,47.56546387207016,abcd-ml,pasleep,scale,weekly,3,s012,41284804,60,out/abcd-ml_pasleep_scale_weekly_3_s012_41284804_60.pkl
4115,34.0,44.39671848220229,abcd-ml,pasleep,scale,weekly,3,s012,41284804,60,out/abcd-ml_pasleep_scale_weekly_3_s012_41284804_60.pkl
4116,34.0,47.72012518384036,abcd-ml,pasleep,scale,weekly,3,s012,41284804,60,out/abcd-ml_pasleep_scale_weekly_3_s012_41284804_60.pkl
4117,34.0,44.41459412962364,abcd-ml,pasleep,scale,weekly,3,s012,41284804,60,out/abcd-ml_pasleep_scale_weekly_3_s012_41284804_60.pkl
4118,34.0,47.715845628796174,abcd-ml,pasleep,scale,weekly,3,s012,41284804,60,out/abcd-ml_pasleep_scale_weekly_3_s012_41284804_60.pkl
4119,34.0,44.419938025166076,abcd-ml,pasleep,scale,weekly,3,s012,41284804,60,out/abcd-ml_pasleep_scale_weekly_3_s012_41284804_60.pkl
4120,50.0,48.101940964024244,abcd-ml,pasleep,scale,weekly,3,s012,41284804,60,out/abcd-ml_pasleep_scale_weekly_3_s012_41284804_60.pkl
4121,34.0,44.5917764381048,abcd-ml,pasleep,scale,weekly,3,s012,41284804,60,out/abcd-ml_pasleep_scale_weekly_3_s012_41284804_60.pkl
4122,50.0,47.937208712401194,abcd-ml,pasleep,scale,weekly,3,s012,41284804,60,out/abcd-ml_pasleep_scale_weekly_3_s012_41284804_60.pkl
4123,34.0,44.508731001669354,abcd-ml,pasleep,scale,weekly,3,s012,41284804,60,out/abcd-ml_pasleep_scale_weekly_3_s012_41284804_60.pkl
4124,50.0,48.06089470670464,abcd-ml,pasleep,scale,weekly,3,s012,41284804,60,out/abcd-ml_pasleep_scale_weekly_3_s012_41284804_60.pkl
4125,34.0,44.53877106574228,abcd-ml,pasleep,scale,weekly,3,s012,41284804,60,out/abcd-ml_pasleep_scale_weekly_3_s012_41284804_60.pkl
4126,60.0,47.40590249537804,abcd-ml,pasleep,scale,weekly,3,s012,41284804,60,out/abcd-ml_pasleep_scale_weekly_3_s012_41284804_60.pkl
4127,44.0,44.45751561886664,abcd-ml,pasleep,scale,weekly,3,s012,41284804,60,out/abcd-ml_pasleep_scale_weekly_3_s012_41284804_60.pkl
4128,60.0,47.5676069169546,abcd-ml,pasleep,scale,weekly,3,s012,41284804,60,out/abcd-ml_pasleep_scale_weekly_3_s012_41284804_60.pkl
4129,44.0,44.27925005794467,abcd-ml,pasleep,scale,weekly,3,s012,41284804,60,out/abcd-ml_pasleep_scale_weekly_3_s012_41284804_60.pkl
4130,60.0,47.656740317340706,abcd-ml,pasleep,scale,weekly,3,s012,41284804,60,out/abcd-ml_pasleep_scale_weekly_3_s012_41284804_60.pkl
4131,44.0,44.337646182988586,abcd-ml,pasleep,scale,weekly,3,s012,41284804,60,out/abcd-ml_pasleep_scale_weekly_3_s012_41284804_60.pkl
4132,60.0,47.71023237964997,abcd-ml,pasleep,scale,weekly,3,s012,41284804,60,out/abcd-ml_pasleep_scale_weekly_3_s012_41284804_60.pkl
4133,44.0,44.27950809832198,abcd-ml,pasleep,scale,weekly,3,s012,41284804,60,out/abcd-ml_pasleep_scale_weekly_3_s012_41284804_60.pkl
4134,60.0,46.99668981440004,abcd-ml,pasleep,scale,weekly,3,s012,41284804,60,out/abcd-ml_pasleep_scale_weekly_3_s012_41284804_60.pkl
4135,44.0,44.27348652740119,abcd-ml,pasleep,scale,weekly,3,s012,41284804,60,out/abcd-ml_pasleep_scale_weekly_3_s012_41284804_60.pkl
4136,60.0,47.1561681474058,abcd-ml,pasleep,scale,weekly,3,s012,41284804,60,out/abcd-ml_pasleep_scale_weekly_3_s012_41284804_60.pkl
4137,44.0,44.097618483533196,abcd-ml,pasleep,scale,weekly,3,s012,41284804,60,out/abcd-ml_pasleep_scale_weekly_3_s012_41284804_60.pkl
4138,46.0,48.24389911720236,abcd-ml,pasleep,scale,weekly,3,s012,41284804,60,out/abcd-ml_pasleep_scale_weekly_3_s012_41284804_60.pkl
4139,34.0,44.43604608104573,abcd-ml,pasleep,scale,weekly,3,s012,41284804,60,out/abcd-ml_pasleep_scale_weekly_3_s012_41284804_60.pkl
4140,46.0,48.23673715152628,abcd-ml,pasleep,scale,weekly,3,s012,41284804,60,out/abcd-ml_pasleep_scale_weekly_3_s012_41284804_60.pkl
4141,34.0,44.44408364417275,abcd-ml,pasleep,scale,weekly,3,s012,41284804,60,out/abcd-ml_pasleep_scale_weekly_3_s012_41284804_60.pkl
4142,46.0,47.705931317788,abcd-ml,pasleep,scale,weekly,3,s012,41284804,60,out/abcd-ml_pasleep_scale_weekly_3_s012_41284804_60.pkl
4143,34.0,44.44525451186074,abcd-ml,pasleep,scale,weekly,3,s012,41284804,60,out/abcd-ml_pasleep_scale_weekly_3_s012_41284804_60.pkl
4144,46.0,47.82952600921951,abcd-ml,pasleep,scale,weekly,3,s012,41284804,60,out/abcd-ml_pasleep_scale_weekly_3_s012_41284804_60.pkl
4145,34.0,44.308063736304085,abcd-ml,pasleep,scale,weekly,3,s012,41284804,60,out/abcd-ml_pasleep_scale_weekly_3_s012_41284804_60.pkl
4146,46.0,48.04214755035606,abcd-ml,pasleep,scale,weekly,3,s012,41284804,60,out/abcd-ml_pasleep_scale_weekly_3_s012_41284804_60.pkl
4147,34.0,44.46450196324789,abcd-ml,pasleep,scale,weekly,3,s012,41284804,60,out/abcd-ml_pasleep_scale_weekly_3_s012_41284804_60.pkl
4148,46.0,47.83893106524021,abcd-ml,pasleep,scale,weekly,3,s012,41284804,60,out/abcd-ml_pasleep_scale_weekly_3_s012_41284804_60.pkl
4149,34.0,44.69016096964904,abcd-ml,pasleep,scale,weekly,3,s012,41284804,60,out/abcd-ml_pasleep_scale_weekly_3_s012_41284804_60.pkl
4150,46.0,47.336799312888346,abcd-ml,pasleep,scale,weekly,3,s012,41284804,60,out/abcd-ml_pasleep_scale_weekly_3_s012_41284804_60.pkl
4151,41.0,44.48439050896137,abcd-ml,pasleep,scale,weekly,3,s012,41284804,60,out/abcd-ml_pasleep_scale_weekly_3_s012_41284804_60.pkl
4152,46.0,47.48717875810822,abcd-ml,pasleep,scale,weekly,3,s012,41284804,60,out/abcd-ml_pasleep_scale_weekly_3_s012_41284804_60.pkl
4153,41.0,44.28915138284346,abcd-ml,pasleep,scale,weekly,3,s012,41284804,60,out/abcd-ml_pasleep_scale_weekly_3_s012_41284804_60.pkl
4154,46.0,48.39259647878991,abcd-ml,pasleep,scale,weekly,3,s012,41284804,60,out/abcd-ml_pasleep_scale_weekly_3_s012_41284804_60.pkl
4155,41.0,44.476234905911454,abcd-ml,pasleep,scale,weekly,3,s012,41284804,60,out/abcd-ml_pasleep_scale_weekly_3_s012_41284804_60.pkl
4156,46.0,48.214773989082765,abcd-ml,pasleep,scale,weekly,3,s012,41284804,60,out/abcd-ml_pasleep_scale_weekly_3_s012_41284804_60.pkl
4157,41.0,44.67258500571086,abcd-ml,pasleep,scale,weekly,3,s012,41284804,60,out/abcd-ml_pasleep_scale_weekly_3_s012_41284804_60.pkl
4158,34.0,47.40330077634333,abcd-ml,pasleep,scale,weekly,3,s012,41284804,60,out/abcd-ml_pasleep_scale_weekly_3_s012_41284804_60.pkl
4159,34.0,44.476503649691466,abcd-ml,pasleep,scale,weekly,3,s012,41284804,60,out/abcd-ml_pasleep_scale_weekly_3_s012_41284804_60.pkl
4160,34.0,47.57711313455208,abcd-ml,pasleep,scale,weekly,3,s012,41284804,60,out/abcd-ml_pasleep_scale_weekly_3_s012_41284804_60.pkl
4161,34.0,44.28448533056306,abcd-ml,pasleep,scale,weekly,3,s012,41284804,60,out/abcd-ml_pasleep_scale_weekly_3_s012_41284804_60.pkl
4162,34.0,47.53006244681214,abcd-ml,pasleep,scale,weekly,3,s012,41284804,60,out/abcd-ml_pasleep_scale_weekly_3_s012_41284804_60.pkl
4163,34.0,44.269989935563984,abcd-ml,pasleep,scale,weekly,3,s012,41284804,60,out/abcd-ml_pasleep_scale_weekly_3_s012_41284804_60.pkl
4164,34.0,47.237154448125025,abcd-ml,pasleep,scale,weekly,3,s012,41284804,60,out/abcd-ml_pasleep_scale_weekly_3_s012_41284804_60.pkl
4165,34.0,44.59430683535654,abcd-ml,pasleep,scale,weekly,3,s012,41284804,60,out/abcd-ml_pasleep_scale_weekly_3_s012_41284804_60.pkl
4166,34.0,47.305352552482276,abcd-ml,pasleep,scale,weekly,3,s012,41284804,60,out/abcd-ml_pasleep_scale_weekly_3_s012_41284804_60.pkl
4167,34.0,44.252627761212295,abcd-ml,pasleep,scale,weekly,3,s012,41284804,60,out/abcd-ml_pasleep_scale_weekly_3_s012_41284804_60.pkl
4168,34.0,47.10026470209771,abcd-ml,pasleep,scale,weekly,3,s012,41284804,60,out/abcd-ml_pasleep_scale_weekly_3_s012_41284804_60.pkl
4169,34.0,44.47946002050624,abcd-ml,pasleep,scale,weekly,3,s012,41284804,60,out/abcd-ml_pasleep_scale_weekly_3_s012_41284804_60.pkl
4170,57.0,48.356289065032904,abcd-ml,pasleep,scale,weekly,3,s012,41284804,60,out/abcd-ml_pasleep_scale_weekly_3_s012_41284804_60.pkl
4171,50.0,44.61453992408519,abcd-ml,pasleep,scale,weekly,3,s012,41284804,60,out/abcd-ml_pasleep_scale_weekly_3_s012_41284804_60.pkl
4172,57.0,48.45269716086857,abcd-ml,pasleep,scale,weekly,3,s012,41284804,60,out/abcd-ml_pasleep_scale_weekly_3_s012_41284804_60.pkl
4173,50.0,44.50767494737061,abcd-ml,pasleep,scale,weekly,3,s012,41284804,60,out/abcd-ml_pasleep_scale_weekly_3_s012_41284804_60.pkl
4174,57.0,48.326164521956045,abcd-ml,pasleep,scale,weekly,3,s012,41284804,60,out/abcd-ml_pasleep_scale_weekly_3_s012_41284804_60.pkl
4175,50.0,44.49810324268478,abcd-ml,pasleep,scale,weekly,3,s012,41284804,60,out/abcd-ml_pasleep_scale_weekly_3_s012_41284804_60.pkl
4176,57.0,47.84817549008448,abcd-ml,pasleep,scale,weekly,3,s012,41284804,60,out/abcd-ml_pasleep_scale_weekly_3_s012_41284804_60.pkl
4177,50.0,44.39887828605775,abcd-ml,pasleep,scale,weekly,3,s012,41284804,60,out/abcd-ml_pasleep_scale_weekly_3_s012_41284804_60.pkl
4178,57.0,48.80705058992606,abcd-ml,pasleep,scale,weekly,3,s012,41284804,60,out/abcd-ml_pasleep_scale_weekly_3_s012_41284804_60.pkl
4179,50.0,44.7632536739814,abcd-ml,pasleep,scale,weekly,3,s012,41284804,60,out/abcd-ml_pasleep_scale_weekly_3_s012_41284804_60.pkl
4180,41.0,49.1713824066796,abcd-ml,pasleep,scale,weekly,3,s012,41284804,60,out/abcd-ml_pasleep_scale_weekly_3_s012_41284804_60.pkl
4181,51.0,44.67440439041039,abcd-ml,pasleep,scale,weekly,3,s012,41284804,60,out/abcd-ml_pasleep_scale_weekly_3_s012_41284804_60.pkl
4182,41.0,47.881898289690895,abcd-ml,pasleep,scale,weekly,3,s012,41284804,60,out/abcd-ml_pasleep_scale_weekly_3_s012_41284804_60.pkl
4183,51.0,44.36156407939844,abcd-ml,pasleep,scale,weekly,3,s012,41284804,60,out/abcd-ml_pasleep_scale_weekly_3_s012_41284804_60.pkl
4184,41.0,47.839800078234134,abcd-ml,pasleep,scale,weekly,3,s012,41284804,60,out/abcd-ml_pasleep_scale_weekly_3_s012_41284804_60.pkl
4185,51.0,44.40835146859395,abcd-ml,pasleep,scale,weekly,3,s012,41284804,60,out/abcd-ml_pasleep_scale_weekly_3_s012_41284804_60.pkl
4186,41.0,47.77706807233192,abcd-ml,pasleep,scale,weekly,3,s012,41284804,60,out/abcd-ml_pasleep_scale_weekly_3_s012_41284804_60.pkl
4187,51.0,44.350506414741645,abcd-ml,pasleep,scale,weekly,3,s012,41284804,60,out/abcd-ml_pasleep_scale_weekly_3_s012_41284804_60.pkl
4188,41.0,47.75482761466774,abcd-ml,pasleep,scale,weekly,3,s012,41284804,60,out/abcd-ml_pasleep_scale_weekly_3_s012_41284804_60.pkl
4189,51.0,44.375278357399495,abcd-ml,pasleep,scale,weekly,3,s012,41284804,60,out/abcd-ml_pasleep_scale_weekly_3_s012_41284804_60.pkl
4190,41.0,47.910604688060396,abcd-ml,pasleep,scale,weekly,3,s012,41284804,60,out/abcd-ml_pasleep_scale_weekly_3_s012_41284804_60.pkl
4191,51.0,44.38679645849895,abcd-ml,pasleep,scale,weekly,3,s012,41284804,60,out/abcd-ml_pasleep_scale_weekly_3_s012_41284804_60.pkl
4192,41.0,47.922646373692466,abcd-ml,pasleep,scale,weekly,3,s012,41284804,60,out/abcd-ml_pasleep_scale_weekly_3_s012_41284804_60.pkl
4193,51.0,44.37331089095032,abcd-ml,pasleep,scale,weekly,3,s012,41284804,60,out/abcd-ml_pasleep_scale_weekly_3_s012_41284804_60.pkl
4194,59.0,48.49368640051158,abcd-ml,pasleep,scale,weekly,3,s012,41284804,60,out/abcd-ml_pasleep_scale_weekly_3_s012_41284804_60.pkl
4195,34.0,44.43288233679465,abcd-ml,pasleep,scale,weekly,3,s012,41284804,60,out/abcd-ml_pasleep_scale_weekly_3_s012_41284804_60.pkl
4196,59.0,48.44280046601811,abcd-ml,pasleep,scale,weekly,3,s012,41284804,60,out/abcd-ml_pasleep_scale_weekly_3_s012_41284804_60.pkl
4197,34.0,44.48944876589319,abcd-ml,pasleep,scale,weekly,3,s012,41284804,60,out/abcd-ml_pasleep_scale_weekly_3_s012_41284804_60.pkl
4198,59.0,48.07516740141081,abcd-ml,pasleep,scale,weekly,3,s012,41284804,60,out/abcd-ml_pasleep_scale_weekly_3_s012_41284804_60.pkl
4199,34.0,44.39377581825774,abcd-ml,pasleep,scale,weekly,3,s012,41284804,60,out/abcd-ml_pasleep_scale_weekly_3_s012_41284804_60.pkl
4200,59.0,48.38703780243674,abcd-ml,pasleep,scale,weekly,3,s012,41284804,60,out/abcd-ml_pasleep_scale_weekly_3_s012_41284804_60.pkl
4201,34.0,44.39648587508677,abcd-ml,pasleep,scale,weekly,3,s012,41284804,60,out/abcd-ml_pasleep_scale_weekly_3_s012_41284804_60.pkl
4202,59.0,48.29158345058129,abcd-ml,pasleep,scale,weekly,3,s012,41284804,60,out/abcd-ml_pasleep_scale_weekly_3_s012_41284804_60.pkl
4203,34.0,44.502457861894186,abcd-ml,pasleep,scale,weekly,3,s012,41284804,60,out/abcd-ml_pasleep_scale_weekly_3_s012_41284804_60.pkl
4204,57.0,47.79594332921468,abcd-ml,pasleep,scale,weekly,3,s012,41284804,60,out/abcd-ml_pasleep_scale_weekly_3_s012_41284804_60.pkl
4205,54.0,44.26577139263968,abcd-ml,pasleep,scale,weekly,3,s012,41284804,60,out/abcd-ml_pasleep_scale_weekly_3_s012_41284804_60.pkl
4206,57.0,47.79472128573337,abcd-ml,pasleep,scale,weekly,3,s012,41284804,60,out/abcd-ml_pasleep_scale_weekly_3_s012_41284804_60.pkl
4207,54.0,44.266746236711796,abcd-ml,pasleep,scale,weekly,3,s012,41284804,60,out/abcd-ml_pasleep_scale_weekly_3_s012_41284804_60.pkl
4208,57.0,47.61818503171963,abcd-ml,pasleep,scale,weekly,3,s012,41284804,60,out/abcd-ml_pasleep_scale_weekly_3_s012_41284804_60.pkl
4209,54.0,44.21870060105093,abcd-ml,pasleep,scale,weekly,3,s012,41284804,60,out/abcd-ml_pasleep_scale_weekly_3_s012_41284804_60.pkl
4210,57.0,47.47034827731496,abcd-ml,pasleep,scale,weekly,3,s012,41284804,60,out/abcd-ml_pasleep_scale_weekly_3_s012_41284804_60.pkl
4211,54.0,44.382435592629555,abcd-ml,pasleep,scale,weekly,3,s012,41284804,60,out/abcd-ml_pasleep_scale_weekly_3_s012_41284804_60.pkl
4212,57.0,47.69344998747911,abcd-ml,pasleep,scale,weekly,3,s012,41284804,60,out/abcd-ml_pasleep_scale_weekly_3_s012_41284804_60.pkl
4213,54.0,44.42477912273499,abcd-ml,pasleep,scale,weekly,3,s012,41284804,60,out/abcd-ml_pasleep_scale_weekly_3_s012_41284804_60.pkl
4214,57.0,47.73797440258941,abcd-ml,pasleep,scale,weekly,3,s012,41284804,60,out/abcd-ml_pasleep_scale_weekly_3_s012_41284804_60.pkl
4215,54.0,44.37580755473489,abcd-ml,pasleep,scale,weekly,3,s012,41284804,60,out/abcd-ml_pasleep_scale_weekly_3_s012_41284804_60.pkl
4216,50.0,48.12524342371861,abcd-ml,pasleep,scale,weekly,3,s012,41284804,60,out/abcd-ml_pasleep_scale_weekly_3_s012_41284804_60.pkl
4217,41.0,44.44103005993914,abcd-ml,pasleep,scale,weekly,3,s012,41284804,60,out/abcd-ml_pasleep_scale_weekly_3_s012_41284804_60.pkl
4218,50.0,48.00396324900707,abcd-ml,pasleep,scale,weekly,3,s012,41284804,60,out/abcd-ml_pasleep_scale_weekly_3_s012_41284804_60.pkl
4219,41.0,44.574850312445534,abcd-ml,pasleep,scale,weekly,3,s012,41284804,60,out/abcd-ml_pasleep_scale_weekly_3_s012_41284804_60.pkl
4220,50.0,48.41291418737072,abcd-ml,pasleep,scale,weekly,3,s012,41284804,60,out/abcd-ml_pasleep_scale_weekly_3_s012_41284804_60.pkl
4221,41.0,44.6384060720419,abcd-ml,pasleep,scale,weekly,3,s012,41284804,60,out/abcd-ml_pasleep_scale_weekly_3_s012_41284804_60.pkl
4222,50.0,48.148268683686254,abcd-ml,pasleep,scale,weekly,3,s012,41284804,60,out/abcd-ml_pasleep_scale_weekly_3_s012_41284804_60.pkl
4223,41.0,44.41176554803165,abcd-ml,pasleep,scale,weekly,3,s012,41284804,60,out/abcd-ml_pasleep_scale_weekly_3_s012_41284804_60.pkl
4224,50.0,48.08376114963736,abcd-ml,pasleep,scale,weekly,3,s012,41284804,60,out/abcd-ml_pasleep_scale_weekly_3_s012_41284804_60.pkl
4225,41.0,44.4843492287128,abcd-ml,pasleep,scale,weekly,3,s012,41284804,60,out/abcd-ml_pasleep_scale_weekly_3_s012_41284804_60.pkl
4226,58.0,48.03738999260845,abcd-ml,pasleep,scale,weekly,3,s012,41284804,60,out/abcd-ml_pasleep_scale_weekly_3_s012_41284804_60.pkl
4227,59.0,44.21189457803153,abcd-ml,pasleep,scale,weekly,3,s012,41284804,60,out/abcd-ml_pasleep_scale_weekly_3_s012_41284804_60.pkl
4228,58.0,47.8049205074477,abcd-ml,pasleep,scale,weekly,3,s012,41284804,60,out/abcd-ml_pasleep_scale_weekly_3_s012_41284804_60.pkl
4229,59.0,44.469132179962415,abcd-ml,pasleep,scale,weekly,3,s012,41284804,60,out/abcd-ml_pasleep_scale_weekly_3_s012_41284804_60.pkl
4230,58.0,48.13315351764107,abcd-ml,pasleep,scale,weekly,3,s012,41284804,60,out/abcd-ml_pasleep_scale_weekly_3_s012_41284804_60.pkl
4231,59.0,44.501369921574856,abcd-ml,pasleep,scale,weekly,3,s012,41284804,60,out/abcd-ml_pasleep_scale_weekly_3_s012_41284804_60.pkl
4232,58.0,48.188977044688144,abcd-ml,pasleep,scale,weekly,3,s012,41284804,60,out/abcd-ml_pasleep_scale_weekly_3_s012_41284804_60.pkl
4233,59.0,44.44033712013014,abcd-ml,pasleep,scale,weekly,3,s012,41284804,60,out/abcd-ml_pasleep_scale_weekly_3_s012_41284804_60.pkl
4234,58.0,48.85762188004064,abcd-ml,pasleep,scale,weekly,3,s012,41284804,60,out/abcd-ml_pasleep_scale_weekly_3_s012_41284804_60.pkl
4235,59.0,44.78357156521226,abcd-ml,pasleep,scale,weekly,3,s012,41284804,60,out/abcd-ml_pasleep_scale_weekly_3_s012_41284804_60.pkl
4236,52.0,47.900207756466614,abcd-ml,pasleep,scale,weekly,3,s012,41284804,60,out/abcd-ml_pasleep_scale_weekly_3_s012_41284804_60.pkl
4237,54.0,44.55528730095396,abcd-ml,pasleep,scale,weekly,3,s012,41284804,60,out/abcd-ml_pasleep_scale_weekly_3_s012_41284804_60.pkl
4238,52.0,48.00476596928503,abcd-ml,pasleep,scale,weekly,3,s012,41284804,60,out/abcd-ml_pasleep_scale_weekly_3_s012_41284804_60.pkl
4239,54.0,44.440027673468386,abcd-ml,pasleep,scale,weekly,3,s012,41284804,60,out/abcd-ml_pasleep_scale_weekly_3_s012_41284804_60.pkl
4240,52.0,48.12242949150502,abcd-ml,pasleep,scale,weekly,3,s012,41284804,60,out/abcd-ml_pasleep_scale_weekly_3_s012_41284804_60.pkl
4241,54.0,44.2051225971023,abcd-ml,pasleep,scale,weekly,3,s012,41284804,60,out/abcd-ml_pasleep_scale_weekly_3_s012_41284804_60.pkl
4242,52.0,48.00613972896038,abcd-ml,pasleep,scale,weekly,3,s012,41284804,60,out/abcd-ml_pasleep_scale_weekly_3_s012_41284804_60.pkl
4243,54.0,44.33506156490696,abcd-ml,pasleep,scale,weekly,3,s012,41284804,60,out/abcd-ml_pasleep_scale_weekly_3_s012_41284804_60.pkl
4244,52.0,48.365101271171184,abcd-ml,pasleep,scale,weekly,3,s012,41284804,60,out/abcd-ml_pasleep_scale_weekly_3_s012_41284804_60.pkl
4245,54.0,44.52310567048127,abcd-ml,pasleep,scale,weekly,3,s012,41284804,60,out/abcd-ml_pasleep_scale_weekly_3_s012_41284804_60.pkl
4246,52.0,48.25621960478213,abcd-ml,pasleep,scale,weekly,3,s012,41284804,60,out/abcd-ml_pasleep_scale_weekly_3_s012_41284804_60.pkl
4247,54.0,44.64324539215275,abcd-ml,pasleep,scale,weekly,3,s012,41284804,60,out/abcd-ml_pasleep_scale_weekly_3_s012_41284804_60.pkl
4248,50.0,47.5715552638645,abcd-ml,pasleep,scale,weekly,3,s012,41284804,60,out/abcd-ml_pasleep_scale_weekly_3_s012_41284804_60.pkl
4249,48.0,44.234606490050524,abcd-ml,pasleep,scale,weekly,3,s012,41284804,60,out/abcd-ml_pasleep_scale_weekly_3_s012_41284804_60.pkl
4250,50.0,47.4981300850782,abcd-ml,pasleep,scale,weekly,3,s012,41284804,60,out/abcd-ml_pasleep_scale_weekly_3_s012_41284804_60.pkl
4251,48.0,44.315434653629076,abcd-ml,pasleep,scale,weekly,3,s012,41284804,60,out/abcd-ml_pasleep_scale_weekly_3_s012_41284804_60.pkl
4252,50.0,47.853160334285285,abcd-ml,pasleep,scale,weekly,3,s012,41284804,60,out/abcd-ml_pasleep_scale_weekly_3_s012_41284804_60.pkl
4253,48.0,44.19081728226053,abcd-ml,pasleep,scale,weekly,3,s012,41284804,60,out/abcd-ml_pasleep_scale_weekly_3_s012_41284804_60.pkl
4254,50.0,47.77003714341548,abcd-ml,pasleep,scale,weekly,3,s012,41284804,60,out/abcd-ml_pasleep_scale_weekly_3_s012_41284804_60.pkl
4255,48.0,44.218776952969094,abcd-ml,pasleep,scale,weekly,3,s012,41284804,60,out/abcd-ml_pasleep_scale_weekly_3_s012_41284804_60.pkl
4256,50.0,47.85715446961543,abcd-ml,pasleep,scale,weekly,3,s012,41284804,60,out/abcd-ml_pasleep_scale_weekly_3_s012_41284804_60.pkl
4257,48.0,44.122831679982326,abcd-ml,pasleep,scale,weekly,3,s012,41284804,60,out/abcd-ml_pasleep_scale_weekly_3_s012_41284804_60.pkl
4258,34.0,48.82543522315799,abcd-ml,pasleep,scale,weekly,3,s012,41284804,60,out/abcd-ml_pasleep_scale_weekly_3_s012_41284804_60.pkl
4259,33.0,44.891471165866335,abcd-ml,pasleep,scale,weekly,3,s012,41284804,60,out/abcd-ml_pasleep_scale_weekly_3_s012_41284804_60.pkl
4260,34.0,47.781702877344856,abcd-ml,pasleep,scale,weekly,3,s012,41284804,60,out/abcd-ml_pasleep_scale_weekly_3_s012_41284804_60.pkl
4261,33.0,44.47213362813862,abcd-ml,pasleep,scale,weekly,3,s012,41284804,60,out/abcd-ml_pasleep_scale_weekly_3_s012_41284804_60.pkl
4262,34.0,47.52422515282559,abcd-ml,pasleep,scale,weekly,3,s012,41284804,60,out/abcd-ml_pasleep_scale_weekly_3_s012_41284804_60.pkl
4263,33.0,44.335360167681216,abcd-ml,pasleep,scale,weekly,3,s012,41284804,60,out/abcd-ml_pasleep_scale_weekly_3_s012_41284804_60.pkl
4264,34.0,47.63074460347452,abcd-ml,pasleep,scale,weekly,3,s012,41284804,60,out/abcd-ml_pasleep_scale_weekly_3_s012_41284804_60.pkl
4265,33.0,44.15410982710037,abcd-ml,pasleep,scale,weekly,3,s012,41284804,60,out/abcd-ml_pasleep_scale_weekly_3_s012_41284804_60.pkl
4266,34.0,47.52441766399903,abcd-ml,pasleep,scale,weekly,3,s012,41284804,60,out/abcd-ml_pasleep_scale_weekly_3_s012_41284804_60.pkl
4267,33.0,44.27160807845815,abcd-ml,pasleep,scale,weekly,3,s012,41284804,60,out/abcd-ml_pasleep_scale_weekly_3_s012_41284804_60.pkl
4268,40.0,48.25184759659207,abcd-ml,pasleep,scale,weekly,3,s012,41284804,60,out/abcd-ml_pasleep_scale_weekly_3_s012_41284804_60.pkl
4269,34.0,44.39862111218858,abcd-ml,pasleep,scale,weekly,3,s012,41284804,60,out/abcd-ml_pasleep_scale_weekly_3_s012_41284804_60.pkl
4270,40.0,48.25018162738917,abcd-ml,pasleep,scale,weekly,3,s012,41284804,60,out/abcd-ml_pasleep_scale_weekly_3_s012_41284804_60.pkl
4271,34.0,44.40045935201967,abcd-ml,pasleep,scale,weekly,3,s012,41284804,60,out/abcd-ml_pasleep_scale_weekly_3_s012_41284804_60.pkl
4272,47.0,48.2533160567542,abcd-ml,pasleep,scale,weekly,3,s012,41284804,60,out/abcd-ml_pasleep_scale_weekly_3_s012_41284804_60.pkl
4273,48.0,44.846502029729194,abcd-ml,pasleep,scale,weekly,3,s012,41284804,60,out/abcd-ml_pasleep_scale_weekly_3_s012_41284804_60.pkl
4274,47.0,48.49170278919865,abcd-ml,pasleep,scale,weekly,3,s012,41284804,60,out/abcd-ml_pasleep_scale_weekly_3_s012_41284804_60.pkl
4275,48.0,44.58232073962075,abcd-ml,pasleep,scale,weekly,3,s012,41284804,60,out/abcd-ml_pasleep_scale_weekly_3_s012_41284804_60.pkl
4276,47.0,48.316652350627926,abcd-ml,pasleep,scale,weekly,3,s012,41284804,60,out/abcd-ml_pasleep_scale_weekly_3_s012_41284804_60.pkl
4277,48.0,44.52993540769933,abcd-ml,pasleep,scale,weekly,3,s012,41284804,60,out/abcd-ml_pasleep_scale_weekly_3_s012_41284804_60.pkl
4278,47.0,48.64254743694105,abcd-ml,pasleep,scale,weekly,3,s012,41284804,60,out/abcd-ml_pasleep_scale_weekly_3_s012_41284804_60.pkl
4279,48.0,44.748224024464406,abcd-ml,pasleep,scale,weekly,3,s012,41284804,60,out/abcd-ml_pasleep_scale_weekly_3_s012_41284804_60.pkl
4280,47.0,48.707659942668066,abcd-ml,pasleep,scale,weekly,3,s012,41284804,60,out/abcd-ml_pasleep_scale_weekly_3_s012_41284804_60.pkl
4281,48.0,44.67637914457487,abcd-ml,pasleep,scale,weekly,3,s012,41284804,60,out/abcd-ml_pasleep_scale_weekly_3_s012_41284804_60.pkl
4282,52.0,47.91812978411541,abcd-ml,pasleep,scale,weekly,3,s012,41284804,60,out/abcd-ml_pasleep_scale_weekly_3_s012_41284804_60.pkl
4283,46.0,44.24598124685829,abcd-ml,pasleep,scale,weekly,3,s012,41284804,60,out/abcd-ml_pasleep_scale_weekly_3_s012_41284804_60.pkl
4284,52.0,47.86317560805041,abcd-ml,pasleep,scale,weekly,3,s012,41284804,60,out/abcd-ml_pasleep_scale_weekly_3_s012_41284804_60.pkl
4285,46.0,44.30691455880219,abcd-ml,pasleep,scale,weekly,3,s012,41284804,60,out/abcd-ml_pasleep_scale_weekly_3_s012_41284804_60.pkl
4286,52.0,48.09788459611018,abcd-ml,pasleep,scale,weekly,3,s012,41284804,60,out/abcd-ml_pasleep_scale_weekly_3_s012_41284804_60.pkl
4287,46.0,44.49989077226438,abcd-ml,pasleep,scale,weekly,3,s012,41284804,60,out/abcd-ml_pasleep_scale_weekly_3_s012_41284804_60.pkl
4288,52.0,47.91375805486945,abcd-ml,pasleep,scale,weekly,3,s012,41284804,60,out/abcd-ml_pasleep_scale_weekly_3_s012_41284804_60.pkl
4289,46.0,44.70447974183854,abcd-ml,pasleep,scale,weekly,3,s012,41284804,60,out/abcd-ml_pasleep_scale_weekly_3_s012_41284804_60.pkl
4290,52.0,48.48200993943978,abcd-ml,pasleep,scale,weekly,3,s012,41284804,60,out/abcd-ml_pasleep_scale_weekly_3_s012_41284804_60.pkl
4291,46.0,44.80706214045837,abcd-ml,pasleep,scale,weekly,3,s012,41284804,60,out/abcd-ml_pasleep_scale_weekly_3_s012_41284804_60.pkl
4292,52.0,48.66765943352923,abcd-ml,pasleep,scale,weekly,3,s012,41284804,60,out/abcd-ml_pasleep_scale_weekly_3_s012_41284804_60.pkl
4293,46.0,44.60073506163537,abcd-ml,pasleep,scale,weekly,3,s012,41284804,60,out/abcd-ml_pasleep_scale_weekly_3_s012_41284804_60.pkl
4294,40.0,47.540292436385556,abcd-ml,pasleep,scale,weekly,3,s012,41284804,60,out/abcd-ml_pasleep_scale_weekly_3_s012_41284804_60.pkl
4295,40.0,44.46066417301851,abcd-ml,pasleep,scale,weekly,3,s012,41284804,60,out/abcd-ml_pasleep_scale_weekly_3_s012_41284804_60.pkl
4296,40.0,47.687925426284984,abcd-ml,pasleep,scale,weekly,3,s012,41284804,60,out/abcd-ml_pasleep_scale_weekly_3_s012_41284804_60.pkl
4297,40.0,44.29776637331563,abcd-ml,pasleep,scale,weekly,3,s012,41284804,60,out/abcd-ml_pasleep_scale_weekly_3_s012_41284804_60.pkl
4298,40.0,48.19244433771608,abcd-ml,pasleep,scale,weekly,3,s012,41284804,60,out/abcd-ml_pasleep_scale_weekly_3_s012_41284804_60.pkl
4299,40.0,44.59402506190017,abcd-ml,pasleep,scale,weekly,3,s012,41284804,60,out/abcd-ml_pasleep_scale_weekly_3_s012_41284804_60.pkl
4300,40.0,47.690989645487825,abcd-ml,pasleep,scale,weekly,3,s012,41284804,60,out/abcd-ml_pasleep_scale_weekly_3_s012_41284804_60.pkl
4301,40.0,44.25310827701938,abcd-ml,pasleep,scale,weekly,3,s012,41284804,60,out/abcd-ml_pasleep_scale_weekly_3_s012_41284804_60.pkl
4302,40.0,47.55898743110531,abcd-ml,pasleep,scale,weekly,3,s012,41284804,60,out/abcd-ml_pasleep_scale_weekly_3_s012_41284804_60.pkl
4303,40.0,44.39875913914389,abcd-ml,pasleep,scale,weekly,3,s012,41284804,60,out/abcd-ml_pasleep_scale_weekly_3_s012_41284804_60.pkl
4304,40.0,48.422697826263985,abcd-ml,pasleep,scale,weekly,3,s012,41284804,60,out/abcd-ml_pasleep_scale_weekly_3_s012_41284804_60.pkl
4305,43.0,44.57024365404419,abcd-ml,pasleep,scale,weekly,3,s012,41284804,60,out/abcd-ml_pasleep_scale_weekly_3_s012_41284804_60.pkl
4306,40.0,47.89264569556404,abcd-ml,pasleep,scale,weekly,3,s012,41284804,60,out/abcd-ml_pasleep_scale_weekly_3_s012_41284804_60.pkl
4307,43.0,44.42943961025182,abcd-ml,pasleep,scale,weekly,3,s012,41284804,60,out/abcd-ml_pasleep_scale_weekly_3_s012_41284804_60.pkl
4308,40.0,48.31710517208796,abcd-ml,pasleep,scale,weekly,3,s012,41284804,60,out/abcd-ml_pasleep_scale_weekly_3_s012_41284804_60.pkl
4309,43.0,44.44223671966752,abcd-ml,pasleep,scale,weekly,3,s012,41284804,60,out/abcd-ml_pasleep_scale_weekly_3_s012_41284804_60.pkl
4310,45.0,48.90712593547496,abcd-ml,pasleep,scale,weekly,3,s012,41284804,60,out/abcd-ml_pasleep_scale_weekly_3_s012_41284804_60.pkl
4311,44.0,44.948459387031,abcd-ml,pasleep,scale,weekly,3,s012,41284804,60,out/abcd-ml_pasleep_scale_weekly_3_s012_41284804_60.pkl
4312,45.0,49.13557139196571,abcd-ml,pasleep,scale,weekly,3,s012,41284804,60,out/abcd-ml_pasleep_scale_weekly_3_s012_41284804_60.pkl
4313,44.0,44.69570640349814,abcd-ml,pasleep,scale,weekly,3,s012,41284804,60,out/abcd-ml_pasleep_scale_weekly_3_s012_41284804_60.pkl
4314,45.0,48.21264585331164,abcd-ml,pasleep,scale,weekly,3,s012,41284804,60,out/abcd-ml_pasleep_scale_weekly_3_s012_41284804_60.pkl
4315,44.0,44.53625406516264,abcd-ml,pasleep,scale,weekly,3,s012,41284804,60,out/abcd-ml_pasleep_scale_weekly_3_s012_41284804_60.pkl
4316,45.0,47.955931967971935,abcd-ml,pasleep,scale,weekly,3,s012,41284804,60,out/abcd-ml_pasleep_scale_weekly_3_s012_41284804_60.pkl
4317,44.0,44.42857223455452,abcd-ml,pasleep,scale,weekly,3,s012,41284804,60,out/abcd-ml_pasleep_scale_weekly_3_s012_41284804_60.pkl
4318,41.0,47.2457097712045,abcd-ml,pasleep,scale,weekly,3,s012,41284804,60,out/abcd-ml_pasleep_scale_weekly_3_s012_41284804_60.pkl
4319,48.0,44.204478165886385,abcd-ml,pasleep,scale,weekly,3,s012,41284804,60,out/abcd-ml_pasleep_scale_weekly_3_s012_41284804_60.pkl
4320,41.0,47.14780914465057,abcd-ml,pasleep,scale,weekly,3,s012,41284804,60,out/abcd-ml_pasleep_scale_weekly_3_s012_41284804_60.pkl
4321,48.0,44.31282206496025,abcd-ml,pasleep,scale,weekly,3,s012,41284804,60,out/abcd-ml_pasleep_scale_weekly_3_s012_41284804_60.pkl
4322,41.0,47.60192405730412,abcd-ml,pasleep,scale,weekly,3,s012,41284804,60,out/abcd-ml_pasleep_scale_weekly_3_s012_41284804_60.pkl
4323,48.0,44.360717061326305,abcd-ml,pasleep,scale,weekly,3,s012,41284804,60,out/abcd-ml_pasleep_scale_weekly_3_s012_41284804_60.pkl
4324,41.0,47.52190383773507,abcd-ml,pasleep,scale,weekly,3,s012,41284804,60,out/abcd-ml_pasleep_scale_weekly_3_s012_41284804_60.pkl
4325,48.0,44.44998632578997,abcd-ml,pasleep,scale,weekly,3,s012,41284804,60,out/abcd-ml_pasleep_scale_weekly_3_s012_41284804_60.pkl
4326,34.0,47.75486823903612,abcd-ml,pasleep,scale,weekly,3,s012,41284804,60,out/abcd-ml_pasleep_scale_weekly_3_s012_41284804_60.pkl
4327,44.0,44.14119281416649,abcd-ml,pasleep,scale,weekly,3,s012,41284804,60,out/abcd-ml_pasleep_scale_weekly_3_s012_41284804_60.pkl
4328,34.0,47.58590511114202,abcd-ml,pasleep,scale,weekly,3,s012,41284804,60,out/abcd-ml_pasleep_scale_weekly_3_s012_41284804_60.pkl
4329,44.0,43.84288998047644,abcd-ml,pasleep,scale,weekly,3,s012,41284804,60,out/abcd-ml_pasleep_scale_weekly_3_s012_41284804_60.pkl
4330,34.0,47.31614712523576,abcd-ml,pasleep,scale,weekly,3,s012,41284804,60,out/abcd-ml_pasleep_scale_weekly_3_s012_41284804_60.pkl
4331,44.0,44.14152871628262,abcd-ml,pasleep,scale,weekly,3,s012,41284804,60,out/abcd-ml_pasleep_scale_weekly_3_s012_41284804_60.pkl
4332,34.0,47.705364399690154,abcd-ml,pasleep,scale,weekly,3,s012,41284804,60,out/abcd-ml_pasleep_scale_weekly_3_s012_41284804_60.pkl
4333,44.0,44.01799663242809,abcd-ml,pasleep,scale,weekly,3,s012,41284804,60,out/abcd-ml_pasleep_scale_weekly_3_s012_41284804_60.pkl
4334,34.0,47.525517880739876,abcd-ml,pasleep,scale,weekly,3,s012,41284804,60,out/abcd-ml_pasleep_scale_weekly_3_s012_41284804_60.pkl
4335,44.0,44.21675168930642,abcd-ml,pasleep,scale,weekly,3,s012,41284804,60,out/abcd-ml_pasleep_scale_weekly_3_s012_41284804_60.pkl
4336,46.0,48.20055513260627,abcd-ml,pasleep,scale,weekly,3,s012,41284804,60,out/abcd-ml_pasleep_scale_weekly_3_s012_41284804_60.pkl
4337,34.0,44.56099969928531,abcd-ml,pasleep,scale,weekly,3,s012,41284804,60,out/abcd-ml_pasleep_scale_weekly_3_s012_41284804_60.pkl
4338,46.0,48.272710556084945,abcd-ml,pasleep,scale,weekly,3,s012,41284804,60,out/abcd-ml_pasleep_scale_weekly_3_s012_41284804_60.pkl
4339,34.0,44.481691836958746,abcd-ml,pasleep,scale,weekly,3,s012,41284804,60,out/abcd-ml_pasleep_scale_weekly_3_s012_41284804_60.pkl
4340,46.0,47.98018026088908,abcd-ml,pasleep,scale,weekly,3,s012,41284804,60,out/abcd-ml_pasleep_scale_weekly_3_s012_41284804_60.pkl
4341,34.0,44.38508769984217,abcd-ml,pasleep,scale,weekly,3,s012,41284804,60,out/abcd-ml_pasleep_scale_weekly_3_s012_41284804_60.pkl
4342,46.0,47.79371317471466,abcd-ml,pasleep,scale,weekly,3,s012,41284804,60,out/abcd-ml_pasleep_scale_weekly_3_s012_41284804_60.pkl
4343,34.0,44.59138601482667,abcd-ml,pasleep,scale,weekly,3,s012,41284804,60,out/abcd-ml_pasleep_scale_weekly_3_s012_41284804_60.pkl
4344,46.0,47.882825936799485,abcd-ml,pasleep,scale,weekly,3,s012,41284804,60,out/abcd-ml_pasleep_scale_weekly_3_s012_41284804_60.pkl
4345,34.0,44.57000311905237,abcd-ml,pasleep,scale,weekly,3,s012,41284804,60,out/abcd-ml_pasleep_scale_weekly_3_s012_41284804_60.pkl
4346,46.0,48.058623997804204,abcd-ml,pasleep,scale,weekly,3,s012,41284804,60,out/abcd-ml_pasleep_scale_weekly_3_s012_41284804_60.pkl
4347,34.0,44.37552724078202,abcd-ml,pasleep,scale,weekly,3,s012,41284804,60,out/abcd-ml_pasleep_scale_weekly_3_s012_41284804_60.pkl
4348,61.0,47.68740090772737,abcd-ml,pasleep,scale,weekly,3,s012,41284804,60,out/abcd-ml_pasleep_scale_weekly_3_s012_41284804_60.pkl
4349,34.0,44.20578248914813,abcd-ml,pasleep,scale,weekly,3,s012,41284804,60,out/abcd-ml_pasleep_scale_weekly_3_s012_41284804_60.pkl
4350,61.0,47.778843832323275,abcd-ml,pasleep,scale,weekly,3,s012,41284804,60,out/abcd-ml_pasleep_scale_weekly_3_s012_41284804_60.pkl
4351,34.0,44.82743348338336,abcd-ml,pasleep,scale,weekly,3,s012,41284804,60,out/abcd-ml_pasleep_scale_weekly_3_s012_41284804_60.pkl
4352,61.0,47.97717161000282,abcd-ml,pasleep,scale,weekly,3,s012,41284804,60,out/abcd-ml_pasleep_scale_weekly_3_s012_41284804_60.pkl
4353,34.0,44.60709886469375,abcd-ml,pasleep,scale,weekly,3,s012,41284804,60,out/abcd-ml_pasleep_scale_weekly_3_s012_41284804_60.pkl
4354,61.0,48.020506075810715,abcd-ml,pasleep,scale,weekly,3,s012,41284804,60,out/abcd-ml_pasleep_scale_weekly_3_s012_41284804_60.pkl
4355,34.0,44.36854622460349,abcd-ml,pasleep,scale,weekly,3,s012,41284804,60,out/abcd-ml_pasleep_scale_weekly_3_s012_41284804_60.pkl
4356,63.0,47.60492870084596,abcd-ml,pasleep,scale,weekly,3,s012,41284804,60,out/abcd-ml_pasleep_scale_weekly_3_s012_41284804_60.pkl
4357,56.0,44.23409400115413,abcd-ml,pasleep,scale,weekly,3,s012,41284804,60,out/abcd-ml_pasleep_scale_weekly_3_s012_41284804_60.pkl
4358,63.0,47.74907353997506,abcd-ml,pasleep,scale,weekly,3,s012,41284804,60,out/abcd-ml_pasleep_scale_weekly_3_s012_41284804_60.pkl
4359,56.0,44.26775752176515,abcd-ml,pasleep,scale,weekly,3,s012,41284804,60,out/abcd-ml_pasleep_scale_weekly_3_s012_41284804_60.pkl
4360,63.0,47.28062282669545,abcd-ml,pasleep,scale,weekly,3,s012,41284804,60,out/abcd-ml_pasleep_scale_weekly_3_s012_41284804_60.pkl
4361,56.0,44.0573423291533,abcd-ml,pasleep,scale,weekly,3,s012,41284804,60,out/abcd-ml_pasleep_scale_weekly_3_s012_41284804_60.pkl
4362,66.0,48.049848764188575,abcd-ml,pasleep,scale,weekly,3,s012,41284804,60,out/abcd-ml_pasleep_scale_weekly_3_s012_41284804_60.pkl
4363,54.0,44.432318709844196,abcd-ml,pasleep,scale,weekly,3,s012,41284804,60,out/abcd-ml_pasleep_scale_weekly_3_s012_41284804_60.pkl
4364,66.0,47.80487486891743,abcd-ml,pasleep,scale,weekly,3,s012,41284804,60,out/abcd-ml_pasleep_scale_weekly_3_s012_41284804_60.pkl
4365,54.0,44.273011242290956,abcd-ml,pasleep,scale,weekly,3,s012,41284804,60,out/abcd-ml_pasleep_scale_weekly_3_s012_41284804_60.pkl
4366,66.0,47.84402046476219,abcd-ml,pasleep,scale,weekly,3,s012,41284804,60,out/abcd-ml_pasleep_scale_weekly_3_s012_41284804_60.pkl
4367,54.0,44.22975020200282,abcd-ml,pasleep,scale,weekly,3,s012,41284804,60,out/abcd-ml_pasleep_scale_weekly_3_s012_41284804_60.pkl
4368,66.0,47.430819508106744,abcd-ml,pasleep,scale,weekly,3,s012,41284804,60,out/abcd-ml_pasleep_scale_weekly_3_s012_41284804_60.pkl
4369,54.0,44.3504685588415,abcd-ml,pasleep,scale,weekly,3,s012,41284804,60,out/abcd-ml_pasleep_scale_weekly_3_s012_41284804_60.pkl
4370,66.0,47.56740005127587,abcd-ml,pasleep,scale,weekly,3,s012,41284804,60,out/abcd-ml_pasleep_scale_weekly_3_s012_41284804_60.pkl
4371,54.0,44.19905347317367,abcd-ml,pasleep,scale,weekly,3,s012,41284804,60,out/abcd-ml_pasleep_scale_weekly_3_s012_41284804_60.pkl
4372,33.0,47.553576800332316,abcd-ml,pasleep,scale,weekly,3,s012,41284804,60,out/abcd-ml_pasleep_scale_weekly_3_s012_41284804_60.pkl
4373,41.0,44.64459105096934,abcd-ml,pasleep,scale,weekly,3,s012,41284804,60,out/abcd-ml_pasleep_scale_weekly_3_s012_41284804_60.pkl
4374,33.0,47.85372422402126,abcd-ml,pasleep,scale,weekly,3,s012,41284804,60,out/abcd-ml_pasleep_scale_weekly_3_s012_41284804_60.pkl
4375,41.0,44.312252187818956,abcd-ml,pasleep,scale,weekly,3,s012,41284804,60,out/abcd-ml_pasleep_scale_weekly_3_s012_41284804_60.pkl
4376,33.0,47.64888966454765,abcd-ml,pasleep,scale,weekly,3,s012,41284804,60,out/abcd-ml_pasleep_scale_weekly_3_s012_41284804_60.pkl
4377,41.0,44.36959210101884,abcd-ml,pasleep,scale,weekly,3,s012,41284804,60,out/abcd-ml_pasleep_scale_weekly_3_s012_41284804_60.pkl
4378,33.0,47.6952923260837,abcd-ml,pasleep,scale,weekly,3,s012,41284804,60,out/abcd-ml_pasleep_scale_weekly_3_s012_41284804_60.pkl
4379,41.0,44.318972366391606,abcd-ml,pasleep,scale,weekly,3,s012,41284804,60,out/abcd-ml_pasleep_scale_weekly_3_s012_41284804_60.pkl
4380,33.0,47.93263591095495,abcd-ml,pasleep,scale,weekly,3,s012,41284804,60,out/abcd-ml_pasleep_scale_weekly_3_s012_41284804_60.pkl
4381,41.0,44.54041626530302,abcd-ml,pasleep,scale,weekly,3,s012,41284804,60,out/abcd-ml_pasleep_scale_weekly_3_s012_41284804_60.pkl
4382,33.0,48.160996276726685,abcd-ml,pasleep,scale,weekly,3,s012,41284804,60,out/abcd-ml_pasleep_scale_weekly_3_s012_41284804_60.pkl
4383,34.0,44.401496074867936,abcd-ml,pasleep,scale,weekly,3,s012,41284804,60,out/abcd-ml_pasleep_scale_weekly_3_s012_41284804_60.pkl
4384,33.0,48.107246257272685,abcd-ml,pasleep,scale,weekly,3,s012,41284804,60,out/abcd-ml_pasleep_scale_weekly_3_s012_41284804_60.pkl
4385,34.0,44.46085440266377,abcd-ml,pasleep,scale,weekly,3,s012,41284804,60,out/abcd-ml_pasleep_scale_weekly_3_s012_41284804_60.pkl
4386,33.0,48.13520472650779,abcd-ml,pasleep,scale,weekly,3,s012,41284804,60,out/abcd-ml_pasleep_scale_weekly_3_s012_41284804_60.pkl
4387,34.0,44.53559749362937,abcd-ml,pasleep,scale,weekly,3,s012,41284804,60,out/abcd-ml_pasleep_scale_weekly_3_s012_41284804_60.pkl
4388,33.0,48.19050551372784,abcd-ml,pasleep,scale,weekly,3,s012,41284804,60,out/abcd-ml_pasleep_scale_weekly_3_s012_41284804_60.pkl
4389,34.0,44.47457877269665,abcd-ml,pasleep,scale,weekly,3,s012,41284804,60,out/abcd-ml_pasleep_scale_weekly_3_s012_41284804_60.pkl
4390,33.0,48.10305206199973,abcd-ml,pasleep,scale,weekly,3,s012,41284804,60,out/abcd-ml_pasleep_scale_weekly_3_s012_41284804_60.pkl
4391,34.0,44.58542789134086,abcd-ml,pasleep,scale,weekly,3,s012,41284804,60,out/abcd-ml_pasleep_scale_weekly_3_s012_41284804_60.pkl
4392,33.0,48.25288072004815,abcd-ml,pasleep,scale,weekly,3,s012,41284804,60,out/abcd-ml_pasleep_scale_weekly_3_s012_41284804_60.pkl
4393,34.0,44.418652641370905,abcd-ml,pasleep,scale,weekly,3,s012,41284804,60,out/abcd-ml_pasleep_scale_weekly_3_s012_41284804_60.pkl
4394,52.0,48.21040306424239,abcd-ml,pasleep,scale,weekly,3,s012,41284804,60,out/abcd-ml_pasleep_scale_weekly_3_s012_41284804_60.pkl
4395,51.0,44.26930934678744,abcd-ml,pasleep,scale,weekly,3,s012,41284804,60,out/abcd-ml_pasleep_scale_weekly_3_s012_41284804_60.pkl
4396,52.0,48.02151531971359,abcd-ml,pasleep,scale,weekly,3,s012,41284804,60,out/abcd-ml_pasleep_scale_weekly_3_s012_41284804_60.pkl
4397,51.0,44.478344185542085,abcd-ml,pasleep,scale,weekly,3,s012,41284804,60,out/abcd-ml_pasleep_scale_weekly_3_s012_41284804_60.pkl
4398,52.0,47.93821094768197,abcd-ml,pasleep,scale,weekly,3,s012,41284804,60,out/abcd-ml_pasleep_scale_weekly_3_s012_41284804_60.pkl
4399,51.0,44.13420617950904,abcd-ml,pasleep,scale,weekly,3,s012,41284804,60,out/abcd-ml_pasleep_scale_weekly_3_s012_41284804_60.pkl
4400,52.0,47.71599094845247,abcd-ml,pasleep,scale,weekly,3,s012,41284804,60,out/abcd-ml_pasleep_scale_weekly_3_s012_41284804_60.pkl
4401,51.0,44.380214354979046,abcd-ml,pasleep,scale,weekly,3,s012,41284804,60,out/abcd-ml_pasleep_scale_weekly_3_s012_41284804_60.pkl
4402,48.0,47.536915519459384,abcd-ml,pasleep,scale,weekly,3,s012,41284804,60,out/abcd-ml_pasleep_scale_weekly_3_s012_41284804_60.pkl
4403,40.0,44.42178141224933,abcd-ml,pasleep,scale,weekly,3,s012,41284804,60,out/abcd-ml_pasleep_scale_weekly_3_s012_41284804_60.pkl
4404,48.0,47.62881696849972,abcd-ml,pasleep,scale,weekly,3,s012,41284804,60,out/abcd-ml_pasleep_scale_weekly_3_s012_41284804_60.pkl
4405,40.0,44.321043902097855,abcd-ml,pasleep,scale,weekly,3,s012,41284804,60,out/abcd-ml_pasleep_scale_weekly_3_s012_41284804_60.pkl
4406,48.0,47.521918723622036,abcd-ml,pasleep,scale,weekly,3,s012,41284804,60,out/abcd-ml_pasleep_scale_weekly_3_s012_41284804_60.pkl
4407,40.0,44.2175473015179,abcd-ml,pasleep,scale,weekly,3,s012,41284804,60,out/abcd-ml_pasleep_scale_weekly_3_s012_41284804_60.pkl
4408,48.0,47.35320041549847,abcd-ml,pasleep,scale,weekly,3,s012,41284804,60,out/abcd-ml_pasleep_scale_weekly_3_s012_41284804_60.pkl
4409,40.0,44.40363033235455,abcd-ml,pasleep,scale,weekly,3,s012,41284804,60,out/abcd-ml_pasleep_scale_weekly_3_s012_41284804_60.pkl
4410,48.0,47.305371403615254,abcd-ml,pasleep,scale,weekly,3,s012,41284804,60,out/abcd-ml_pasleep_scale_weekly_3_s012_41284804_60.pkl
4411,40.0,44.42729339453277,abcd-ml,pasleep,scale,weekly,3,s012,41284804,60,out/abcd-ml_pasleep_scale_weekly_3_s012_41284804_60.pkl
4412,48.0,47.47442771110374,abcd-ml,pasleep,scale,weekly,3,s012,41284804,60,out/abcd-ml_pasleep_scale_weekly_3_s012_41284804_60.pkl
4413,40.0,44.24080192827934,abcd-ml,pasleep,scale,weekly,3,s012,41284804,60,out/abcd-ml_pasleep_scale_weekly_3_s012_41284804_60.pkl
4414,39.0,48.0746670980551,abcd-ml,pasleep,scale,weekly,3,s012,41284804,60,out/abcd-ml_pasleep_scale_weekly_3_s012_41284804_60.pkl
4415,41.0,44.41872514823491,abcd-ml,pasleep,scale,weekly,3,s012,41284804,60,out/abcd-ml_pasleep_scale_weekly_3_s012_41284804_60.pkl
4416,39.0,48.139738022991,abcd-ml,pasleep,scale,weekly,3,s012,41284804,60,out/abcd-ml_pasleep_scale_weekly_3_s012_41284804_60.pkl
4417,41.0,44.347123717078844,abcd-ml,pasleep,scale,weekly,3,s012,41284804,60,out/abcd-ml_pasleep_scale_weekly_3_s012_41284804_60.pkl
4418,39.0,47.49225617763306,abcd-ml,pasleep,scale,weekly,3,s012,41284804,60,out/abcd-ml_pasleep_scale_weekly_3_s012_41284804_60.pkl
4419,41.0,44.37568178077771,abcd-ml,pasleep,scale,weekly,3,s012,41284804,60,out/abcd-ml_pasleep_scale_weekly_3_s012_41284804_60.pkl
4420,39.0,47.58872136216497,abcd-ml,pasleep,scale,weekly,3,s012,41284804,60,out/abcd-ml_pasleep_scale_weekly_3_s012_41284804_60.pkl
4421,41.0,44.26918596321494,abcd-ml,pasleep,scale,weekly,3,s012,41284804,60,out/abcd-ml_pasleep_scale_weekly_3_s012_41284804_60.pkl
4422,39.0,47.534106276933315,abcd-ml,pasleep,scale,weekly,3,s012,41284804,60,out/abcd-ml_pasleep_scale_weekly_3_s012_41284804_60.pkl
4423,41.0,44.318949321813044,abcd-ml,pasleep,scale,weekly,3,s012,41284804,60,out/abcd-ml_pasleep_scale_weekly_3_s012_41284804_60.pkl
4424,39.0,47.598204629892386,abcd-ml,pasleep,scale,weekly,3,s012,41284804,60,out/abcd-ml_pasleep_scale_weekly_3_s012_41284804_60.pkl
4425,41.0,44.248345054838396,abcd-ml,pasleep,scale,weekly,3,s012,41284804,60,out/abcd-ml_pasleep_scale_weekly_3_s012_41284804_60.pkl
4426,52.0,47.21562793978981,abcd-ml,pasleep,scale,weekly,3,s012,41284804,60,out/abcd-ml_pasleep_scale_weekly_3_s012_41284804_60.pkl
4427,44.0,44.13575590574512,abcd-ml,pasleep,scale,weekly,3,s012,41284804,60,out/abcd-ml_pasleep_scale_weekly_3_s012_41284804_60.pkl
4428,52.0,46.45538697567931,abcd-ml,pasleep,scale,weekly,3,s012,41284804,60,out/abcd-ml_pasleep_scale_weekly_3_s012_41284804_60.pkl
4429,44.0,43.79881504631976,abcd-ml,pasleep,scale,weekly,3,s012,41284804,60,out/abcd-ml_pasleep_scale_weekly_3_s012_41284804_60.pkl
4430,52.0,46.65065320423568,abcd-ml,pasleep,scale,weekly,3,s012,41284804,60,out/abcd-ml_pasleep_scale_weekly_3_s012_41284804_60.pkl
4431,44.0,43.88547820129105,abcd-ml,pasleep,scale,weekly,3,s012,41284804,60,out/abcd-ml_pasleep_scale_weekly_3_s012_41284804_60.pkl
4432,52.0,46.58842416094127,abcd-ml,pasleep,scale,weekly,3,s012,41284804,60,out/abcd-ml_pasleep_scale_weekly_3_s012_41284804_60.pkl
4433,44.0,43.954273875347155,abcd-ml,pasleep,scale,weekly,3,s012,41284804,60,out/abcd-ml_pasleep_scale_weekly_3_s012_41284804_60.pkl
4434,39.0,47.73153845470889,abcd-ml,pasleep,scale,weekly,3,s012,41284804,60,out/abcd-ml_pasleep_scale_weekly_3_s012_41284804_60.pkl
4435,34.0,43.89148426559218,abcd-ml,pasleep,scale,weekly,3,s012,41284804,60,out/abcd-ml_pasleep_scale_weekly_3_s012_41284804_60.pkl
4436,39.0,47.496365427524694,abcd-ml,pasleep,scale,weekly,3,s012,41284804,60,out/abcd-ml_pasleep_scale_weekly_3_s012_41284804_60.pkl
4437,34.0,44.1521040884658,abcd-ml,pasleep,scale,weekly,3,s012,41284804,60,out/abcd-ml_pasleep_scale_weekly_3_s012_41284804_60.pkl
4438,39.0,47.60990037574744,abcd-ml,pasleep,scale,weekly,3,s012,41284804,60,out/abcd-ml_pasleep_scale_weekly_3_s012_41284804_60.pkl
4439,34.0,44.009446352167416,abcd-ml,pasleep,scale,weekly,3,s012,41284804,60,out/abcd-ml_pasleep_scale_weekly_3_s012_41284804_60.pkl
4440,39.0,47.455835544654605,abcd-ml,pasleep,scale,weekly,3,s012,41284804,60,out/abcd-ml_pasleep_scale_weekly_3_s012_41284804_60.pkl
4441,34.0,44.17995844694506,abcd-ml,pasleep,scale,weekly,3,s012,41284804,60,out/abcd-ml_pasleep_scale_weekly_3_s012_41284804_60.pkl
4442,39.0,47.51906270897204,abcd-ml,pasleep,scale,weekly,3,s012,41284804,60,out/abcd-ml_pasleep_scale_weekly_3_s012_41284804_60.pkl
4443,34.0,43.981502486386916,abcd-ml,pasleep,scale,weekly,3,s012,41284804,60,out/abcd-ml_pasleep_scale_weekly_3_s012_41284804_60.pkl
4444,50.0,47.857010935542846,abcd-ml,pasleep,scale,weekly,3,s012,41284804,60,out/abcd-ml_pasleep_scale_weekly_3_s012_41284804_60.pkl
4445,40.0,44.46093256518593,abcd-ml,pasleep,scale,weekly,3,s012,41284804,60,out/abcd-ml_pasleep_scale_weekly_3_s012_41284804_60.pkl
4446,50.0,47.99027046705122,abcd-ml,pasleep,scale,weekly,3,s012,41284804,60,out/abcd-ml_pasleep_scale_weekly_3_s012_41284804_60.pkl
4447,40.0,44.31433411089658,abcd-ml,pasleep,scale,weekly,3,s012,41284804,60,out/abcd-ml_pasleep_scale_weekly_3_s012_41284804_60.pkl
4448,50.0,48.30504836087273,abcd-ml,pasleep,scale,weekly,3,s012,41284804,60,out/abcd-ml_pasleep_scale_weekly_3_s012_41284804_60.pkl
4449,40.0,44.518285112753944,abcd-ml,pasleep,scale,weekly,3,s012,41284804,60,out/abcd-ml_pasleep_scale_weekly_3_s012_41284804_60.pkl
4450,50.0,48.08131909202085,abcd-ml,pasleep,scale,weekly,3,s012,41284804,60,out/abcd-ml_pasleep_scale_weekly_3_s012_41284804_60.pkl
4451,40.0,44.76539450874129,abcd-ml,pasleep,scale,weekly,3,s012,41284804,60,out/abcd-ml_pasleep_scale_weekly_3_s012_41284804_60.pkl
4452,50.0,47.19087027685325,abcd-ml,pasleep,scale,weekly,3,s012,41284804,60,out/abcd-ml_pasleep_scale_weekly_3_s012_41284804_60.pkl
4453,40.0,44.5260782374599,abcd-ml,pasleep,scale,weekly,3,s012,41284804,60,out/abcd-ml_pasleep_scale_weekly_3_s012_41284804_60.pkl
4454,50.0,47.50761955544735,abcd-ml,pasleep,scale,weekly,3,s012,41284804,60,out/abcd-ml_pasleep_scale_weekly_3_s012_41284804_60.pkl
4455,40.0,44.77583700085455,abcd-ml,pasleep,scale,weekly,3,s012,41284804,60,out/abcd-ml_pasleep_scale_weekly_3_s012_41284804_60.pkl
4456,33.0,49.358974883127885,abcd-ml,pasleep,scale,weekly,3,s012,41284804,60,out/abcd-ml_pasleep_scale_weekly_3_s012_41284804_60.pkl
4457,34.0,44.300375538558015,abcd-ml,pasleep,scale,weekly,3,s012,41284804,60,out/abcd-ml_pasleep_scale_weekly_3_s012_41284804_60.pkl
4458,33.0,48.31524253731475,abcd-ml,pasleep,scale,weekly,3,s012,41284804,60,out/abcd-ml_pasleep_scale_weekly_3_s012_41284804_60.pkl
4459,34.0,43.8810380008303,abcd-ml,pasleep,scale,weekly,3,s012,41284804,60,out/abcd-ml_pasleep_scale_weekly_3_s012_41284804_60.pkl
4460,33.0,47.87721705708868,abcd-ml,pasleep,scale,weekly,3,s012,41284804,60,out/abcd-ml_pasleep_scale_weekly_3_s012_41284804_60.pkl
4461,34.0,44.367479690854566,abcd-ml,pasleep,scale,weekly,3,s012,41284804,60,out/abcd-ml_pasleep_scale_weekly_3_s012_41284804_60.pkl
4462,33.0,48.00849119982042,abcd-ml,pasleep,scale,weekly,3,s012,41284804,60,out/abcd-ml_pasleep_scale_weekly_3_s012_41284804_60.pkl
4463,34.0,44.53004543489731,abcd-ml,pasleep,scale,weekly,3,s012,41284804,60,out/abcd-ml_pasleep_scale_weekly_3_s012_41284804_60.pkl
4464,33.0,47.84918911650317,abcd-ml,pasleep,scale,weekly,3,s012,41284804,60,out/abcd-ml_pasleep_scale_weekly_3_s012_41284804_60.pkl
4465,34.0,44.37589485675244,abcd-ml,pasleep,scale,weekly,3,s012,41284804,60,out/abcd-ml_pasleep_scale_weekly_3_s012_41284804_60.pkl
4466,33.0,47.96224579133243,abcd-ml,pasleep,scale,weekly,3,s012,41284804,60,out/abcd-ml_pasleep_scale_weekly_3_s012_41284804_60.pkl
4467,34.0,44.2511484296613,abcd-ml,pasleep,scale,weekly,3,s012,41284804,60,out/abcd-ml_pasleep_scale_weekly_3_s012_41284804_60.pkl
4468,64.0,47.88840018567719,abcd-ml,pasleep,scale,weekly,3,s012,41284804,60,out/abcd-ml_pasleep_scale_weekly_3_s012_41284804_60.pkl
4469,58.0,44.647111955697305,abcd-ml,pasleep,scale,weekly,3,s012,41284804,60,out/abcd-ml_pasleep_scale_weekly_3_s012_41284804_60.pkl
4470,64.0,47.97945092789804,abcd-ml,pasleep,scale,weekly,3,s012,41284804,60,out/abcd-ml_pasleep_scale_weekly_3_s012_41284804_60.pkl
4471,58.0,44.54551632168395,abcd-ml,pasleep,scale,weekly,3,s012,41284804,60,out/abcd-ml_pasleep_scale_weekly_3_s012_41284804_60.pkl
4472,64.0,48.2205327053778,abcd-ml,pasleep,scale,weekly,3,s012,41284804,60,out/abcd-ml_pasleep_scale_weekly_3_s012_41284804_60.pkl
4473,58.0,44.48436163879465,abcd-ml,pasleep,scale,weekly,3,s012,41284804,60,out/abcd-ml_pasleep_scale_weekly_3_s012_41284804_60.pkl
4474,64.0,48.47186280699903,abcd-ml,pasleep,scale,weekly,3,s012,41284804,60,out/abcd-ml_pasleep_scale_weekly_3_s012_41284804_60.pkl
4475,58.0,44.59727542413879,abcd-ml,pasleep,scale,weekly,3,s012,41284804,60,out/abcd-ml_pasleep_scale_weekly_3_s012_41284804_60.pkl
4476,41.0,48.33631135055968,abcd-ml,pasleep,scale,weekly,3,s012,41284804,60,out/abcd-ml_pasleep_scale_weekly_3_s012_41284804_60.pkl
4477,50.0,44.435236183305676,abcd-ml,pasleep,scale,weekly,3,s012,41284804,60,out/abcd-ml_pasleep_scale_weekly_3_s012_41284804_60.pkl
4478,41.0,48.268344948718195,abcd-ml,pasleep,scale,weekly,3,s012,41284804,60,out/abcd-ml_pasleep_scale_weekly_3_s012_41284804_60.pkl
4479,50.0,44.510122907318944,abcd-ml,pasleep,scale,weekly,3,s012,41284804,60,out/abcd-ml_pasleep_scale_weekly_3_s012_41284804_60.pkl
4480,41.0,48.20846039229622,abcd-ml,pasleep,scale,weekly,3,s012,41284804,60,out/abcd-ml_pasleep_scale_weekly_3_s012_41284804_60.pkl
4481,50.0,44.537351181228146,abcd-ml,pasleep,scale,weekly,3,s012,41284804,60,out/abcd-ml_pasleep_scale_weekly_3_s012_41284804_60.pkl
4482,41.0,48.09099705181704,abcd-ml,pasleep,scale,weekly,3,s012,41284804,60,out/abcd-ml_pasleep_scale_weekly_3_s012_41284804_60.pkl
4483,50.0,44.668426640130555,abcd-ml,pasleep,scale,weekly,3,s012,41284804,60,out/abcd-ml_pasleep_scale_weekly_3_s012_41284804_60.pkl
4484,41.0,48.24356634709119,abcd-ml,pasleep,scale,weekly,3,s012,41284804,60,out/abcd-ml_pasleep_scale_weekly_3_s012_41284804_60.pkl
4485,50.0,44.52457437173484,abcd-ml,pasleep,scale,weekly,3,s012,41284804,60,out/abcd-ml_pasleep_scale_weekly_3_s012_41284804_60.pkl
4486,41.0,48.13223089969332,abcd-ml,pasleep,scale,weekly,3,s012,41284804,60,out/abcd-ml_pasleep_scale_weekly_3_s012_41284804_60.pkl
4487,50.0,44.64888989804109,abcd-ml,pasleep,scale,weekly,3,s012,41284804,60,out/abcd-ml_pasleep_scale_weekly_3_s012_41284804_60.pkl
4488,40.0,47.366824834335695,abcd-ml,pasleep,scale,weekly,3,s012,41284804,60,out/abcd-ml_pasleep_scale_weekly_3_s012_41284804_60.pkl
4489,34.0,43.8717698495198,abcd-ml,pasleep,scale,weekly,3,s012,41284804,60,out/abcd-ml_pasleep_scale_weekly_3_s012_41284804_60.pkl
4490,40.0,47.088251979171375,abcd-ml,pasleep,scale,weekly,3,s012,41284804,60,out/abcd-ml_pasleep_scale_weekly_3_s012_41284804_60.pkl
4491,34.0,44.1802821791549,abcd-ml,pasleep,scale,weekly,3,s012,41284804,60,out/abcd-ml_pasleep_scale_weekly_3_s012_41284804_60.pkl
4492,40.0,47.631849570829296,abcd-ml,pasleep,scale,weekly,3,s012,41284804,60,out/abcd-ml_pasleep_scale_weekly_3_s012_41284804_60.pkl
4493,34.0,44.02395069977973,abcd-ml,pasleep,scale,weekly,3,s012,41284804,60,out/abcd-ml_pasleep_scale_weekly_3_s012_41284804_60.pkl
4494,40.0,47.48117315878767,abcd-ml,pasleep,scale,weekly,3,s012,41284804,60,out/abcd-ml_pasleep_scale_weekly_3_s012_41284804_60.pkl
4495,34.0,44.19040233594476,abcd-ml,pasleep,scale,weekly,3,s012,41284804,60,out/abcd-ml_pasleep_scale_weekly_3_s012_41284804_60.pkl
4496,40.0,47.85483635271092,abcd-ml,pasleep,scale,weekly,3,s012,41284804,60,out/abcd-ml_pasleep_scale_weekly_3_s012_41284804_60.pkl
4497,34.0,44.31533428361547,abcd-ml,pasleep,scale,weekly,3,s012,41284804,60,out/abcd-ml_pasleep_scale_weekly_3_s012_41284804_60.pkl
4498,40.0,47.728609054183444,abcd-ml,pasleep,scale,weekly,3,s012,41284804,60,out/abcd-ml_pasleep_scale_weekly_3_s012_41284804_60.pkl
4499,34.0,44.45461327536066,abcd-ml,pasleep,scale,weekly,3,s012,41284804,60,out/abcd-ml_pasleep_scale_weekly_3_s012_41284804_60.pkl
4500,55.0,47.93300713696624,abcd-ml,pasleep,scale,weekly,3,s012,41284804,60,out/abcd-ml_pasleep_scale_weekly_3_s012_41284804_60.pkl
4501,53.0,44.382719834954784,abcd-ml,pasleep,scale,weekly,3,s012,41284804,60,out/abcd-ml_pasleep_scale_weekly_3_s012_41284804_60.pkl
4502,55.0,48.76006120709177,abcd-ml,pasleep,scale,weekly,3,s012,41284804,60,out/abcd-ml_pasleep_scale_weekly_3_s012_41284804_60.pkl
4503,53.0,44.56672266826021,abcd-ml,pasleep,scale,weekly,3,s012,41284804,60,out/abcd-ml_pasleep_scale_weekly_3_s012_41284804_60.pkl
4504,55.0,48.74935223328468,abcd-ml,pasleep,scale,weekly,3,s012,41284804,60,out/abcd-ml_pasleep_scale_weekly_3_s012_41284804_60.pkl
4505,53.0,44.578553412824085,abcd-ml,pasleep,scale,weekly,3,s012,41284804,60,out/abcd-ml_pasleep_scale_weekly_3_s012_41284804_60.pkl
4506,55.0,48.68825972505087,abcd-ml,pasleep,scale,weekly,3,s012,41284804,60,out/abcd-ml_pasleep_scale_weekly_3_s012_41284804_60.pkl
4507,53.0,44.69729496552947,abcd-ml,pasleep,scale,weekly,3,s012,41284804,60,out/abcd-ml_pasleep_scale_weekly_3_s012_41284804_60.pkl
4508,55.0,48.78785646230625,abcd-ml,pasleep,scale,weekly,3,s012,41284804,60,out/abcd-ml_pasleep_scale_weekly_3_s012_41284804_60.pkl
4509,53.0,44.58660164631556,abcd-ml,pasleep,scale,weekly,3,s012,41284804,60,out/abcd-ml_pasleep_scale_weekly_3_s012_41284804_60.pkl
4510,67.0,48.05819082451805,abcd-ml,pasleep,scale,weekly,3,s012,41284804,60,out/abcd-ml_pasleep_scale_weekly_3_s012_41284804_60.pkl
4511,57.0,44.26391724454679,abcd-ml,pasleep,scale,weekly,3,s012,41284804,60,out/abcd-ml_pasleep_scale_weekly_3_s012_41284804_60.pkl
4512,67.0,47.952195660307865,abcd-ml,pasleep,scale,weekly,3,s012,41284804,60,out/abcd-ml_pasleep_scale_weekly_3_s012_41284804_60.pkl
4513,57.0,44.381549127308546,abcd-ml,pasleep,scale,weekly,3,s012,41284804,60,out/abcd-ml_pasleep_scale_weekly_3_s012_41284804_60.pkl
4514,67.0,48.073225692320875,abcd-ml,pasleep,scale,weekly,3,s012,41284804,60,out/abcd-ml_pasleep_scale_weekly_3_s012_41284804_60.pkl
4515,57.0,44.42350230528825,abcd-ml,pasleep,scale,weekly,3,s012,41284804,60,out/abcd-ml_pasleep_scale_weekly_3_s012_41284804_60.pkl
4516,67.0,48.18761636631501,abcd-ml,pasleep,scale,weekly,3,s012,41284804,60,out/abcd-ml_pasleep_scale_weekly_3_s012_41284804_60.pkl
4517,57.0,44.29658837822137,abcd-ml,pasleep,scale,weekly,3,s012,41284804,60,out/abcd-ml_pasleep_scale_weekly_3_s012_41284804_60.pkl
4518,67.0,47.594206213666055,abcd-ml,pasleep,scale,weekly,3,s012,41284804,60,out/abcd-ml_pasleep_scale_weekly_3_s012_41284804_60.pkl
4519,57.0,44.14326230552371,abcd-ml,pasleep,scale,weekly,3,s012,41284804,60,out/abcd-ml_pasleep_scale_weekly_3_s012_41284804_60.pkl
4520,67.0,47.57171254670097,abcd-ml,pasleep,scale,weekly,3,s012,41284804,60,out/abcd-ml_pasleep_scale_weekly_3_s012_41284804_60.pkl
4521,57.0,44.16809122945967,abcd-ml,pasleep,scale,weekly,3,s012,41284804,60,out/abcd-ml_pasleep_scale_weekly_3_s012_41284804_60.pkl
4522,64.0,48.55956619697196,abcd-ml,pasleep,scale,weekly,3,s012,41284804,60,out/abcd-ml_pasleep_scale_weekly_3_s012_41284804_60.pkl
4523,40.0,44.4483492299976,abcd-ml,pasleep,scale,weekly,3,s012,41284804,60,out/abcd-ml_pasleep_scale_weekly_3_s012_41284804_60.pkl
4524,64.0,48.519521385949304,abcd-ml,pasleep,scale,weekly,3,s012,41284804,60,out/abcd-ml_pasleep_scale_weekly_3_s012_41284804_60.pkl
4525,40.0,44.493184495240946,abcd-ml,pasleep,scale,weekly,3,s012,41284804,60,out/abcd-ml_pasleep_scale_weekly_3_s012_41284804_60.pkl
4526,64.0,48.32456545891909,abcd-ml,pasleep,scale,weekly,3,s012,41284804,60,out/abcd-ml_pasleep_scale_weekly_3_s012_41284804_60.pkl
4527,40.0,44.44955453842687,abcd-ml,pasleep,scale,weekly,3,s012,41284804,60,out/abcd-ml_pasleep_scale_weekly_3_s012_41284804_60.pkl
4528,64.0,48.86324245743634,abcd-ml,pasleep,scale,weekly,3,s012,41284804,60,out/abcd-ml_pasleep_scale_weekly_3_s012_41284804_60.pkl
4529,40.0,44.488121177911395,abcd-ml,pasleep,scale,weekly,3,s012,41284804,60,out/abcd-ml_pasleep_scale_weekly_3_s012_41284804_60.pkl
4530,64.0,48.722092408706544,abcd-ml,pasleep,scale,weekly,3,s012,41284804,60,out/abcd-ml_pasleep_scale_weekly_3_s012_41284804_60.pkl
4531,40.0,44.64514770427499,abcd-ml,pasleep,scale,weekly,3,s012,41284804,60,out/abcd-ml_pasleep_scale_weekly_3_s012_41284804_60.pkl
4532,70.0,48.0920921441187,abcd-ml,pasleep,scale,weekly,3,s012,41284804,60,out/abcd-ml_pasleep_scale_weekly_3_s012_41284804_60.pkl
4533,69.0,44.3752821205873,abcd-ml,pasleep,scale,weekly,3,s012,41284804,60,out/abcd-ml_pasleep_scale_weekly_3_s012_41284804_60.pkl
4534,70.0,48.01157069321846,abcd-ml,pasleep,scale,weekly,3,s012,41284804,60,out/abcd-ml_pasleep_scale_weekly_3_s012_41284804_60.pkl
4535,69.0,44.463894646422474,abcd-ml,pasleep,scale,weekly,3,s012,41284804,60,out/abcd-ml_pasleep_scale_weekly_3_s012_41284804_60.pkl
4536,70.0,47.77630735756394,abcd-ml,pasleep,scale,weekly,3,s012,41284804,60,out/abcd-ml_pasleep_scale_weekly_3_s012_41284804_60.pkl
4537,69.0,44.316816047606494,abcd-ml,pasleep,scale,weekly,3,s012,41284804,60,out/abcd-ml_pasleep_scale_weekly_3_s012_41284804_60.pkl
4538,70.0,47.84531037727198,abcd-ml,pasleep,scale,weekly,3,s012,41284804,60,out/abcd-ml_pasleep_scale_weekly_3_s012_41284804_60.pkl
4539,69.0,44.24103890841447,abcd-ml,pasleep,scale,weekly,3,s012,41284804,60,out/abcd-ml_pasleep_scale_weekly_3_s012_41284804_60.pkl
4540,70.0,48.04670780388624,abcd-ml,pasleep,scale,weekly,3,s012,41284804,60,out/abcd-ml_pasleep_scale_weekly_3_s012_41284804_60.pkl
4541,69.0,44.16166733683956,abcd-ml,pasleep,scale,weekly,3,s012,41284804,60,out/abcd-ml_pasleep_scale_weekly_3_s012_41284804_60.pkl
4542,70.0,47.88782784056403,abcd-ml,pasleep,scale,weekly,3,s012,41284804,60,out/abcd-ml_pasleep_scale_weekly_3_s012_41284804_60.pkl
4543,69.0,44.33720738770917,abcd-ml,pasleep,scale,weekly,3,s012,41284804,60,out/abcd-ml_pasleep_scale_weekly_3_s012_41284804_60.pkl
4544,59.0,48.3777715237579,abcd-ml,pasleep,scale,weekly,3,s012,41284804,60,out/abcd-ml_pasleep_scale_weekly_3_s012_41284804_60.pkl
4545,34.0,44.27811569181448,abcd-ml,pasleep,scale,weekly,3,s012,41284804,60,out/abcd-ml_pasleep_scale_weekly_3_s012_41284804_60.pkl
4546,59.0,48.18610461618395,abcd-ml,pasleep,scale,weekly,3,s012,41284804,60,out/abcd-ml_pasleep_scale_weekly_3_s012_41284804_60.pkl
4547,34.0,44.49022583633503,abcd-ml,pasleep,scale,weekly,3,s012,41284804,60,out/abcd-ml_pasleep_scale_weekly_3_s012_41284804_60.pkl
4548,59.0,48.10385217797657,abcd-ml,pasleep,scale,weekly,3,s012,41284804,60,out/abcd-ml_pasleep_scale_weekly_3_s012_41284804_60.pkl
4549,34.0,44.15048350975317,abcd-ml,pasleep,scale,weekly,3,s012,41284804,60,out/abcd-ml_pasleep_scale_weekly_3_s012_41284804_60.pkl
4550,59.0,47.929199950485184,abcd-ml,pasleep,scale,weekly,3,s012,41284804,60,out/abcd-ml_pasleep_scale_weekly_3_s012_41284804_60.pkl
4551,34.0,44.343660131698115,abcd-ml,pasleep,scale,weekly,3,s012,41284804,60,out/abcd-ml_pasleep_scale_weekly_3_s012_41284804_60.pkl
4552,59.0,47.83817091080386,abcd-ml,pasleep,scale,weekly,3,s012,41284804,60,out/abcd-ml_pasleep_scale_weekly_3_s012_41284804_60.pkl
4553,34.0,44.37398949085312,abcd-ml,pasleep,scale,weekly,3,s012,41284804,60,out/abcd-ml_pasleep_scale_weekly_3_s012_41284804_60.pkl
4554,53.0,48.279009619629434,abcd-ml,pasleep,scale,weekly,3,s012,41284804,60,out/abcd-ml_pasleep_scale_weekly_3_s012_41284804_60.pkl
4555,51.0,44.52296758671538,abcd-ml,pasleep,scale,weekly,3,s012,41284804,60,out/abcd-ml_pasleep_scale_weekly_3_s012_41284804_60.pkl
4556,53.0,48.30635526388304,abcd-ml,pasleep,scale,weekly,3,s012,41284804,60,out/abcd-ml_pasleep_scale_weekly_3_s012_41284804_60.pkl
4557,51.0,44.40419712112828,abcd-ml,pasleep,scale,weekly,3,s012,41284804,60,out/abcd-ml_pasleep_scale_weekly_3_s012_41284804_60.pkl
4558,53.0,48.2417722761783,abcd-ml,pasleep,scale,weekly,3,s012,41284804,60,out/abcd-ml_pasleep_scale_weekly_3_s012_41284804_60.pkl
4559,51.0,44.475848772362056,abcd-ml,pasleep,scale,weekly,3,s012,41284804,60,out/abcd-ml_pasleep_scale_weekly_3_s012_41284804_60.pkl
4560,53.0,48.07657211926641,abcd-ml,pasleep,scale,weekly,3,s012,41284804,60,out/abcd-ml_pasleep_scale_weekly_3_s012_41284804_60.pkl
4561,51.0,44.60055969517312,abcd-ml,pasleep,scale,weekly,3,s012,41284804,60,out/abcd-ml_pasleep_scale_weekly_3_s012_41284804_60.pkl
4562,53.0,48.17869688783921,abcd-ml,pasleep,scale,weekly,3,s012,41284804,60,out/abcd-ml_pasleep_scale_weekly_3_s012_41284804_60.pkl
4563,51.0,44.48705914186344,abcd-ml,pasleep,scale,weekly,3,s012,41284804,60,out/abcd-ml_pasleep_scale_weekly_3_s012_41284804_60.pkl
4564,43.0,47.6353219430731,abcd-ml,pasleep,scale,weekly,3,s012,41284804,60,out/abcd-ml_pasleep_scale_weekly_3_s012_41284804_60.pkl
4565,41.0,44.51797843993002,abcd-ml,pasleep,scale,weekly,3,s012,41284804,60,out/abcd-ml_pasleep_scale_weekly_3_s012_41284804_60.pkl
4566,43.0,47.74356478072175,abcd-ml,pasleep,scale,weekly,3,s012,41284804,60,out/abcd-ml_pasleep_scale_weekly_3_s012_41284804_60.pkl
4567,41.0,44.398669775979926,abcd-ml,pasleep,scale,weekly,3,s012,41284804,60,out/abcd-ml_pasleep_scale_weekly_3_s012_41284804_60.pkl
4568,43.0,47.497283911820865,abcd-ml,pasleep,scale,weekly,3,s012,41284804,60,out/abcd-ml_pasleep_scale_weekly_3_s012_41284804_60.pkl
4569,41.0,44.55746343881858,abcd-ml,pasleep,scale,weekly,3,s012,41284804,60,out/abcd-ml_pasleep_scale_weekly_3_s012_41284804_60.pkl
4570,43.0,47.59443907658277,abcd-ml,pasleep,scale,weekly,3,s012,41284804,60,out/abcd-ml_pasleep_scale_weekly_3_s012_41284804_60.pkl
4571,41.0,44.45042927849626,abcd-ml,pasleep,scale,weekly,3,s012,41284804,60,out/abcd-ml_pasleep_scale_weekly_3_s012_41284804_60.pkl
4572,43.0,47.732150374983945,abcd-ml,pasleep,scale,weekly,3,s012,41284804,60,out/abcd-ml_pasleep_scale_weekly_3_s012_41284804_60.pkl
4573,41.0,44.34935647506137,abcd-ml,pasleep,scale,weekly,3,s012,41284804,60,out/abcd-ml_pasleep_scale_weekly_3_s012_41284804_60.pkl
4574,39.0,47.96340322575375,abcd-ml,pasleep,scale,weekly,3,s012,41284804,60,out/abcd-ml_pasleep_scale_weekly_3_s012_41284804_60.pkl
4575,40.0,44.518600578129934,abcd-ml,pasleep,scale,weekly,3,s012,41284804,60,out/abcd-ml_pasleep_scale_weekly_3_s012_41284804_60.pkl
4576,39.0,48.000567502912226,abcd-ml,pasleep,scale,weekly,3,s012,41284804,60,out/abcd-ml_pasleep_scale_weekly_3_s012_41284804_60.pkl
4577,40.0,44.47787691531367,abcd-ml,pasleep,scale,weekly,3,s012,41284804,60,out/abcd-ml_pasleep_scale_weekly_3_s012_41284804_60.pkl
4578,39.0,47.3067674670558,abcd-ml,pasleep,scale,weekly,3,s012,41284804,60,out/abcd-ml_pasleep_scale_weekly_3_s012_41284804_60.pkl
4579,40.0,44.372740923403526,abcd-ml,pasleep,scale,weekly,3,s012,41284804,60,out/abcd-ml_pasleep_scale_weekly_3_s012_41284804_60.pkl
4580,39.0,47.24053338308503,abcd-ml,pasleep,scale,weekly,3,s012,41284804,60,out/abcd-ml_pasleep_scale_weekly_3_s012_41284804_60.pkl
4581,40.0,44.206068154225264,abcd-ml,pasleep,scale,weekly,3,s012,41284804,60,out/abcd-ml_pasleep_scale_weekly_3_s012_41284804_60.pkl
4582,59.0,48.295909813707134,abcd-ml,pasleep,scale,weekly,3,s012,41284804,60,out/abcd-ml_pasleep_scale_weekly_3_s012_41284804_60.pkl
4583,49.0,44.458999365768264,abcd-ml,pasleep,scale,weekly,3,s012,41284804,60,out/abcd-ml_pasleep_scale_weekly_3_s012_41284804_60.pkl
4584,59.0,48.26429383221745,abcd-ml,pasleep,scale,weekly,3,s012,41284804,60,out/abcd-ml_pasleep_scale_weekly_3_s012_41284804_60.pkl
4585,49.0,44.49400243441768,abcd-ml,pasleep,scale,weekly,3,s012,41284804,60,out/abcd-ml_pasleep_scale_weekly_3_s012_41284804_60.pkl
4586,59.0,48.76848468439732,abcd-ml,pasleep,scale,weekly,3,s012,41284804,60,out/abcd-ml_pasleep_scale_weekly_3_s012_41284804_60.pkl
4587,49.0,44.6697901734756,abcd-ml,pasleep,scale,weekly,3,s012,41284804,60,out/abcd-ml_pasleep_scale_weekly_3_s012_41284804_60.pkl
4588,59.0,48.141548733458414,abcd-ml,pasleep,scale,weekly,3,s012,41284804,60,out/abcd-ml_pasleep_scale_weekly_3_s012_41284804_60.pkl
4589,49.0,44.68412422258087,abcd-ml,pasleep,scale,weekly,3,s012,41284804,60,out/abcd-ml_pasleep_scale_weekly_3_s012_41284804_60.pkl
4590,59.0,48.27589958454835,abcd-ml,pasleep,scale,weekly,3,s012,41284804,60,out/abcd-ml_pasleep_scale_weekly_3_s012_41284804_60.pkl
4591,49.0,44.53473702031252,abcd-ml,pasleep,scale,weekly,3,s012,41284804,60,out/abcd-ml_pasleep_scale_weekly_3_s012_41284804_60.pkl
4592,56.0,48.42205224850305,abcd-ml,pasleep,scale,weekly,3,s012,41284804,60,out/abcd-ml_pasleep_scale_weekly_3_s012_41284804_60.pkl
4593,44.0,44.59080331680062,abcd-ml,pasleep,scale,weekly,3,s012,41284804,60,out/abcd-ml_pasleep_scale_weekly_3_s012_41284804_60.pkl
4594,56.0,48.43647358782539,abcd-ml,pasleep,scale,weekly,3,s012,41284804,60,out/abcd-ml_pasleep_scale_weekly_3_s012_41284804_60.pkl
4595,44.0,44.57469285728024,abcd-ml,pasleep,scale,weekly,3,s012,41284804,60,out/abcd-ml_pasleep_scale_weekly_3_s012_41284804_60.pkl
4596,56.0,48.39887811425002,abcd-ml,pasleep,scale,weekly,3,s012,41284804,60,out/abcd-ml_pasleep_scale_weekly_3_s012_41284804_60.pkl
4597,44.0,44.35399050259659,abcd-ml,pasleep,scale,weekly,3,s012,41284804,60,out/abcd-ml_pasleep_scale_weekly_3_s012_41284804_60.pkl
4598,56.0,48.29298242211979,abcd-ml,pasleep,scale,weekly,3,s012,41284804,60,out/abcd-ml_pasleep_scale_weekly_3_s012_41284804_60.pkl
4599,44.0,44.47144339455895,abcd-ml,pasleep,scale,weekly,3,s012,41284804,60,out/abcd-ml_pasleep_scale_weekly_3_s012_41284804_60.pkl
4600,56.0,48.03296138599182,abcd-ml,pasleep,scale,weekly,3,s012,41284804,60,out/abcd-ml_pasleep_scale_weekly_3_s012_41284804_60.pkl
4601,44.0,44.296610060778235,abcd-ml,pasleep,scale,weekly,3,s012,41284804,60,out/abcd-ml_pasleep_scale_weekly_3_s012_41284804_60.pkl
4602,56.0,47.92106584144689,abcd-ml,pasleep,scale,weekly,3,s012,41284804,60,out/abcd-ml_pasleep_scale_weekly_3_s012_41284804_60.pkl
4603,44.0,44.42068480011717,abcd-ml,pasleep,scale,weekly,3,s012,41284804,60,out/abcd-ml_pasleep_scale_weekly_3_s012_41284804_60.pkl
4604,43.0,48.554854802734155,abcd-ml,pasleep,scale,weekly,3,s012,41284804,60,out/abcd-ml_pasleep_scale_weekly_3_s012_41284804_60.pkl
4605,34.0,44.6261069296079,abcd-ml,pasleep,scale,weekly,3,s012,41284804,60,out/abcd-ml_pasleep_scale_weekly_3_s012_41284804_60.pkl
4606,43.0,48.55606678934,abcd-ml,pasleep,scale,weekly,3,s012,41284804,60,out/abcd-ml_pasleep_scale_weekly_3_s012_41284804_60.pkl
4607,34.0,44.62364393592114,abcd-ml,pasleep,scale,weekly,3,s012,41284804,60,out/abcd-ml_pasleep_scale_weekly_3_s012_41284804_60.pkl
4608,58.0,48.90636117411311,abcd-ml,pasleep,scale,weekly,3,s012,41284804,60,out/abcd-ml_pasleep_scale_weekly_3_s012_41284804_60.pkl
4609,34.0,44.80213795478869,abcd-ml,pasleep,scale,weekly,3,s012,41284804,60,out/abcd-ml_pasleep_scale_weekly_3_s012_41284804_60.pkl
4610,58.0,47.86262882829998,abcd-ml,pasleep,scale,weekly,3,s012,41284804,60,out/abcd-ml_pasleep_scale_weekly_3_s012_41284804_60.pkl
4611,34.0,44.38280041706099,abcd-ml,pasleep,scale,weekly,3,s012,41284804,60,out/abcd-ml_pasleep_scale_weekly_3_s012_41284804_60.pkl
4612,58.0,47.89061178386478,abcd-ml,pasleep,scale,weekly,3,s012,41284804,60,out/abcd-ml_pasleep_scale_weekly_3_s012_41284804_60.pkl
4613,34.0,44.35176664349207,abcd-ml,pasleep,scale,weekly,3,s012,41284804,60,out/abcd-ml_pasleep_scale_weekly_3_s012_41284804_60.pkl
4614,58.0,46.75931200901215,abcd-ml,pasleep,scale,weekly,3,s012,41284804,60,out/abcd-ml_pasleep_scale_weekly_3_s012_41284804_60.pkl
4615,34.0,44.195653958374464,abcd-ml,pasleep,scale,weekly,3,s012,41284804,60,out/abcd-ml_pasleep_scale_weekly_3_s012_41284804_60.pkl
4616,58.0,47.140982543883005,abcd-ml,pasleep,scale,weekly,3,s012,41284804,60,out/abcd-ml_pasleep_scale_weekly_3_s012_41284804_60.pkl
4617,34.0,44.278001555157665,abcd-ml,pasleep,scale,weekly,3,s012,41284804,60,out/abcd-ml_pasleep_scale_weekly_3_s012_41284804_60.pkl
4618,58.0,47.220238356372036,abcd-ml,pasleep,scale,weekly,3,s012,41284804,60,out/abcd-ml_pasleep_scale_weekly_3_s012_41284804_60.pkl
4619,34.0,44.19004413793685,abcd-ml,pasleep,scale,weekly,3,s012,41284804,60,out/abcd-ml_pasleep_scale_weekly_3_s012_41284804_60.pkl
4620,50.0,47.51901665210596,abcd-ml,pasleep,scale,weekly,3,s012,41284804,60,out/abcd-ml_pasleep_scale_weekly_3_s012_41284804_60.pkl
4621,40.0,44.4705077057218,abcd-ml,pasleep,scale,weekly,3,s012,41284804,60,out/abcd-ml_pasleep_scale_weekly_3_s012_41284804_60.pkl
4622,50.0,47.582921499625144,abcd-ml,pasleep,scale,weekly,3,s012,41284804,60,out/abcd-ml_pasleep_scale_weekly_3_s012_41284804_60.pkl
4623,40.0,44.399630344468115,abcd-ml,pasleep,scale,weekly,3,s012,41284804,60,out/abcd-ml_pasleep_scale_weekly_3_s012_41284804_60.pkl
4624,50.0,48.13728616845218,abcd-ml,pasleep,scale,weekly,3,s012,41284804,60,out/abcd-ml_pasleep_scale_weekly_3_s012_41284804_60.pkl
4625,40.0,44.40326296817207,abcd-ml,pasleep,scale,weekly,3,s012,41284804,60,out/abcd-ml_pasleep_scale_weekly_3_s012_41284804_60.pkl
4626,50.0,47.898436761215905,abcd-ml,pasleep,scale,weekly,3,s012,41284804,60,out/abcd-ml_pasleep_scale_weekly_3_s012_41284804_60.pkl
4627,40.0,44.34312188696296,abcd-ml,pasleep,scale,weekly,3,s012,41284804,60,out/abcd-ml_pasleep_scale_weekly_3_s012_41284804_60.pkl
4628,50.0,48.10088994313459,abcd-ml,pasleep,scale,weekly,3,s012,41284804,60,out/abcd-ml_pasleep_scale_weekly_3_s012_41284804_60.pkl
4629,40.0,44.443720607145224,abcd-ml,pasleep,scale,weekly,3,s012,41284804,60,out/abcd-ml_pasleep_scale_weekly_3_s012_41284804_60.pkl
4630,50.0,48.30157459582513,abcd-ml,pasleep,scale,weekly,3,s012,41284804,60,out/abcd-ml_pasleep_scale_weekly_3_s012_41284804_60.pkl
4631,40.0,44.600061062305315,abcd-ml,pasleep,scale,weekly,3,s012,41284804,60,out/abcd-ml_pasleep_scale_weekly_3_s012_41284804_60.pkl
4632,50.0,48.35316269177579,abcd-ml,pasleep,scale,weekly,3,s012,41284804,60,out/abcd-ml_pasleep_scale_weekly_3_s012_41284804_60.pkl
4633,40.0,44.54277939379498,abcd-ml,pasleep,scale,weekly,3,s012,41284804,60,out/abcd-ml_pasleep_scale_weekly_3_s012_41284804_60.pkl
4634,58.0,47.65282128002277,abcd-ml,pasleep,scale,weekly,3,s012,41284804,60,out/abcd-ml_pasleep_scale_weekly_3_s012_41284804_60.pkl
4635,34.0,44.270192008212824,abcd-ml,pasleep,scale,weekly,3,s012,41284804,60,out/abcd-ml_pasleep_scale_weekly_3_s012_41284804_60.pkl
4636,58.0,47.82653830719847,abcd-ml,pasleep,scale,weekly,3,s012,41284804,60,out/abcd-ml_pasleep_scale_weekly_3_s012_41284804_60.pkl
4637,34.0,44.150095385087695,abcd-ml,pasleep,scale,weekly,3,s012,41284804,60,out/abcd-ml_pasleep_scale_weekly_3_s012_41284804_60.pkl
4638,58.0,47.69934008952575,abcd-ml,pasleep,scale,weekly,3,s012,41284804,60,out/abcd-ml_pasleep_scale_weekly_3_s012_41284804_60.pkl
4639,34.0,44.29074982712977,abcd-ml,pasleep,scale,weekly,3,s012,41284804,60,out/abcd-ml_pasleep_scale_weekly_3_s012_41284804_60.pkl
4640,58.0,47.89100855308066,abcd-ml,pasleep,scale,weekly,3,s012,41284804,60,out/abcd-ml_pasleep_scale_weekly_3_s012_41284804_60.pkl
4641,34.0,44.12644019858482,abcd-ml,pasleep,scale,weekly,3,s012,41284804,60,out/abcd-ml_pasleep_scale_weekly_3_s012_41284804_60.pkl
4642,58.0,47.6984283030251,abcd-ml,pasleep,scale,weekly,3,s012,41284804,60,out/abcd-ml_pasleep_scale_weekly_3_s012_41284804_60.pkl
4643,34.0,44.339653321598064,abcd-ml,pasleep,scale,weekly,3,s012,41284804,60,out/abcd-ml_pasleep_scale_weekly_3_s012_41284804_60.pkl
4644,34.0,48.070309100385614,abcd-ml,pasleep,scale,weekly,3,s012,41284804,60,out/abcd-ml_pasleep_scale_weekly_3_s012_41284804_60.pkl
4645,34.0,44.39876936884524,abcd-ml,pasleep,scale,weekly,3,s012,41284804,60,out/abcd-ml_pasleep_scale_weekly_3_s012_41284804_60.pkl
4646,34.0,48.01209941459612,abcd-ml,pasleep,scale,weekly,3,s012,41284804,60,out/abcd-ml_pasleep_scale_weekly_3_s012_41284804_60.pkl
4647,34.0,44.462819174984574,abcd-ml,pasleep,scale,weekly,3,s012,41284804,60,out/abcd-ml_pasleep_scale_weekly_3_s012_41284804_60.pkl
4648,34.0,47.68238110410354,abcd-ml,pasleep,scale,weekly,3,s012,41284804,60,out/abcd-ml_pasleep_scale_weekly_3_s012_41284804_60.pkl
4649,34.0,44.503577079889105,abcd-ml,pasleep,scale,weekly,3,s012,41284804,60,out/abcd-ml_pasleep_scale_weekly_3_s012_41284804_60.pkl
4650,34.0,47.77232508281929,abcd-ml,pasleep,scale,weekly,3,s012,41284804,60,out/abcd-ml_pasleep_scale_weekly_3_s012_41284804_60.pkl
4651,34.0,44.40433325322428,abcd-ml,pasleep,scale,weekly,3,s012,41284804,60,out/abcd-ml_pasleep_scale_weekly_3_s012_41284804_60.pkl
4652,34.0,47.26303859407919,abcd-ml,pasleep,scale,weekly,3,s012,41284804,60,out/abcd-ml_pasleep_scale_weekly_3_s012_41284804_60.pkl
4653,34.0,44.24277232134682,abcd-ml,pasleep,scale,weekly,3,s012,41284804,60,out/abcd-ml_pasleep_scale_weekly_3_s012_41284804_60.pkl
4654,34.0,47.18275011305087,abcd-ml,pasleep,scale,weekly,3,s012,41284804,60,out/abcd-ml_pasleep_scale_weekly_3_s012_41284804_60.pkl
4655,34.0,44.332603557359164,abcd-ml,pasleep,scale,weekly,3,s012,41284804,60,out/abcd-ml_pasleep_scale_weekly_3_s012_41284804_60.pkl
4656,33.0,48.949456947662426,abcd-ml,pasleep,scale,weekly,3,s012,41284804,60,out/abcd-ml_pasleep_scale_weekly_3_s012_41284804_60.pkl
4657,34.0,44.57141978331332,abcd-ml,pasleep,scale,weekly,3,s012,41284804,60,out/abcd-ml_pasleep_scale_weekly_3_s012_41284804_60.pkl
4658,33.0,48.898781520778435,abcd-ml,pasleep,scale,weekly,3,s012,41284804,60,out/abcd-ml_pasleep_scale_weekly_3_s012_41284804_60.pkl
4659,34.0,44.62773198138376,abcd-ml,pasleep,scale,weekly,3,s012,41284804,60,out/abcd-ml_pasleep_scale_weekly_3_s012_41284804_60.pkl
4660,33.0,48.38976106469457,abcd-ml,pasleep,scale,weekly,3,s012,41284804,60,out/abcd-ml_pasleep_scale_weekly_3_s012_41284804_60.pkl
4661,34.0,44.57078293657939,abcd-ml,pasleep,scale,weekly,3,s012,41284804,60,out/abcd-ml_pasleep_scale_weekly_3_s012_41284804_60.pkl
4662,33.0,48.72667634127487,abcd-ml,pasleep,scale,weekly,3,s012,41284804,60,out/abcd-ml_pasleep_scale_weekly_3_s012_41284804_60.pkl
4663,34.0,44.697796142965146,abcd-ml,pasleep,scale,weekly,3,s012,41284804,60,out/abcd-ml_pasleep_scale_weekly_3_s012_41284804_60.pkl
4664,33.0,48.79345384793733,abcd-ml,pasleep,scale,weekly,3,s012,41284804,60,out/abcd-ml_pasleep_scale_weekly_3_s012_41284804_60.pkl
4665,34.0,44.623607836159486,abcd-ml,pasleep,scale,weekly,3,s012,41284804,60,out/abcd-ml_pasleep_scale_weekly_3_s012_41284804_60.pkl
4666,41.0,48.03679451840756,abcd-ml,pasleep,scale,weekly,3,s012,41284804,60,out/abcd-ml_pasleep_scale_weekly_3_s012_41284804_60.pkl
4667,33.0,44.39263231750461,abcd-ml,pasleep,scale,weekly,3,s012,41284804,60,out/abcd-ml_pasleep_scale_weekly_3_s012_41284804_60.pkl
4668,41.0,48.053375601748726,abcd-ml,pasleep,scale,weekly,3,s012,41284804,60,out/abcd-ml_pasleep_scale_weekly_3_s012_41284804_60.pkl
4669,33.0,44.37415808756607,abcd-ml,pasleep,scale,weekly,3,s012,41284804,60,out/abcd-ml_pasleep_scale_weekly_3_s012_41284804_60.pkl
4670,41.0,47.54930806807729,abcd-ml,pasleep,scale,weekly,3,s012,41284804,60,out/abcd-ml_pasleep_scale_weekly_3_s012_41284804_60.pkl
4671,33.0,44.396813269560255,abcd-ml,pasleep,scale,weekly,3,s012,41284804,60,out/abcd-ml_pasleep_scale_weekly_3_s012_41284804_60.pkl
4672,41.0,47.49186041708549,abcd-ml,pasleep,scale,weekly,3,s012,41284804,60,out/abcd-ml_pasleep_scale_weekly_3_s012_41284804_60.pkl
4673,33.0,44.46071702792146,abcd-ml,pasleep,scale,weekly,3,s012,41284804,60,out/abcd-ml_pasleep_scale_weekly_3_s012_41284804_60.pkl
4674,41.0,47.779509786657016,abcd-ml,pasleep,scale,weekly,3,s012,41284804,60,out/abcd-ml_pasleep_scale_weekly_3_s012_41284804_60.pkl
4675,33.0,44.37696447038603,abcd-ml,pasleep,scale,weekly,3,s012,41284804,60,out/abcd-ml_pasleep_scale_weekly_3_s012_41284804_60.pkl
4676,41.0,47.58548809451386,abcd-ml,pasleep,scale,weekly,3,s012,41284804,60,out/abcd-ml_pasleep_scale_weekly_3_s012_41284804_60.pkl
4677,33.0,44.59255262624576,abcd-ml,pasleep,scale,weekly,3,s012,41284804,60,out/abcd-ml_pasleep_scale_weekly_3_s012_41284804_60.pkl
4678,48.0,46.87554490695243,abcd-ml,pasleep,scale,weekly,3,s012,41284804,60,out/abcd-ml_pasleep_scale_weekly_3_s012_41284804_60.pkl
4679,44.0,44.13838755913237,abcd-ml,pasleep,scale,weekly,3,s012,41284804,60,out/abcd-ml_pasleep_scale_weekly_3_s012_41284804_60.pkl
4680,48.0,47.295923464426274,abcd-ml,pasleep,scale,weekly,3,s012,41284804,60,out/abcd-ml_pasleep_scale_weekly_3_s012_41284804_60.pkl
4681,44.0,44.236780529092655,abcd-ml,pasleep,scale,weekly,3,s012,41284804,60,out/abcd-ml_pasleep_scale_weekly_3_s012_41284804_60.pkl
4682,48.0,47.28290606192192,abcd-ml,pasleep,scale,weekly,3,s012,41284804,60,out/abcd-ml_pasleep_scale_weekly_3_s012_41284804_60.pkl
4683,44.0,44.251443962032866,abcd-ml,pasleep,scale,weekly,3,s012,41284804,60,out/abcd-ml_pasleep_scale_weekly_3_s012_41284804_60.pkl
4684,48.0,46.90809031499763,abcd-ml,pasleep,scale,weekly,3,s012,41284804,60,out/abcd-ml_pasleep_scale_weekly_3_s012_41284804_60.pkl
4685,44.0,44.197226517670245,abcd-ml,pasleep,scale,weekly,3,s012,41284804,60,out/abcd-ml_pasleep_scale_weekly_3_s012_41284804_60.pkl
4686,48.0,46.87362598626728,abcd-ml,pasleep,scale,weekly,3,s012,41284804,60,out/abcd-ml_pasleep_scale_weekly_3_s012_41284804_60.pkl
4687,44.0,44.23566360865164,abcd-ml,pasleep,scale,weekly,3,s012,41284804,60,out/abcd-ml_pasleep_scale_weekly_3_s012_41284804_60.pkl
4688,64.0,47.49169462696647,abcd-ml,pasleep,scale,weekly,3,s012,41284804,60,out/abcd-ml_pasleep_scale_weekly_3_s012_41284804_60.pkl
4689,34.0,44.23540481441904,abcd-ml,pasleep,scale,weekly,3,s012,41284804,60,out/abcd-ml_pasleep_scale_weekly_3_s012_41284804_60.pkl
4690,64.0,47.47481982494847,abcd-ml,pasleep,scale,weekly,3,s012,41284804,60,out/abcd-ml_pasleep_scale_weekly_3_s012_41284804_60.pkl
4691,34.0,44.25434589276294,abcd-ml,pasleep,scale,weekly,3,s012,41284804,60,out/abcd-ml_pasleep_scale_weekly_3_s012_41284804_60.pkl
4692,64.0,47.47214224078576,abcd-ml,pasleep,scale,weekly,3,s012,41284804,60,out/abcd-ml_pasleep_scale_weekly_3_s012_41284804_60.pkl
4693,34.0,44.1793413444143,abcd-ml,pasleep,scale,weekly,3,s012,41284804,60,out/abcd-ml_pasleep_scale_weekly_3_s012_41284804_60.pkl
4694,64.0,47.78679591176038,abcd-ml,pasleep,scale,weekly,3,s012,41284804,60,out/abcd-ml_pasleep_scale_weekly_3_s012_41284804_60.pkl
4695,34.0,44.44261706115518,abcd-ml,pasleep,scale,weekly,3,s012,41284804,60,out/abcd-ml_pasleep_scale_weekly_3_s012_41284804_60.pkl
4696,64.0,47.83159646656,abcd-ml,pasleep,scale,weekly,3,s012,41284804,60,out/abcd-ml_pasleep_scale_weekly_3_s012_41284804_60.pkl
4697,34.0,44.39299319642494,abcd-ml,pasleep,scale,weekly,3,s012,41284804,60,out/abcd-ml_pasleep_scale_weekly_3_s012_41284804_60.pkl
4698,55.0,48.53495024057498,abcd-ml,pasleep,scale,weekly,3,s012,41284804,60,out/abcd-ml_pasleep_scale_weekly_3_s012_41284804_60.pkl
4699,48.0,44.95554206399767,abcd-ml,pasleep,scale,weekly,3,s012,41284804,60,out/abcd-ml_pasleep_scale_weekly_3_s012_41284804_60.pkl
4700,55.0,48.801196434327636,abcd-ml,pasleep,scale,weekly,3,s012,41284804,60,out/abcd-ml_pasleep_scale_weekly_3_s012_41284804_60.pkl
4701,48.0,44.66081414825808,abcd-ml,pasleep,scale,weekly,3,s012,41284804,60,out/abcd-ml_pasleep_scale_weekly_3_s012_41284804_60.pkl
4702,55.0,49.097840518105635,abcd-ml,pasleep,scale,weekly,3,s012,41284804,60,out/abcd-ml_pasleep_scale_weekly_3_s012_41284804_60.pkl
4703,48.0,44.69095713849691,abcd-ml,pasleep,scale,weekly,3,s012,41284804,60,out/abcd-ml_pasleep_scale_weekly_3_s012_41284804_60.pkl
4704,55.0,48.97613613668388,abcd-ml,pasleep,scale,weekly,3,s012,41284804,60,out/abcd-ml_pasleep_scale_weekly_3_s012_41284804_60.pkl
4705,48.0,44.825245240553556,abcd-ml,pasleep,scale,weekly,3,s012,41284804,60,out/abcd-ml_pasleep_scale_weekly_3_s012_41284804_60.pkl
4706,55.0,48.34702159010082,abcd-ml,pasleep,scale,weekly,3,s012,41284804,60,out/abcd-ml_pasleep_scale_weekly_3_s012_41284804_60.pkl
4707,48.0,44.54138167306198,abcd-ml,pasleep,scale,weekly,3,s012,41284804,60,out/abcd-ml_pasleep_scale_weekly_3_s012_41284804_60.pkl
4708,55.0,48.24742108099653,abcd-ml,pasleep,scale,weekly,3,s012,41284804,60,out/abcd-ml_pasleep_scale_weekly_3_s012_41284804_60.pkl
4709,48.0,44.651150662272,abcd-ml,pasleep,scale,weekly,3,s012,41284804,60,out/abcd-ml_pasleep_scale_weekly_3_s012_41284804_60.pkl
4710,40.0,48.29878104758986,abcd-ml,pasleep,scale,weekly,3,s012,41284804,60,out/abcd-ml_pasleep_scale_weekly_3_s012_41284804_60.pkl
4711,34.0,44.59059234792207,abcd-ml,pasleep,scale,weekly,3,s012,41284804,60,out/abcd-ml_pasleep_scale_weekly_3_s012_41284804_60.pkl
4712,40.0,48.392878498148455,abcd-ml,pasleep,scale,weekly,3,s012,41284804,60,out/abcd-ml_pasleep_scale_weekly_3_s012_41284804_60.pkl
4713,34.0,44.48716122367256,abcd-ml,pasleep,scale,weekly,3,s012,41284804,60,out/abcd-ml_pasleep_scale_weekly_3_s012_41284804_60.pkl
4714,40.0,47.979375246192824,abcd-ml,pasleep,scale,weekly,3,s012,41284804,60,out/abcd-ml_pasleep_scale_weekly_3_s012_41284804_60.pkl
4715,34.0,44.4013078196424,abcd-ml,pasleep,scale,weekly,3,s012,41284804,60,out/abcd-ml_pasleep_scale_weekly_3_s012_41284804_60.pkl
4716,40.0,47.999514429698664,abcd-ml,pasleep,scale,weekly,3,s012,41284804,60,out/abcd-ml_pasleep_scale_weekly_3_s012_41284804_60.pkl
4717,34.0,44.37996297266939,abcd-ml,pasleep,scale,weekly,3,s012,41284804,60,out/abcd-ml_pasleep_scale_weekly_3_s012_41284804_60.pkl
4718,40.0,48.535953595824424,abcd-ml,pasleep,scale,weekly,3,s012,41284804,60,out/abcd-ml_pasleep_scale_weekly_3_s012_41284804_60.pkl
4719,34.0,44.607976261675134,abcd-ml,pasleep,scale,weekly,3,s012,41284804,60,out/abcd-ml_pasleep_scale_weekly_3_s012_41284804_60.pkl
4720,40.0,48.2466602536227,abcd-ml,pasleep,scale,weekly,3,s012,41284804,60,out/abcd-ml_pasleep_scale_weekly_3_s012_41284804_60.pkl
4721,34.0,44.92825645663617,abcd-ml,pasleep,scale,weekly,3,s012,41284804,60,out/abcd-ml_pasleep_scale_weekly_3_s012_41284804_60.pkl
4722,52.0,47.33110561502372,abcd-ml,pasleep,scale,weekly,3,s012,41284804,60,out/abcd-ml_pasleep_scale_weekly_3_s012_41284804_60.pkl
4723,54.0,44.34416020924769,abcd-ml,pasleep,scale,weekly,3,s012,41284804,60,out/abcd-ml_pasleep_scale_weekly_3_s012_41284804_60.pkl
4724,52.0,47.367358365705265,abcd-ml,pasleep,scale,weekly,3,s012,41284804,60,out/abcd-ml_pasleep_scale_weekly_3_s012_41284804_60.pkl
4725,54.0,44.30415902417441,abcd-ml,pasleep,scale,weekly,3,s012,41284804,60,out/abcd-ml_pasleep_scale_weekly_3_s012_41284804_60.pkl
4726,52.0,48.09816284044464,abcd-ml,pasleep,scale,weekly,3,s012,41284804,60,out/abcd-ml_pasleep_scale_weekly_3_s012_41284804_60.pkl
4727,54.0,44.49868943825791,abcd-ml,pasleep,scale,weekly,3,s012,41284804,60,out/abcd-ml_pasleep_scale_weekly_3_s012_41284804_60.pkl
4728,34.0,46.187543649678446,abcd-ml,pasleep,scale,weekly,3,s012,41284804,60,out/abcd-ml_pasleep_scale_weekly_3_s012_41284804_60.pkl
4729,34.0,43.813601440704794,abcd-ml,pasleep,scale,weekly,3,s012,41284804,60,out/abcd-ml_pasleep_scale_weekly_3_s012_41284804_60.pkl
4730,34.0,46.19695064402231,abcd-ml,pasleep,scale,weekly,3,s012,41284804,60,out/abcd-ml_pasleep_scale_weekly_3_s012_41284804_60.pkl
4731,34.0,43.80268424534212,abcd-ml,pasleep,scale,weekly,3,s012,41284804,60,out/abcd-ml_pasleep_scale_weekly_3_s012_41284804_60.pkl
4732,34.0,46.55570756135194,abcd-ml,pasleep,scale,weekly,3,s012,41284804,60,out/abcd-ml_pasleep_scale_weekly_3_s012_41284804_60.pkl
4733,34.0,44.01275466367822,abcd-ml,pasleep,scale,weekly,3,s012,41284804,60,out/abcd-ml_pasleep_scale_weekly_3_s012_41284804_60.pkl
4734,34.0,46.41886273153736,abcd-ml,pasleep,scale,weekly,3,s012,41284804,60,out/abcd-ml_pasleep_scale_weekly_3_s012_41284804_60.pkl
4735,34.0,44.16522254850893,abcd-ml,pasleep,scale,weekly,3,s012,41284804,60,out/abcd-ml_pasleep_scale_weekly_3_s012_41284804_60.pkl
4736,34.0,46.16788713935275,abcd-ml,pasleep,scale,weekly,3,s012,41284804,60,out/abcd-ml_pasleep_scale_weekly_3_s012_41284804_60.pkl
4737,34.0,43.66103851240729,abcd-ml,pasleep,scale,weekly,3,s012,41284804,60,out/abcd-ml_pasleep_scale_weekly_3_s012_41284804_60.pkl
4738,34.0,46.126983639001075,abcd-ml,pasleep,scale,weekly,3,s012,41284804,60,out/abcd-ml_pasleep_scale_weekly_3_s012_41284804_60.pkl
4739,34.0,43.7059070696362,abcd-ml,pasleep,scale,weekly,3,s012,41284804,60,out/abcd-ml_pasleep_scale_weekly_3_s012_41284804_60.pkl
4740,50.0,46.803907190027374,abcd-ml,pasleep,scale,weekly,3,s012,41284804,60,out/abcd-ml_pasleep_scale_weekly_3_s012_41284804_60.pkl
4741,53.0,44.00359716235409,abcd-ml,pasleep,scale,weekly,3,s012,41284804,60,out/abcd-ml_pasleep_scale_weekly_3_s012_41284804_60.pkl
4742,50.0,47.2848814293843,abcd-ml,pasleep,scale,weekly,3,s012,41284804,60,out/abcd-ml_pasleep_scale_weekly_3_s012_41284804_60.pkl
4743,53.0,44.06094252677248,abcd-ml,pasleep,scale,weekly,3,s012,41284804,60,out/abcd-ml_pasleep_scale_weekly_3_s012_41284804_60.pkl
4744,50.0,47.18990776285756,abcd-ml,pasleep,scale,weekly,3,s012,41284804,60,out/abcd-ml_pasleep_scale_weekly_3_s012_41284804_60.pkl
4745,53.0,44.16646509759778,abcd-ml,pasleep,scale,weekly,3,s012,41284804,60,out/abcd-ml_pasleep_scale_weekly_3_s012_41284804_60.pkl
4746,50.0,47.619477565967806,abcd-ml,pasleep,scale,weekly,3,s012,41284804,60,out/abcd-ml_pasleep_scale_weekly_3_s012_41284804_60.pkl
4747,53.0,44.2833225639294,abcd-ml,pasleep,scale,weekly,3,s012,41284804,60,out/abcd-ml_pasleep_scale_weekly_3_s012_41284804_60.pkl
4748,50.0,47.60258014187025,abcd-ml,pasleep,scale,weekly,3,s012,41284804,60,out/abcd-ml_pasleep_scale_weekly_3_s012_41284804_60.pkl
4749,53.0,44.302103395247165,abcd-ml,pasleep,scale,weekly,3,s012,41284804,60,out/abcd-ml_pasleep_scale_weekly_3_s012_41284804_60.pkl
4750,63.0,48.46985031787639,abcd-ml,pasleep,scale,weekly,3,s012,41284804,60,out/abcd-ml_pasleep_scale_weekly_3_s012_41284804_60.pkl
4751,34.0,44.623080410395666,abcd-ml,pasleep,scale,weekly,3,s012,41284804,60,out/abcd-ml_pasleep_scale_weekly_3_s012_41284804_60.pkl
4752,63.0,48.50317669809681,abcd-ml,pasleep,scale,weekly,3,s012,41284804,60,out/abcd-ml_pasleep_scale_weekly_3_s012_41284804_60.pkl
4753,34.0,44.586294288683604,abcd-ml,pasleep,scale,weekly,3,s012,41284804,60,out/abcd-ml_pasleep_scale_weekly_3_s012_41284804_60.pkl
4754,63.0,48.84759561531338,abcd-ml,pasleep,scale,weekly,3,s012,41284804,60,out/abcd-ml_pasleep_scale_weekly_3_s012_41284804_60.pkl
4755,34.0,44.6266795182238,abcd-ml,pasleep,scale,weekly,3,s012,41284804,60,out/abcd-ml_pasleep_scale_weekly_3_s012_41284804_60.pkl
4756,63.0,48.74054723078417,abcd-ml,pasleep,scale,weekly,3,s012,41284804,60,out/abcd-ml_pasleep_scale_weekly_3_s012_41284804_60.pkl
4757,34.0,44.74538105337853,abcd-ml,pasleep,scale,weekly,3,s012,41284804,60,out/abcd-ml_pasleep_scale_weekly_3_s012_41284804_60.pkl
4758,63.0,48.53612383342587,abcd-ml,pasleep,scale,weekly,3,s012,41284804,60,out/abcd-ml_pasleep_scale_weekly_3_s012_41284804_60.pkl
4759,34.0,44.62195777752035,abcd-ml,pasleep,scale,weekly,3,s012,41284804,60,out/abcd-ml_pasleep_scale_weekly_3_s012_41284804_60.pkl
4760,63.0,48.33241618829263,abcd-ml,pasleep,scale,weekly,3,s012,41284804,60,out/abcd-ml_pasleep_scale_weekly_3_s012_41284804_60.pkl
4761,34.0,44.84803012699017,abcd-ml,pasleep,scale,weekly,3,s012,41284804,60,out/abcd-ml_pasleep_scale_weekly_3_s012_41284804_60.pkl
4762,56.0,48.43817150492512,abcd-ml,pasleep,scale,weekly,3,s012,41284804,60,out/abcd-ml_pasleep_scale_weekly_3_s012_41284804_60.pkl
4763,49.0,44.41587435977543,abcd-ml,pasleep,scale,weekly,3,s012,41284804,60,out/abcd-ml_pasleep_scale_weekly_3_s012_41284804_60.pkl
4764,56.0,48.3247686715207,abcd-ml,pasleep,scale,weekly,3,s012,41284804,60,out/abcd-ml_pasleep_scale_weekly_3_s012_41284804_60.pkl
4765,49.0,44.54165795168963,abcd-ml,pasleep,scale,weekly,3,s012,41284804,60,out/abcd-ml_pasleep_scale_weekly_3_s012_41284804_60.pkl
4766,56.0,48.3294446363144,abcd-ml,pasleep,scale,weekly,3,s012,41284804,60,out/abcd-ml_pasleep_scale_weekly_3_s012_41284804_60.pkl
4767,49.0,44.46203269623861,abcd-ml,pasleep,scale,weekly,3,s012,41284804,60,out/abcd-ml_pasleep_scale_weekly_3_s012_41284804_60.pkl
4768,56.0,48.26977854360653,abcd-ml,pasleep,scale,weekly,3,s012,41284804,60,out/abcd-ml_pasleep_scale_weekly_3_s012_41284804_60.pkl
4769,49.0,44.51911875125582,abcd-ml,pasleep,scale,weekly,3,s012,41284804,60,out/abcd-ml_pasleep_scale_weekly_3_s012_41284804_60.pkl
4770,55.0,48.46425101293271,abcd-ml,pasleep,scale,weekly,3,s012,41284804,60,out/abcd-ml_pasleep_scale_weekly_3_s012_41284804_60.pkl
4771,66.0,44.69044619945963,abcd-ml,pasleep,scale,weekly,3,s012,41284804,60,out/abcd-ml_pasleep_scale_weekly_3_s012_41284804_60.pkl
4772,55.0,48.47199246935475,abcd-ml,pasleep,scale,weekly,3,s012,41284804,60,out/abcd-ml_pasleep_scale_weekly_3_s012_41284804_60.pkl
4773,66.0,44.68139596465396,abcd-ml,pasleep,scale,weekly,3,s012,41284804,60,out/abcd-ml_pasleep_scale_weekly_3_s012_41284804_60.pkl
4774,55.0,47.73713069103025,abcd-ml,pasleep,scale,weekly,3,s012,41284804,60,out/abcd-ml_pasleep_scale_weekly_3_s012_41284804_60.pkl
4775,66.0,44.32052963909027,abcd-ml,pasleep,scale,weekly,3,s012,41284804,60,out/abcd-ml_pasleep_scale_weekly_3_s012_41284804_60.pkl
4776,55.0,48.57373024223724,abcd-ml,pasleep,scale,weekly,3,s012,41284804,60,out/abcd-ml_pasleep_scale_weekly_3_s012_41284804_60.pkl
4777,66.0,44.56649358725737,abcd-ml,pasleep,scale,weekly,3,s012,41284804,60,out/abcd-ml_pasleep_scale_weekly_3_s012_41284804_60.pkl
4778,33.0,49.08588379001756,abcd-ml,pasleep,scale,weekly,3,s012,41284804,60,out/abcd-ml_pasleep_scale_weekly_3_s012_41284804_60.pkl
4779,34.0,44.4085309182788,abcd-ml,pasleep,scale,weekly,3,s012,41284804,60,out/abcd-ml_pasleep_scale_weekly_3_s012_41284804_60.pkl
4780,33.0,48.842408625653974,abcd-ml,pasleep,scale,weekly,3,s012,41284804,60,out/abcd-ml_pasleep_scale_weekly_3_s012_41284804_60.pkl
4781,34.0,44.677890219745166,abcd-ml,pasleep,scale,weekly,3,s012,41284804,60,out/abcd-ml_pasleep_scale_weekly_3_s012_41284804_60.pkl
4782,33.0,48.67730881228667,abcd-ml,pasleep,scale,weekly,3,s012,41284804,60,out/abcd-ml_pasleep_scale_weekly_3_s012_41284804_60.pkl
4783,34.0,44.56780653615752,abcd-ml,pasleep,scale,weekly,3,s012,41284804,60,out/abcd-ml_pasleep_scale_weekly_3_s012_41284804_60.pkl
4784,33.0,48.653707519557294,abcd-ml,pasleep,scale,weekly,3,s012,41284804,60,out/abcd-ml_pasleep_scale_weekly_3_s012_41284804_60.pkl
4785,34.0,44.59505619389233,abcd-ml,pasleep,scale,weekly,3,s012,41284804,60,out/abcd-ml_pasleep_scale_weekly_3_s012_41284804_60.pkl
4786,33.0,48.24490928520883,abcd-ml,pasleep,scale,weekly,3,s012,41284804,60,out/abcd-ml_pasleep_scale_weekly_3_s012_41284804_60.pkl
4787,34.0,44.5314451010429,abcd-ml,pasleep,scale,weekly,3,s012,41284804,60,out/abcd-ml_pasleep_scale_weekly_3_s012_41284804_60.pkl
4788,46.0,47.436885993606595,abcd-ml,pasleep,scale,weekly,3,s012,41284804,60,out/abcd-ml_pasleep_scale_weekly_3_s012_41284804_60.pkl
4789,34.0,44.429473265876354,abcd-ml,pasleep,scale,weekly,3,s012,41284804,60,out/abcd-ml_pasleep_scale_weekly_3_s012_41284804_60.pkl
4790,46.0,47.79000556322554,abcd-ml,pasleep,scale,weekly,3,s012,41284804,60,out/abcd-ml_pasleep_scale_weekly_3_s012_41284804_60.pkl
4791,34.0,44.529817637918896,abcd-ml,pasleep,scale,weekly,3,s012,41284804,60,out/abcd-ml_pasleep_scale_weekly_3_s012_41284804_60.pkl
4792,46.0,47.94898250538967,abcd-ml,pasleep,scale,weekly,3,s012,41284804,60,out/abcd-ml_pasleep_scale_weekly_3_s012_41284804_60.pkl
4793,34.0,44.58154223704177,abcd-ml,pasleep,scale,weekly,3,s012,41284804,60,out/abcd-ml_pasleep_scale_weekly_3_s012_41284804_60.pkl
4794,44.0,48.01177799136721,abcd-ml,pasleep,scale,weekly,3,s012,41284804,60,out/abcd-ml_pasleep_scale_weekly_3_s012_41284804_60.pkl
4795,69.0,44.24513984807341,abcd-ml,pasleep,scale,weekly,3,s012,41284804,60,out/abcd-ml_pasleep_scale_weekly_3_s012_41284804_60.pkl
4796,44.0,47.94895264966879,abcd-ml,pasleep,scale,weekly,3,s012,41284804,60,out/abcd-ml_pasleep_scale_weekly_3_s012_41284804_60.pkl
4797,69.0,44.31459325379198,abcd-ml,pasleep,scale,weekly,3,s012,41284804,60,out/abcd-ml_pasleep_scale_weekly_3_s012_41284804_60.pkl
4798,44.0,47.62629606368763,abcd-ml,pasleep,scale,weekly,3,s012,41284804,60,out/abcd-ml_pasleep_scale_weekly_3_s012_41284804_60.pkl
4799,69.0,44.083605491563134,abcd-ml,pasleep,scale,weekly,3,s012,41284804,60,out/abcd-ml_pasleep_scale_weekly_3_s012_41284804_60.pkl
4800,44.0,47.524099088780105,abcd-ml,pasleep,scale,weekly,3,s012,41284804,60,out/abcd-ml_pasleep_scale_weekly_3_s012_41284804_60.pkl
4801,69.0,44.19674024462748,abcd-ml,pasleep,scale,weekly,3,s012,41284804,60,out/abcd-ml_pasleep_scale_weekly_3_s012_41284804_60.pkl
4802,44.0,47.465415221147566,abcd-ml,pasleep,scale,weekly,3,s012,41284804,60,out/abcd-ml_pasleep_scale_weekly_3_s012_41284804_60.pkl
4803,69.0,44.547690670565885,abcd-ml,pasleep,scale,weekly,3,s012,41284804,60,out/abcd-ml_pasleep_scale_weekly_3_s012_41284804_60.pkl
4804,44.0,47.62117774356439,abcd-ml,pasleep,scale,weekly,3,s012,41284804,60,out/abcd-ml_pasleep_scale_weekly_3_s012_41284804_60.pkl
4805,69.0,44.37434872458638,abcd-ml,pasleep,scale,weekly,3,s012,41284804,60,out/abcd-ml_pasleep_scale_weekly_3_s012_41284804_60.pkl
4806,47.0,47.55111614560241,abcd-ml,pasleep,scale,weekly,3,s012,41284804,60,out/abcd-ml_pasleep_scale_weekly_3_s012_41284804_60.pkl
4807,50.0,44.55696217927713,abcd-ml,pasleep,scale,weekly,3,s012,41284804,60,out/abcd-ml_pasleep_scale_weekly_3_s012_41284804_60.pkl
4808,47.0,47.65696269118839,abcd-ml,pasleep,scale,weekly,3,s012,41284804,60,out/abcd-ml_pasleep_scale_weekly_3_s012_41284804_60.pkl
4809,50.0,44.44000774948974,abcd-ml,pasleep,scale,weekly,3,s012,41284804,60,out/abcd-ml_pasleep_scale_weekly_3_s012_41284804_60.pkl
4810,47.0,47.774821830650566,abcd-ml,pasleep,scale,weekly,3,s012,41284804,60,out/abcd-ml_pasleep_scale_weekly_3_s012_41284804_60.pkl
4811,50.0,44.3562179834011,abcd-ml,pasleep,scale,weekly,3,s012,41284804,60,out/abcd-ml_pasleep_scale_weekly_3_s012_41284804_60.pkl
4812,47.0,47.78425273116378,abcd-ml,pasleep,scale,weekly,3,s012,41284804,60,out/abcd-ml_pasleep_scale_weekly_3_s012_41284804_60.pkl
4813,50.0,44.46941037120487,abcd-ml,pasleep,scale,weekly,3,s012,41284804,60,out/abcd-ml_pasleep_scale_weekly_3_s012_41284804_60.pkl
4814,47.0,47.17128754287663,abcd-ml,pasleep,scale,weekly,3,s012,41284804,60,out/abcd-ml_pasleep_scale_weekly_3_s012_41284804_60.pkl
4815,50.0,44.38220841916808,abcd-ml,pasleep,scale,weekly,3,s012,41284804,60,out/abcd-ml_pasleep_scale_weekly_3_s012_41284804_60.pkl
4816,47.0,47.24159352647834,abcd-ml,pasleep,scale,weekly,3,s012,41284804,60,out/abcd-ml_pasleep_scale_weekly_3_s012_41284804_60.pkl
4817,50.0,44.30464579897123,abcd-ml,pasleep,scale,weekly,3,s012,41284804,60,out/abcd-ml_pasleep_scale_weekly_3_s012_41284804_60.pkl
4818,47.0,47.24715931597633,abcd-ml,pasleep,scale,weekly,3,s012,41284804,60,out/abcd-ml_pasleep_scale_weekly_3_s012_41284804_60.pkl
4819,55.0,44.354169189152614,abcd-ml,pasleep,scale,weekly,3,s012,41284804,60,out/abcd-ml_pasleep_scale_weekly_3_s012_41284804_60.pkl
4820,47.0,47.22581379072966,abcd-ml,pasleep,scale,weekly,3,s012,41284804,60,out/abcd-ml_pasleep_scale_weekly_3_s012_41284804_60.pkl
4821,55.0,44.37724392911488,abcd-ml,pasleep,scale,weekly,3,s012,41284804,60,out/abcd-ml_pasleep_scale_weekly_3_s012_41284804_60.pkl
4822,47.0,47.24026894823062,abcd-ml,pasleep,scale,weekly,3,s012,41284804,60,out/abcd-ml_pasleep_scale_weekly_3_s012_41284804_60.pkl
4823,55.0,44.33124890722772,abcd-ml,pasleep,scale,weekly,3,s012,41284804,60,out/abcd-ml_pasleep_scale_weekly_3_s012_41284804_60.pkl
4824,47.0,47.22027634299368,abcd-ml,pasleep,scale,weekly,3,s012,41284804,60,out/abcd-ml_pasleep_scale_weekly_3_s012_41284804_60.pkl
4825,55.0,44.35413339552499,abcd-ml,pasleep,scale,weekly,3,s012,41284804,60,out/abcd-ml_pasleep_scale_weekly_3_s012_41284804_60.pkl
4826,47.0,47.948945605845296,abcd-ml,pasleep,scale,weekly,3,s012,41284804,60,out/abcd-ml_pasleep_scale_weekly_3_s012_41284804_60.pkl
4827,55.0,44.23757296950882,abcd-ml,pasleep,scale,weekly,3,s012,41284804,60,out/abcd-ml_pasleep_scale_weekly_3_s012_41284804_60.pkl
4828,47.0,47.794377978903185,abcd-ml,pasleep,scale,weekly,3,s012,41284804,60,out/abcd-ml_pasleep_scale_weekly_3_s012_41284804_60.pkl
4829,55.0,44.40849946619597,abcd-ml,pasleep,scale,weekly,3,s012,41284804,60,out/abcd-ml_pasleep_scale_weekly_3_s012_41284804_60.pkl
4830,65.0,47.59536559167152,abcd-ml,pasleep,scale,weekly,3,s012,41284804,60,out/abcd-ml_pasleep_scale_weekly_3_s012_41284804_60.pkl
4831,61.0,44.84374327017971,abcd-ml,pasleep,scale,weekly,3,s012,41284804,60,out/abcd-ml_pasleep_scale_weekly_3_s012_41284804_60.pkl
4832,65.0,47.91475626177062,abcd-ml,pasleep,scale,weekly,3,s012,41284804,60,out/abcd-ml_pasleep_scale_weekly_3_s012_41284804_60.pkl
4833,61.0,44.48981813911283,abcd-ml,pasleep,scale,weekly,3,s012,41284804,60,out/abcd-ml_pasleep_scale_weekly_3_s012_41284804_60.pkl
4834,65.0,47.14680657738752,abcd-ml,pasleep,scale,weekly,3,s012,41284804,60,out/abcd-ml_pasleep_scale_weekly_3_s012_41284804_60.pkl
4835,61.0,44.18437108973661,abcd-ml,pasleep,scale,weekly,3,s012,41284804,60,out/abcd-ml_pasleep_scale_weekly_3_s012_41284804_60.pkl
4836,65.0,46.939307039704026,abcd-ml,pasleep,scale,weekly,3,s012,41284804,60,out/abcd-ml_pasleep_scale_weekly_3_s012_41284804_60.pkl
4837,61.0,44.26838179783269,abcd-ml,pasleep,scale,weekly,3,s012,41284804,60,out/abcd-ml_pasleep_scale_weekly_3_s012_41284804_60.pkl
4838,46.0,47.326440923596195,abcd-ml,pasleep,scale,weekly,3,s012,41284804,60,out/abcd-ml_pasleep_scale_weekly_3_s012_41284804_60.pkl
4839,54.0,44.30446204993551,abcd-ml,pasleep,scale,weekly,3,s012,41284804,60,out/abcd-ml_pasleep_scale_weekly_3_s012_41284804_60.pkl
4840,46.0,47.44143327482538,abcd-ml,pasleep,scale,weekly,3,s012,41284804,60,out/abcd-ml_pasleep_scale_weekly_3_s012_41284804_60.pkl
4841,54.0,44.17741126954462,abcd-ml,pasleep,scale,weekly,3,s012,41284804,60,out/abcd-ml_pasleep_scale_weekly_3_s012_41284804_60.pkl
4842,46.0,47.35750667277301,abcd-ml,pasleep,scale,weekly,3,s012,41284804,60,out/abcd-ml_pasleep_scale_weekly_3_s012_41284804_60.pkl
4843,54.0,44.29248244877642,abcd-ml,pasleep,scale,weekly,3,s012,41284804,60,out/abcd-ml_pasleep_scale_weekly_3_s012_41284804_60.pkl
4844,46.0,47.46861549205364,abcd-ml,pasleep,scale,weekly,3,s012,41284804,60,out/abcd-ml_pasleep_scale_weekly_3_s012_41284804_60.pkl
4845,54.0,44.169703637060636,abcd-ml,pasleep,scale,weekly,3,s012,41284804,60,out/abcd-ml_pasleep_scale_weekly_3_s012_41284804_60.pkl
4846,46.0,47.275120232125914,abcd-ml,pasleep,scale,weekly,3,s012,41284804,60,out/abcd-ml_pasleep_scale_weekly_3_s012_41284804_60.pkl
4847,54.0,44.22560789643966,abcd-ml,pasleep,scale,weekly,3,s012,41284804,60,out/abcd-ml_pasleep_scale_weekly_3_s012_41284804_60.pkl
4848,43.0,48.22942190420978,abcd-ml,pasleep,scale,weekly,3,s012,41284804,60,out/abcd-ml_pasleep_scale_weekly_3_s012_41284804_60.pkl
4849,49.0,44.3917188918915,abcd-ml,pasleep,scale,weekly,3,s012,41284804,60,out/abcd-ml_pasleep_scale_weekly_3_s012_41284804_60.pkl
4850,43.0,48.16351866325118,abcd-ml,pasleep,scale,weekly,3,s012,41284804,60,out/abcd-ml_pasleep_scale_weekly_3_s012_41284804_60.pkl
4851,49.0,44.464571336840066,abcd-ml,pasleep,scale,weekly,3,s012,41284804,60,out/abcd-ml_pasleep_scale_weekly_3_s012_41284804_60.pkl
4852,43.0,48.13670304886918,abcd-ml,pasleep,scale,weekly,3,s012,41284804,60,out/abcd-ml_pasleep_scale_weekly_3_s012_41284804_60.pkl
4853,49.0,44.39168269303312,abcd-ml,pasleep,scale,weekly,3,s012,41284804,60,out/abcd-ml_pasleep_scale_weekly_3_s012_41284804_60.pkl
4854,43.0,48.11187300182251,abcd-ml,pasleep,scale,weekly,3,s012,41284804,60,out/abcd-ml_pasleep_scale_weekly_3_s012_41284804_60.pkl
4855,49.0,44.418888933296,abcd-ml,pasleep,scale,weekly,3,s012,41284804,60,out/abcd-ml_pasleep_scale_weekly_3_s012_41284804_60.pkl
4856,43.0,48.179344095156885,abcd-ml,pasleep,scale,weekly,3,s012,41284804,60,out/abcd-ml_pasleep_scale_weekly_3_s012_41284804_60.pkl
4857,49.0,44.410877653992195,abcd-ml,pasleep,scale,weekly,3,s012,41284804,60,out/abcd-ml_pasleep_scale_weekly_3_s012_41284804_60.pkl
4858,43.0,48.13594779286127,abcd-ml,pasleep,scale,weekly,3,s012,41284804,60,out/abcd-ml_pasleep_scale_weekly_3_s012_41284804_60.pkl
4859,49.0,44.45865871882877,abcd-ml,pasleep,scale,weekly,3,s012,41284804,60,out/abcd-ml_pasleep_scale_weekly_3_s012_41284804_60.pkl
4860,57.0,48.14543215972444,abcd-ml,pasleep,scale,weekly,3,s012,41284804,60,out/abcd-ml_pasleep_scale_weekly_3_s012_41284804_60.pkl
4861,50.0,45.02278875729969,abcd-ml,pasleep,scale,weekly,3,s012,41284804,60,out/abcd-ml_pasleep_scale_weekly_3_s012_41284804_60.pkl
4862,57.0,48.47172192580952,abcd-ml,pasleep,scale,weekly,3,s012,41284804,60,out/abcd-ml_pasleep_scale_weekly_3_s012_41284804_60.pkl
4863,50.0,44.661295616226944,abcd-ml,pasleep,scale,weekly,3,s012,41284804,60,out/abcd-ml_pasleep_scale_weekly_3_s012_41284804_60.pkl
4864,43.0,48.011616666487946,abcd-ml,pasleep,scale,weekly,3,s012,41284804,60,out/abcd-ml_pasleep_scale_weekly_3_s012_41284804_60.pkl
4865,46.0,44.35319600716747,abcd-ml,pasleep,scale,weekly,3,s012,41284804,60,out/abcd-ml_pasleep_scale_weekly_3_s012_41284804_60.pkl
4866,43.0,47.85117237338905,abcd-ml,pasleep,scale,weekly,3,s012,41284804,60,out/abcd-ml_pasleep_scale_weekly_3_s012_41284804_60.pkl
4867,46.0,44.530767443204084,abcd-ml,pasleep,scale,weekly,3,s012,41284804,60,out/abcd-ml_pasleep_scale_weekly_3_s012_41284804_60.pkl
4868,43.0,48.037759274769776,abcd-ml,pasleep,scale,weekly,3,s012,41284804,60,out/abcd-ml_pasleep_scale_weekly_3_s012_41284804_60.pkl
4869,46.0,44.37518592541847,abcd-ml,pasleep,scale,weekly,3,s012,41284804,60,out/abcd-ml_pasleep_scale_weekly_3_s012_41284804_60.pkl
4870,43.0,47.95031356374628,abcd-ml,pasleep,scale,weekly,3,s012,41284804,60,out/abcd-ml_pasleep_scale_weekly_3_s012_41284804_60.pkl
4871,46.0,44.471673215525584,abcd-ml,pasleep,scale,weekly,3,s012,41284804,60,out/abcd-ml_pasleep_scale_weekly_3_s012_41284804_60.pkl
4872,43.0,49.0711021147606,abcd-ml,pasleep,scale,weekly,3,s012,41284804,60,out/abcd-ml_pasleep_scale_weekly_3_s012_41284804_60.pkl
4873,46.0,44.69917699578167,abcd-ml,pasleep,scale,weekly,3,s012,41284804,60,out/abcd-ml_pasleep_scale_weekly_3_s012_41284804_60.pkl
4874,43.0,47.796324682903105,abcd-ml,pasleep,scale,weekly,3,s012,41284804,60,out/abcd-ml_pasleep_scale_weekly_3_s012_41284804_60.pkl
4875,46.0,44.45723579573303,abcd-ml,pasleep,scale,weekly,3,s012,41284804,60,out/abcd-ml_pasleep_scale_weekly_3_s012_41284804_60.pkl
4876,43.0,49.00538626176538,abcd-ml,pasleep,scale,weekly,3,s012,41284804,60,out/abcd-ml_pasleep_scale_weekly_3_s012_41284804_60.pkl
4877,46.0,44.77283326557859,abcd-ml,pasleep,scale,weekly,3,s012,41284804,60,out/abcd-ml_pasleep_scale_weekly_3_s012_41284804_60.pkl
4878,39.0,47.554676095612365,abcd-ml,pasleep,scale,weekly,3,s012,41284804,60,out/abcd-ml_pasleep_scale_weekly_3_s012_41284804_60.pkl
4879,46.0,44.83617194244874,abcd-ml,pasleep,scale,weekly,3,s012,41284804,60,out/abcd-ml_pasleep_scale_weekly_3_s012_41284804_60.pkl
4880,39.0,47.86493957276922,abcd-ml,pasleep,scale,weekly,3,s012,41284804,60,out/abcd-ml_pasleep_scale_weekly_3_s012_41284804_60.pkl
4881,46.0,44.491761614616266,abcd-ml,pasleep,scale,weekly,3,s012,41284804,60,out/abcd-ml_pasleep_scale_weekly_3_s012_41284804_60.pkl
4882,39.0,48.90577288171145,abcd-ml,pasleep,scale,weekly,3,s012,41284804,60,out/abcd-ml_pasleep_scale_weekly_3_s012_41284804_60.pkl
4883,46.0,44.80291706366381,abcd-ml,pasleep,scale,weekly,3,s012,41284804,60,out/abcd-ml_pasleep_scale_weekly_3_s012_41284804_60.pkl
4884,50.0,48.1717688973486,abcd-ml,pasleep,scale,weekly,3,s012,41284804,60,out/abcd-ml_pasleep_scale_weekly_3_s012_41284804_60.pkl
4885,43.0,44.33531353232396,abcd-ml,pasleep,scale,weekly,3,s012,41284804,60,out/abcd-ml_pasleep_scale_weekly_3_s012_41284804_60.pkl
4886,50.0,48.11218951079918,abcd-ml,pasleep,scale,weekly,3,s012,41284804,60,out/abcd-ml_pasleep_scale_weekly_3_s012_41284804_60.pkl
4887,43.0,44.40174188319102,abcd-ml,pasleep,scale,weekly,3,s012,41284804,60,out/abcd-ml_pasleep_scale_weekly_3_s012_41284804_60.pkl
4888,50.0,47.92161992244773,abcd-ml,pasleep,scale,weekly,3,s012,41284804,60,out/abcd-ml_pasleep_scale_weekly_3_s012_41284804_60.pkl
4889,43.0,44.31715117506904,abcd-ml,pasleep,scale,weekly,3,s012,41284804,60,out/abcd-ml_pasleep_scale_weekly_3_s012_41284804_60.pkl
4890,50.0,48.32932327201542,abcd-ml,pasleep,scale,weekly,3,s012,41284804,60,out/abcd-ml_pasleep_scale_weekly_3_s012_41284804_60.pkl
4891,43.0,44.45729905083928,abcd-ml,pasleep,scale,weekly,3,s012,41284804,60,out/abcd-ml_pasleep_scale_weekly_3_s012_41284804_60.pkl
4892,50.0,48.41551705636959,abcd-ml,pasleep,scale,weekly,3,s012,41284804,60,out/abcd-ml_pasleep_scale_weekly_3_s012_41284804_60.pkl
4893,43.0,44.36135908516647,abcd-ml,pasleep,scale,weekly,3,s012,41284804,60,out/abcd-ml_pasleep_scale_weekly_3_s012_41284804_60.pkl
4894,50.0,47.94823432025248,abcd-ml,pasleep,scale,weekly,3,s012,41284804,60,out/abcd-ml_pasleep_scale_weekly_3_s012_41284804_60.pkl
4895,43.0,44.28763956026329,abcd-ml,pasleep,scale,weekly,3,s012,41284804,60,out/abcd-ml_pasleep_scale_weekly_3_s012_41284804_60.pkl
4896,50.0,48.10380340874733,abcd-ml,pasleep,scale,weekly,3,s012,41284804,60,out/abcd-ml_pasleep_scale_weekly_3_s012_41284804_60.pkl
4897,43.0,44.693300392728204,abcd-ml,pasleep,scale,weekly,3,s012,41284804,60,out/abcd-ml_pasleep_scale_weekly_3_s012_41284804_60.pkl
4898,50.0,48.203184807383565,abcd-ml,pasleep,scale,weekly,3,s012,41284804,60,out/abcd-ml_pasleep_scale_weekly_3_s012_41284804_60.pkl
4899,43.0,44.58313404565763,abcd-ml,pasleep,scale,weekly,3,s012,41284804,60,out/abcd-ml_pasleep_scale_weekly_3_s012_41284804_60.pkl
4900,39.0,46.920661964168175,abcd-ml,pasleep,scale,weekly,3,s012,41284804,60,out/abcd-ml_pasleep_scale_weekly_3_s012_41284804_60.pkl
4901,34.0,44.067341522544275,abcd-ml,pasleep,scale,weekly,3,s012,41284804,60,out/abcd-ml_pasleep_scale_weekly_3_s012_41284804_60.pkl
4902,39.0,47.97116342014505,abcd-ml,pasleep,scale,weekly,3,s012,41284804,60,out/abcd-ml_pasleep_scale_weekly_3_s012_41284804_60.pkl
4903,34.0,44.06784367326606,abcd-ml,pasleep,scale,weekly,3,s012,41284804,60,out/abcd-ml_pasleep_scale_weekly_3_s012_41284804_60.pkl
4904,39.0,47.819781804176316,abcd-ml,pasleep,scale,weekly,3,s012,41284804,60,out/abcd-ml_pasleep_scale_weekly_3_s012_41284804_60.pkl
4905,34.0,44.23501261280309,abcd-ml,pasleep,scale,weekly,3,s012,41284804,60,out/abcd-ml_pasleep_scale_weekly_3_s012_41284804_60.pkl
4906,39.0,47.45433047770604,abcd-ml,pasleep,scale,weekly,3,s012,41284804,60,out/abcd-ml_pasleep_scale_weekly_3_s012_41284804_60.pkl
4907,34.0,44.109339278624795,abcd-ml,pasleep,scale,weekly,3,s012,41284804,60,out/abcd-ml_pasleep_scale_weekly_3_s012_41284804_60.pkl
4908,39.0,47.351390056166835,abcd-ml,pasleep,scale,weekly,3,s012,41284804,60,out/abcd-ml_pasleep_scale_weekly_3_s012_41284804_60.pkl
4909,34.0,44.222683611135835,abcd-ml,pasleep,scale,weekly,3,s012,41284804,60,out/abcd-ml_pasleep_scale_weekly_3_s012_41284804_60.pkl
4910,59.0,48.22326227403086,abcd-ml,pasleep,scale,weekly,3,s012,41284804,60,out/abcd-ml_pasleep_scale_weekly_3_s012_41284804_60.pkl
4911,57.0,44.166583023033255,abcd-ml,pasleep,scale,weekly,3,s012,41284804,60,out/abcd-ml_pasleep_scale_weekly_3_s012_41284804_60.pkl
4912,59.0,48.020635513941215,abcd-ml,pasleep,scale,weekly,3,s012,41284804,60,out/abcd-ml_pasleep_scale_weekly_3_s012_41284804_60.pkl
4913,57.0,44.39053427585299,abcd-ml,pasleep,scale,weekly,3,s012,41284804,60,out/abcd-ml_pasleep_scale_weekly_3_s012_41284804_60.pkl
4914,59.0,48.2006261052784,abcd-ml,pasleep,scale,weekly,3,s012,41284804,60,out/abcd-ml_pasleep_scale_weekly_3_s012_41284804_60.pkl
4915,57.0,44.137291113145736,abcd-ml,pasleep,scale,weekly,3,s012,41284804,60,out/abcd-ml_pasleep_scale_weekly_3_s012_41284804_60.pkl
4916,59.0,48.206339620240975,abcd-ml,pasleep,scale,weekly,3,s012,41284804,60,out/abcd-ml_pasleep_scale_weekly_3_s012_41284804_60.pkl
4917,57.0,44.29235271563419,abcd-ml,pasleep,scale,weekly,3,s012,41284804,60,out/abcd-ml_pasleep_scale_weekly_3_s012_41284804_60.pkl
4918,59.0,48.028090909789405,abcd-ml,pasleep,scale,weekly,3,s012,41284804,60,out/abcd-ml_pasleep_scale_weekly_3_s012_41284804_60.pkl
4919,57.0,44.48915238065278,abcd-ml,pasleep,scale,weekly,3,s012,41284804,60,out/abcd-ml_pasleep_scale_weekly_3_s012_41284804_60.pkl
4920,62.0,47.89648247543644,abcd-ml,pasleep,scale,weekly,3,s012,41284804,60,out/abcd-ml_pasleep_scale_weekly_3_s012_41284804_60.pkl
4921,57.0,44.504552675380495,abcd-ml,pasleep,scale,weekly,3,s012,41284804,60,out/abcd-ml_pasleep_scale_weekly_3_s012_41284804_60.pkl
4922,62.0,47.77248911341523,abcd-ml,pasleep,scale,weekly,3,s012,41284804,60,out/abcd-ml_pasleep_scale_weekly_3_s012_41284804_60.pkl
4923,57.0,44.20874541951552,abcd-ml,pasleep,scale,weekly,3,s012,41284804,60,out/abcd-ml_pasleep_scale_weekly_3_s012_41284804_60.pkl
4924,62.0,47.74570899064311,abcd-ml,pasleep,scale,weekly,3,s012,41284804,60,out/abcd-ml_pasleep_scale_weekly_3_s012_41284804_60.pkl
4925,57.0,44.23926232116555,abcd-ml,pasleep,scale,weekly,3,s012,41284804,60,out/abcd-ml_pasleep_scale_weekly_3_s012_41284804_60.pkl
4926,62.0,47.66795807467617,abcd-ml,pasleep,scale,weekly,3,s012,41284804,60,out/abcd-ml_pasleep_scale_weekly_3_s012_41284804_60.pkl
4927,57.0,44.61460531125135,abcd-ml,pasleep,scale,weekly,3,s012,41284804,60,out/abcd-ml_pasleep_scale_weekly_3_s012_41284804_60.pkl
4928,62.0,47.94381287685229,abcd-ml,pasleep,scale,weekly,3,s012,41284804,60,out/abcd-ml_pasleep_scale_weekly_3_s012_41284804_60.pkl
4929,57.0,44.30903281089775,abcd-ml,pasleep,scale,weekly,3,s012,41284804,60,out/abcd-ml_pasleep_scale_weekly_3_s012_41284804_60.pkl
4930,50.0,47.789375749120026,abcd-ml,pasleep,scale,weekly,3,s012,41284804,60,out/abcd-ml_pasleep_scale_weekly_3_s012_41284804_60.pkl
4931,50.0,44.28342450628358,abcd-ml,pasleep,scale,weekly,3,s012,41284804,60,out/abcd-ml_pasleep_scale_weekly_3_s012_41284804_60.pkl
4932,50.0,48.12476701940311,abcd-ml,pasleep,scale,weekly,3,s012,41284804,60,out/abcd-ml_pasleep_scale_weekly_3_s012_41284804_60.pkl
4933,50.0,44.09269032330363,abcd-ml,pasleep,scale,weekly,3,s012,41284804,60,out/abcd-ml_pasleep_scale_weekly_3_s012_41284804_60.pkl
4934,50.0,47.31037633923213,abcd-ml,pasleep,scale,weekly,3,s012,41284804,60,out/abcd-ml_pasleep_scale_weekly_3_s012_41284804_60.pkl
4935,50.0,43.904908943162056,abcd-ml,pasleep,scale,weekly,3,s012,41284804,60,out/abcd-ml_pasleep_scale_weekly_3_s012_41284804_60.pkl
4936,50.0,47.164282406353024,abcd-ml,pasleep,scale,weekly,3,s012,41284804,60,out/abcd-ml_pasleep_scale_weekly_3_s012_41284804_60.pkl
4937,50.0,44.06624115147162,abcd-ml,pasleep,scale,weekly,3,s012,41284804,60,out/abcd-ml_pasleep_scale_weekly_3_s012_41284804_60.pkl
4938,50.0,47.42109858315035,abcd-ml,pasleep,scale,weekly,3,s012,41284804,60,out/abcd-ml_pasleep_scale_weekly_3_s012_41284804_60.pkl
4939,50.0,43.994167710400006,abcd-ml,pasleep,scale,weekly,3,s012,41284804,60,out/abcd-ml_pasleep_scale_weekly_3_s012_41284804_60.pkl
4940,50.0,47.2681142306684,abcd-ml,pasleep,scale,weekly,3,s012,41284804,60,out/abcd-ml_pasleep_scale_weekly_3_s012_41284804_60.pkl
4941,50.0,44.16311059628593,abcd-ml,pasleep,scale,weekly,3,s012,41284804,60,out/abcd-ml_pasleep_scale_weekly_3_s012_41284804_60.pkl
4942,53.0,48.192744912320656,abcd-ml,pasleep,scale,weekly,3,s012,41284804,60,out/abcd-ml_pasleep_scale_weekly_3_s012_41284804_60.pkl
4943,51.0,44.63500084069322,abcd-ml,pasleep,scale,weekly,3,s012,41284804,60,out/abcd-ml_pasleep_scale_weekly_3_s012_41284804_60.pkl
4944,53.0,48.086402906767354,abcd-ml,pasleep,scale,weekly,3,s012,41284804,60,out/abcd-ml_pasleep_scale_weekly_3_s012_41284804_60.pkl
4945,51.0,44.493965564067494,abcd-ml,pasleep,scale,weekly,3,s012,41284804,60,out/abcd-ml_pasleep_scale_weekly_3_s012_41284804_60.pkl
4946,53.0,48.17760499364933,abcd-ml,pasleep,scale,weekly,3,s012,41284804,60,out/abcd-ml_pasleep_scale_weekly_3_s012_41284804_60.pkl
4947,51.0,44.39372318296994,abcd-ml,pasleep,scale,weekly,3,s012,41284804,60,out/abcd-ml_pasleep_scale_weekly_3_s012_41284804_60.pkl
4948,53.0,47.916701812103625,abcd-ml,pasleep,scale,weekly,3,s012,41284804,60,out/abcd-ml_pasleep_scale_weekly_3_s012_41284804_60.pkl
4949,51.0,44.6387344632252,abcd-ml,pasleep,scale,weekly,3,s012,41284804,60,out/abcd-ml_pasleep_scale_weekly_3_s012_41284804_60.pkl
4950,53.0,48.13734470919485,abcd-ml,pasleep,scale,weekly,3,s012,41284804,60,out/abcd-ml_pasleep_scale_weekly_3_s012_41284804_60.pkl
4951,51.0,44.394725780203835,abcd-ml,pasleep,scale,weekly,3,s012,41284804,60,out/abcd-ml_pasleep_scale_weekly_3_s012_41284804_60.pkl
4952,67.0,48.4628155912162,abcd-ml,pasleep,scale,weekly,3,s012,41284804,60,out/abcd-ml_pasleep_scale_weekly_3_s012_41284804_60.pkl
4953,53.0,44.7208078996793,abcd-ml,pasleep,scale,weekly,3,s012,41284804,60,out/abcd-ml_pasleep_scale_weekly_3_s012_41284804_60.pkl
4954,67.0,47.7308475709104,abcd-ml,pasleep,scale,weekly,3,s012,41284804,60,out/abcd-ml_pasleep_scale_weekly_3_s012_41284804_60.pkl
4955,53.0,44.52830000340303,abcd-ml,pasleep,scale,weekly,3,s012,41284804,60,out/abcd-ml_pasleep_scale_weekly_3_s012_41284804_60.pkl
4956,67.0,48.59400855620412,abcd-ml,pasleep,scale,weekly,3,s012,41284804,60,out/abcd-ml_pasleep_scale_weekly_3_s012_41284804_60.pkl
4957,53.0,44.57608742221237,abcd-ml,pasleep,scale,weekly,3,s012,41284804,60,out/abcd-ml_pasleep_scale_weekly_3_s012_41284804_60.pkl
4958,67.0,48.24245445195007,abcd-ml,pasleep,scale,weekly,3,s012,41284804,60,out/abcd-ml_pasleep_scale_weekly_3_s012_41284804_60.pkl
4959,53.0,44.567603914689045,abcd-ml,pasleep,scale,weekly,3,s012,41284804,60,out/abcd-ml_pasleep_scale_weekly_3_s012_41284804_60.pkl
4960,67.0,48.293298099530055,abcd-ml,pasleep,scale,weekly,3,s012,41284804,60,out/abcd-ml_pasleep_scale_weekly_3_s012_41284804_60.pkl
4961,53.0,44.512063174371555,abcd-ml,pasleep,scale,weekly,3,s012,41284804,60,out/abcd-ml_pasleep_scale_weekly_3_s012_41284804_60.pkl
4962,67.0,48.210484911868726,abcd-ml,pasleep,scale,weekly,3,s012,41284804,60,out/abcd-ml_pasleep_scale_weekly_3_s012_41284804_60.pkl
4963,53.0,44.625551376480395,abcd-ml,pasleep,scale,weekly,3,s012,41284804,60,out/abcd-ml_pasleep_scale_weekly_3_s012_41284804_60.pkl
4964,67.0,48.35570346568537,abcd-ml,pasleep,scale,weekly,3,s012,41284804,60,out/abcd-ml_pasleep_scale_weekly_3_s012_41284804_60.pkl
4965,53.0,44.465174210924566,abcd-ml,pasleep,scale,weekly,3,s012,41284804,60,out/abcd-ml_pasleep_scale_weekly_3_s012_41284804_60.pkl
4966,43.0,48.30083047204958,abcd-ml,pasleep,scale,weekly,3,s012,41284804,60,out/abcd-ml_pasleep_scale_weekly_3_s012_41284804_60.pkl
4967,40.0,44.312710956890086,abcd-ml,pasleep,scale,weekly,3,s012,41284804,60,out/abcd-ml_pasleep_scale_weekly_3_s012_41284804_60.pkl
4968,43.0,48.13181371676694,abcd-ml,pasleep,scale,weekly,3,s012,41284804,60,out/abcd-ml_pasleep_scale_weekly_3_s012_41284804_60.pkl
4969,40.0,44.49956388239468,abcd-ml,pasleep,scale,weekly,3,s012,41284804,60,out/abcd-ml_pasleep_scale_weekly_3_s012_41284804_60.pkl
4970,43.0,47.64041226765168,abcd-ml,pasleep,scale,weekly,3,s012,41284804,60,out/abcd-ml_pasleep_scale_weekly_3_s012_41284804_60.pkl
4971,40.0,44.19150794101102,abcd-ml,pasleep,scale,weekly,3,s012,41284804,60,out/abcd-ml_pasleep_scale_weekly_3_s012_41284804_60.pkl
4972,43.0,47.63427137863625,abcd-ml,pasleep,scale,weekly,3,s012,41284804,60,out/abcd-ml_pasleep_scale_weekly_3_s012_41284804_60.pkl
4973,40.0,44.15867536186309,abcd-ml,pasleep,scale,weekly,3,s012,41284804,60,out/abcd-ml_pasleep_scale_weekly_3_s012_41284804_60.pkl
4974,43.0,47.5296596271158,abcd-ml,pasleep,scale,weekly,3,s012,41284804,60,out/abcd-ml_pasleep_scale_weekly_3_s012_41284804_60.pkl
4975,40.0,44.27393082738354,abcd-ml,pasleep,scale,weekly,3,s012,41284804,60,out/abcd-ml_pasleep_scale_weekly_3_s012_41284804_60.pkl
4976,50.0,47.934346058082795,abcd-ml,pasleep,scale,weekly,3,s012,41284804,60,out/abcd-ml_pasleep_scale_weekly_3_s012_41284804_60.pkl
4977,56.0,44.46656048868586,abcd-ml,pasleep,scale,weekly,3,s012,41284804,60,out/abcd-ml_pasleep_scale_weekly_3_s012_41284804_60.pkl
4978,50.0,48.13912194748529,abcd-ml,pasleep,scale,weekly,3,s012,41284804,60,out/abcd-ml_pasleep_scale_weekly_3_s012_41284804_60.pkl
4979,56.0,44.56338701699009,abcd-ml,pasleep,scale,weekly,3,s012,41284804,60,out/abcd-ml_pasleep_scale_weekly_3_s012_41284804_60.pkl
4980,50.0,48.21301116068076,abcd-ml,pasleep,scale,weekly,3,s012,41284804,60,out/abcd-ml_pasleep_scale_weekly_3_s012_41284804_60.pkl
4981,56.0,44.481960692888975,abcd-ml,pasleep,scale,weekly,3,s012,41284804,60,out/abcd-ml_pasleep_scale_weekly_3_s012_41284804_60.pkl
4982,50.0,48.16988239761663,abcd-ml,pasleep,scale,weekly,3,s012,41284804,60,out/abcd-ml_pasleep_scale_weekly_3_s012_41284804_60.pkl
4983,56.0,44.50931293057151,abcd-ml,pasleep,scale,weekly,3,s012,41284804,60,out/abcd-ml_pasleep_scale_weekly_3_s012_41284804_60.pkl
4984,57.0,47.26456014825532,abcd-ml,pasleep,scale,weekly,3,s012,41284804,60,out/abcd-ml_pasleep_scale_weekly_3_s012_41284804_60.pkl
4985,61.0,44.35556541641448,abcd-ml,pasleep,scale,weekly,3,s012,41284804,60,out/abcd-ml_pasleep_scale_weekly_3_s012_41284804_60.pkl
4986,57.0,47.38805083866979,abcd-ml,pasleep,scale,weekly,3,s012,41284804,60,out/abcd-ml_pasleep_scale_weekly_3_s012_41284804_60.pkl
4987,61.0,44.21926256130166,abcd-ml,pasleep,scale,weekly,3,s012,41284804,60,out/abcd-ml_pasleep_scale_weekly_3_s012_41284804_60.pkl
4988,57.0,47.35454783481866,abcd-ml,pasleep,scale,weekly,3,s012,41284804,60,out/abcd-ml_pasleep_scale_weekly_3_s012_41284804_60.pkl
4989,61.0,44.295938857352425,abcd-ml,pasleep,scale,weekly,3,s012,41284804,60,out/abcd-ml_pasleep_scale_weekly_3_s012_41284804_60.pkl
4990,57.0,47.382473027417184,abcd-ml,pasleep,scale,weekly,3,s012,41284804,60,out/abcd-ml_pasleep_scale_weekly_3_s012_41284804_60.pkl
4991,61.0,44.265713829368565,abcd-ml,pasleep,scale,weekly,3,s012,41284804,60,out/abcd-ml_pasleep_scale_weekly_3_s012_41284804_60.pkl
4992,57.0,47.12416353100292,abcd-ml,pasleep,scale,weekly,3,s012,41284804,60,out/abcd-ml_pasleep_scale_weekly_3_s012_41284804_60.pkl
4993,61.0,44.11740436110425,abcd-ml,pasleep,scale,weekly,3,s012,41284804,60,out/abcd-ml_pasleep_scale_weekly_3_s012_41284804_60.pkl
4994,57.0,46.98921791249618,abcd-ml,pasleep,scale,weekly,3,s012,41284804,60,out/abcd-ml_pasleep_scale_weekly_3_s012_41284804_60.pkl
4995,61.0,44.266516498289356,abcd-ml,pasleep,scale,weekly,3,s012,41284804,60,out/abcd-ml_pasleep_scale_weekly_3_s012_41284804_60.pkl
4996,50.0,48.14641305618776,abcd-ml,pasleep,scale,weekly,3,s012,41284804,60,out/abcd-ml_pasleep_scale_weekly_3_s012_41284804_60.pkl
4997,51.0,44.69777348358872,abcd-ml,pasleep,scale,weekly,3,s012,41284804,60,out/abcd-ml_pasleep_scale_weekly_3_s012_41284804_60.pkl
4998,50.0,48.25211729899273,abcd-ml,pasleep,scale,weekly,3,s012,41284804,60,out/abcd-ml_pasleep_scale_weekly_3_s012_41284804_60.pkl
4999,51.0,44.65536112792189,abcd-ml,pasleep,scale,weekly,3,s012,41284804,60,out/abcd-ml_pasleep_scale_weekly_3_s012_41284804_60.pkl
5000,50.0,48.397252528924156,abcd-ml,pasleep,scale,weekly,3,s012,41284804,60,out/abcd-ml_pasleep_scale_weekly_3_s012_41284804_60.pkl
5001,51.0,44.68204645094929,abcd-ml,pasleep,scale,weekly,3,s012,41284804,60,out/abcd-ml_pasleep_scale_weekly_3_s012_41284804_60.pkl
5002,50.0,48.51782618926761,abcd-ml,pasleep,scale,weekly,3,s012,41284804,60,out/abcd-ml_pasleep_scale_weekly_3_s012_41284804_60.pkl
5003,51.0,44.54930191620166,abcd-ml,pasleep,scale,weekly,3,s012,41284804,60,out/abcd-ml_pasleep_scale_weekly_3_s012_41284804_60.pkl
5004,50.0,48.033162121453614,abcd-ml,pasleep,scale,weekly,3,s012,41284804,60,out/abcd-ml_pasleep_scale_weekly_3_s012_41284804_60.pkl
5005,34.0,44.5323875419243,abcd-ml,pasleep,scale,weekly,3,s012,41284804,60,out/abcd-ml_pasleep_scale_weekly_3_s012_41284804_60.pkl
5006,50.0,47.877718257852074,abcd-ml,pasleep,scale,weekly,3,s012,41284804,60,out/abcd-ml_pasleep_scale_weekly_3_s012_41284804_60.pkl
5007,34.0,44.44602126649419,abcd-ml,pasleep,scale,weekly,3,s012,41284804,60,out/abcd-ml_pasleep_scale_weekly_3_s012_41284804_60.pkl
5008,50.0,47.64096827465953,abcd-ml,pasleep,scale,weekly,3,s012,41284804,60,out/abcd-ml_pasleep_scale_weekly_3_s012_41284804_60.pkl
5009,34.0,44.33619846605894,abcd-ml,pasleep,scale,weekly,3,s012,41284804,60,out/abcd-ml_pasleep_scale_weekly_3_s012_41284804_60.pkl
5010,34.0,47.63473653950023,abcd-ml,pasleep,scale,weekly,3,s012,41284804,60,out/abcd-ml_pasleep_scale_weekly_3_s012_41284804_60.pkl
5011,34.0,44.20028398594641,abcd-ml,pasleep,scale,weekly,3,s012,41284804,60,out/abcd-ml_pasleep_scale_weekly_3_s012_41284804_60.pkl
5012,34.0,47.87986369901558,abcd-ml,pasleep,scale,weekly,3,s012,41284804,60,out/abcd-ml_pasleep_scale_weekly_3_s012_41284804_60.pkl
5013,34.0,44.1383824112191,abcd-ml,pasleep,scale,weekly,3,s012,41284804,60,out/abcd-ml_pasleep_scale_weekly_3_s012_41284804_60.pkl
5014,34.0,47.69656337816923,abcd-ml,pasleep,scale,weekly,3,s012,41284804,60,out/abcd-ml_pasleep_scale_weekly_3_s012_41284804_60.pkl
5015,34.0,44.340916714688454,abcd-ml,pasleep,scale,weekly,3,s012,41284804,60,out/abcd-ml_pasleep_scale_weekly_3_s012_41284804_60.pkl
5016,34.0,47.816568397827595,abcd-ml,pasleep,scale,weekly,3,s012,41284804,60,out/abcd-ml_pasleep_scale_weekly_3_s012_41284804_60.pkl
5017,34.0,44.03306579601855,abcd-ml,pasleep,scale,weekly,3,s012,41284804,60,out/abcd-ml_pasleep_scale_weekly_3_s012_41284804_60.pkl
5018,40.0,47.854613321058025,abcd-ml,pasleep,scale,weekly,3,s012,41284804,60,out/abcd-ml_pasleep_scale_weekly_3_s012_41284804_60.pkl
5019,57.0,44.53192061020364,abcd-ml,pasleep,scale,weekly,3,s012,41284804,60,out/abcd-ml_pasleep_scale_weekly_3_s012_41284804_60.pkl
5020,40.0,47.98607548799333,abcd-ml,pasleep,scale,weekly,3,s012,41284804,60,out/abcd-ml_pasleep_scale_weekly_3_s012_41284804_60.pkl
5021,57.0,44.38699293103835,abcd-ml,pasleep,scale,weekly,3,s012,41284804,60,out/abcd-ml_pasleep_scale_weekly_3_s012_41284804_60.pkl
5022,40.0,48.01458239308856,abcd-ml,pasleep,scale,weekly,3,s012,41284804,60,out/abcd-ml_pasleep_scale_weekly_3_s012_41284804_60.pkl
5023,57.0,44.413718707446264,abcd-ml,pasleep,scale,weekly,3,s012,41284804,60,out/abcd-ml_pasleep_scale_weekly_3_s012_41284804_60.pkl
5024,40.0,47.66760761761554,abcd-ml,pasleep,scale,weekly,3,s012,41284804,60,out/abcd-ml_pasleep_scale_weekly_3_s012_41284804_60.pkl
5025,57.0,44.797995682491205,abcd-ml,pasleep,scale,weekly,3,s012,41284804,60,out/abcd-ml_pasleep_scale_weekly_3_s012_41284804_60.pkl
5026,40.0,47.795816353621404,abcd-ml,pasleep,scale,weekly,3,s012,41284804,60,out/abcd-ml_pasleep_scale_weekly_3_s012_41284804_60.pkl
5027,57.0,44.25866787490443,abcd-ml,pasleep,scale,weekly,3,s012,41284804,60,out/abcd-ml_pasleep_scale_weekly_3_s012_41284804_60.pkl
5028,40.0,47.449003013402475,abcd-ml,pasleep,scale,weekly,3,s012,41284804,60,out/abcd-ml_pasleep_scale_weekly_3_s012_41284804_60.pkl
5029,57.0,44.6428062827867,abcd-ml,pasleep,scale,weekly,3,s012,41284804,60,out/abcd-ml_pasleep_scale_weekly_3_s012_41284804_60.pkl
5030,45.0,48.503096224349434,abcd-ml,pasleep,scale,weekly,3,s012,41284804,60,out/abcd-ml_pasleep_scale_weekly_3_s012_41284804_60.pkl
5031,40.0,44.438574841956346,abcd-ml,pasleep,scale,weekly,3,s012,41284804,60,out/abcd-ml_pasleep_scale_weekly_3_s012_41284804_60.pkl
5032,45.0,48.419655286158196,abcd-ml,pasleep,scale,weekly,3,s012,41284804,60,out/abcd-ml_pasleep_scale_weekly_3_s012_41284804_60.pkl
5033,40.0,44.5306434181053,abcd-ml,pasleep,scale,weekly,3,s012,41284804,60,out/abcd-ml_pasleep_scale_weekly_3_s012_41284804_60.pkl
5034,45.0,48.52702591038537,abcd-ml,pasleep,scale,weekly,3,s012,41284804,60,out/abcd-ml_pasleep_scale_weekly_3_s012_41284804_60.pkl
5035,40.0,44.57773778759754,abcd-ml,pasleep,scale,weekly,3,s012,41284804,60,out/abcd-ml_pasleep_scale_weekly_3_s012_41284804_60.pkl
5036,45.0,48.45474966406048,abcd-ml,pasleep,scale,weekly,3,s012,41284804,60,out/abcd-ml_pasleep_scale_weekly_3_s012_41284804_60.pkl
5037,40.0,44.61356743088666,abcd-ml,pasleep,scale,weekly,3,s012,41284804,60,out/abcd-ml_pasleep_scale_weekly_3_s012_41284804_60.pkl
5038,40.0,47.81998349117587,abcd-ml,pasleep,scale,weekly,3,s012,41284804,60,out/abcd-ml_pasleep_scale_weekly_3_s012_41284804_60.pkl
5039,40.0,44.137242086668245,abcd-ml,pasleep,scale,weekly,3,s012,41284804,60,out/abcd-ml_pasleep_scale_weekly_3_s012_41284804_60.pkl
5040,40.0,47.67651555955263,abcd-ml,pasleep,scale,weekly,3,s012,41284804,60,out/abcd-ml_pasleep_scale_weekly_3_s012_41284804_60.pkl
5041,40.0,44.29593596301757,abcd-ml,pasleep,scale,weekly,3,s012,41284804,60,out/abcd-ml_pasleep_scale_weekly_3_s012_41284804_60.pkl
5042,40.0,47.341538052509954,abcd-ml,pasleep,scale,weekly,3,s012,41284804,60,out/abcd-ml_pasleep_scale_weekly_3_s012_41284804_60.pkl
5043,40.0,44.36376476349089,abcd-ml,pasleep,scale,weekly,3,s012,41284804,60,out/abcd-ml_pasleep_scale_weekly_3_s012_41284804_60.pkl
5044,40.0,47.438044473095445,abcd-ml,pasleep,scale,weekly,3,s012,41284804,60,out/abcd-ml_pasleep_scale_weekly_3_s012_41284804_60.pkl
5045,40.0,44.2572799170812,abcd-ml,pasleep,scale,weekly,3,s012,41284804,60,out/abcd-ml_pasleep_scale_weekly_3_s012_41284804_60.pkl
5046,40.0,47.961947041154666,abcd-ml,pasleep,scale,weekly,3,s012,41284804,60,out/abcd-ml_pasleep_scale_weekly_3_s012_41284804_60.pkl
5047,40.0,44.320934535193686,abcd-ml,pasleep,scale,weekly,3,s012,41284804,60,out/abcd-ml_pasleep_scale_weekly_3_s012_41284804_60.pkl
5048,40.0,47.854249955027484,abcd-ml,pasleep,scale,weekly,3,s012,41284804,60,out/abcd-ml_pasleep_scale_weekly_3_s012_41284804_60.pkl
5049,40.0,44.439826187874104,abcd-ml,pasleep,scale,weekly,3,s012,41284804,60,out/abcd-ml_pasleep_scale_weekly_3_s012_41284804_60.pkl
5050,40.0,48.06233663011976,abcd-ml,pasleep,scale,weekly,3,s012,41284804,60,out/abcd-ml_pasleep_scale_weekly_3_s012_41284804_60.pkl
5051,46.0,44.57332051873082,abcd-ml,pasleep,scale,weekly,3,s012,41284804,60,out/abcd-ml_pasleep_scale_weekly_3_s012_41284804_60.pkl
5052,40.0,47.930049385337945,abcd-ml,pasleep,scale,weekly,3,s012,41284804,60,out/abcd-ml_pasleep_scale_weekly_3_s012_41284804_60.pkl
5053,46.0,44.451511646229704,abcd-ml,pasleep,scale,weekly,3,s012,41284804,60,out/abcd-ml_pasleep_scale_weekly_3_s012_41284804_60.pkl
5054,40.0,48.01140412490335,abcd-ml,pasleep,scale,weekly,3,s012,41284804,60,out/abcd-ml_pasleep_scale_weekly_3_s012_41284804_60.pkl
5055,46.0,44.36189621434507,abcd-ml,pasleep,scale,weekly,3,s012,41284804,60,out/abcd-ml_pasleep_scale_weekly_3_s012_41284804_60.pkl
5056,40.0,47.72818451896905,abcd-ml,pasleep,scale,weekly,3,s012,41284804,60,out/abcd-ml_pasleep_scale_weekly_3_s012_41284804_60.pkl
5057,46.0,44.4800095537774,abcd-ml,pasleep,scale,weekly,3,s012,41284804,60,out/abcd-ml_pasleep_scale_weekly_3_s012_41284804_60.pkl
5058,50.0,48.94179602519992,abcd-ml,pasleep,scale,weekly,3,s012,41284804,60,out/abcd-ml_pasleep_scale_weekly_3_s012_41284804_60.pkl
5059,44.0,44.7630611708621,abcd-ml,pasleep,scale,weekly,3,s012,41284804,60,out/abcd-ml_pasleep_scale_weekly_3_s012_41284804_60.pkl
5060,50.0,47.898063679386794,abcd-ml,pasleep,scale,weekly,3,s012,41284804,60,out/abcd-ml_pasleep_scale_weekly_3_s012_41284804_60.pkl
5061,44.0,44.343723633134395,abcd-ml,pasleep,scale,weekly,3,s012,41284804,60,out/abcd-ml_pasleep_scale_weekly_3_s012_41284804_60.pkl
5062,50.0,47.950883577210384,abcd-ml,pasleep,scale,weekly,3,s012,41284804,60,out/abcd-ml_pasleep_scale_weekly_3_s012_41284804_60.pkl
5063,44.0,44.28511163259035,abcd-ml,pasleep,scale,weekly,3,s012,41284804,60,out/abcd-ml_pasleep_scale_weekly_3_s012_41284804_60.pkl
5064,50.0,48.30571285947529,abcd-ml,pasleep,scale,weekly,3,s012,41284804,60,out/abcd-ml_pasleep_scale_weekly_3_s012_41284804_60.pkl
5065,44.0,44.51871797613468,abcd-ml,pasleep,scale,weekly,3,s012,41284804,60,out/abcd-ml_pasleep_scale_weekly_3_s012_41284804_60.pkl
5066,50.0,48.39455590078735,abcd-ml,pasleep,scale,weekly,3,s012,41284804,60,out/abcd-ml_pasleep_scale_weekly_3_s012_41284804_60.pkl
5067,44.0,44.420250082788925,abcd-ml,pasleep,scale,weekly,3,s012,41284804,60,out/abcd-ml_pasleep_scale_weekly_3_s012_41284804_60.pkl
5068,50.0,48.5566640069902,abcd-ml,pasleep,scale,weekly,3,s012,41284804,60,out/abcd-ml_pasleep_scale_weekly_3_s012_41284804_60.pkl
5069,44.0,44.47255761328617,abcd-ml,pasleep,scale,weekly,3,s012,41284804,60,out/abcd-ml_pasleep_scale_weekly_3_s012_41284804_60.pkl
5070,47.0,47.95149242969221,abcd-ml,pasleep,scale,weekly,3,s012,41284804,60,out/abcd-ml_pasleep_scale_weekly_3_s012_41284804_60.pkl
5071,54.0,44.60895044995924,abcd-ml,pasleep,scale,weekly,3,s012,41284804,60,out/abcd-ml_pasleep_scale_weekly_3_s012_41284804_60.pkl
5072,47.0,48.117694758567346,abcd-ml,pasleep,scale,weekly,3,s012,41284804,60,out/abcd-ml_pasleep_scale_weekly_3_s012_41284804_60.pkl
5073,54.0,44.42408018683089,abcd-ml,pasleep,scale,weekly,3,s012,41284804,60,out/abcd-ml_pasleep_scale_weekly_3_s012_41284804_60.pkl
5074,71.0,47.981122622536546,abcd-ml,pasleep,scale,weekly,3,s012,41284804,60,out/abcd-ml_pasleep_scale_weekly_3_s012_41284804_60.pkl
5075,34.0,44.23698945349693,abcd-ml,pasleep,scale,weekly,3,s012,41284804,60,out/abcd-ml_pasleep_scale_weekly_3_s012_41284804_60.pkl
5076,71.0,47.89037676605826,abcd-ml,pasleep,scale,weekly,3,s012,41284804,60,out/abcd-ml_pasleep_scale_weekly_3_s012_41284804_60.pkl
5077,34.0,44.075740562729436,abcd-ml,pasleep,scale,weekly,3,s012,41284804,60,out/abcd-ml_pasleep_scale_weekly_3_s012_41284804_60.pkl
5078,71.0,47.71013907494415,abcd-ml,pasleep,scale,weekly,3,s012,41284804,60,out/abcd-ml_pasleep_scale_weekly_3_s012_41284804_60.pkl
5079,34.0,44.275267054989826,abcd-ml,pasleep,scale,weekly,3,s012,41284804,60,out/abcd-ml_pasleep_scale_weekly_3_s012_41284804_60.pkl
5080,71.0,48.01527439434765,abcd-ml,pasleep,scale,weekly,3,s012,41284804,60,out/abcd-ml_pasleep_scale_weekly_3_s012_41284804_60.pkl
5081,34.0,44.2034685360683,abcd-ml,pasleep,scale,weekly,3,s012,41284804,60,out/abcd-ml_pasleep_scale_weekly_3_s012_41284804_60.pkl
5082,71.0,47.90324653311776,abcd-ml,pasleep,scale,weekly,3,s012,41284804,60,out/abcd-ml_pasleep_scale_weekly_3_s012_41284804_60.pkl
5083,34.0,44.32720450261066,abcd-ml,pasleep,scale,weekly,3,s012,41284804,60,out/abcd-ml_pasleep_scale_weekly_3_s012_41284804_60.pkl
5084,57.0,47.64937805381719,abcd-ml,pasleep,scale,weekly,3,s012,41284804,60,out/abcd-ml_pasleep_scale_weekly_3_s012_41284804_60.pkl
5085,61.0,44.09705471059881,abcd-ml,pasleep,scale,weekly,3,s012,41284804,60,out/abcd-ml_pasleep_scale_weekly_3_s012_41284804_60.pkl
5086,57.0,47.44695422236597,abcd-ml,pasleep,scale,weekly,3,s012,41284804,60,out/abcd-ml_pasleep_scale_weekly_3_s012_41284804_60.pkl
5087,61.0,44.32088820016098,abcd-ml,pasleep,scale,weekly,3,s012,41284804,60,out/abcd-ml_pasleep_scale_weekly_3_s012_41284804_60.pkl
5088,57.0,48.24103552617581,abcd-ml,pasleep,scale,weekly,3,s012,41284804,60,out/abcd-ml_pasleep_scale_weekly_3_s012_41284804_60.pkl
5089,61.0,44.176581463753536,abcd-ml,pasleep,scale,weekly,3,s012,41284804,60,out/abcd-ml_pasleep_scale_weekly_3_s012_41284804_60.pkl
5090,57.0,48.05518176359928,abcd-ml,pasleep,scale,weekly,3,s012,41284804,60,out/abcd-ml_pasleep_scale_weekly_3_s012_41284804_60.pkl
5091,61.0,44.38197387670594,abcd-ml,pasleep,scale,weekly,3,s012,41284804,60,out/abcd-ml_pasleep_scale_weekly_3_s012_41284804_60.pkl
5092,57.0,48.76746388133288,abcd-ml,pasleep,scale,weekly,3,s012,41284804,60,out/abcd-ml_pasleep_scale_weekly_3_s012_41284804_60.pkl
5093,61.0,44.69232443762007,abcd-ml,pasleep,scale,weekly,3,s012,41284804,60,out/abcd-ml_pasleep_scale_weekly_3_s012_41284804_60.pkl
5094,33.0,48.236917929073485,abcd-ml,pasleep,scale,weekly,3,s012,41284804,60,out/abcd-ml_pasleep_scale_weekly_3_s012_41284804_60.pkl
5095,34.0,44.42241020276391,abcd-ml,pasleep,scale,weekly,3,s012,41284804,60,out/abcd-ml_pasleep_scale_weekly_3_s012_41284804_60.pkl
5096,33.0,48.19290838394668,abcd-ml,pasleep,scale,weekly,3,s012,41284804,60,out/abcd-ml_pasleep_scale_weekly_3_s012_41284804_60.pkl
5097,34.0,44.47127532654392,abcd-ml,pasleep,scale,weekly,3,s012,41284804,60,out/abcd-ml_pasleep_scale_weekly_3_s012_41284804_60.pkl
5098,33.0,47.99183524045831,abcd-ml,pasleep,scale,weekly,3,s012,41284804,60,out/abcd-ml_pasleep_scale_weekly_3_s012_41284804_60.pkl
5099,34.0,44.35947092938787,abcd-ml,pasleep,scale,weekly,3,s012,41284804,60,out/abcd-ml_pasleep_scale_weekly_3_s012_41284804_60.pkl
5100,33.0,47.94863494313323,abcd-ml,pasleep,scale,weekly,3,s012,41284804,60,out/abcd-ml_pasleep_scale_weekly_3_s012_41284804_60.pkl
5101,34.0,44.40739671284862,abcd-ml,pasleep,scale,weekly,3,s012,41284804,60,out/abcd-ml_pasleep_scale_weekly_3_s012_41284804_60.pkl
5102,33.0,48.10708651128132,abcd-ml,pasleep,scale,weekly,3,s012,41284804,60,out/abcd-ml_pasleep_scale_weekly_3_s012_41284804_60.pkl
5103,34.0,44.42994701106785,abcd-ml,pasleep,scale,weekly,3,s012,41284804,60,out/abcd-ml_pasleep_scale_weekly_3_s012_41284804_60.pkl
5104,44.0,48.00437196584584,abcd-ml,pasleep,scale,weekly,3,s012,41284804,60,out/abcd-ml_pasleep_scale_weekly_3_s012_41284804_60.pkl
5105,40.0,44.384403488785054,abcd-ml,pasleep,scale,weekly,3,s012,41284804,60,out/abcd-ml_pasleep_scale_weekly_3_s012_41284804_60.pkl
5106,44.0,47.97878328368853,abcd-ml,pasleep,scale,weekly,3,s012,41284804,60,out/abcd-ml_pasleep_scale_weekly_3_s012_41284804_60.pkl
5107,40.0,44.41276389787063,abcd-ml,pasleep,scale,weekly,3,s012,41284804,60,out/abcd-ml_pasleep_scale_weekly_3_s012_41284804_60.pkl
5108,44.0,47.9349697058406,abcd-ml,pasleep,scale,weekly,3,s012,41284804,60,out/abcd-ml_pasleep_scale_weekly_3_s012_41284804_60.pkl
5109,40.0,44.42918710093839,abcd-ml,pasleep,scale,weekly,3,s012,41284804,60,out/abcd-ml_pasleep_scale_weekly_3_s012_41284804_60.pkl
5110,44.0,47.90157199001625,abcd-ml,pasleep,scale,weekly,3,s012,41284804,60,out/abcd-ml_pasleep_scale_weekly_3_s012_41284804_60.pkl
5111,40.0,44.46618028529437,abcd-ml,pasleep,scale,weekly,3,s012,41284804,60,out/abcd-ml_pasleep_scale_weekly_3_s012_41284804_60.pkl
5112,52.0,48.319420617202894,abcd-ml,pasleep,scale,weekly,3,s012,41284804,60,out/abcd-ml_pasleep_scale_weekly_3_s012_41284804_60.pkl
5113,44.0,44.357316348490656,abcd-ml,pasleep,scale,weekly,3,s012,41284804,60,out/abcd-ml_pasleep_scale_weekly_3_s012_41284804_60.pkl
5114,52.0,48.22176477350875,abcd-ml,pasleep,scale,weekly,3,s012,41284804,60,out/abcd-ml_pasleep_scale_weekly_3_s012_41284804_60.pkl
5115,44.0,44.465392718049685,abcd-ml,pasleep,scale,weekly,3,s012,41284804,60,out/abcd-ml_pasleep_scale_weekly_3_s012_41284804_60.pkl
5116,52.0,48.06547499393158,abcd-ml,pasleep,scale,weekly,3,s012,41284804,60,out/abcd-ml_pasleep_scale_weekly_3_s012_41284804_60.pkl
5117,44.0,44.30987987255715,abcd-ml,pasleep,scale,weekly,3,s012,41284804,60,out/abcd-ml_pasleep_scale_weekly_3_s012_41284804_60.pkl
5118,52.0,47.98530839826657,abcd-ml,pasleep,scale,weekly,3,s012,41284804,60,out/abcd-ml_pasleep_scale_weekly_3_s012_41284804_60.pkl
5119,44.0,44.39849525028907,abcd-ml,pasleep,scale,weekly,3,s012,41284804,60,out/abcd-ml_pasleep_scale_weekly_3_s012_41284804_60.pkl
5120,52.0,48.1231116577485,abcd-ml,pasleep,scale,weekly,3,s012,41284804,60,out/abcd-ml_pasleep_scale_weekly_3_s012_41284804_60.pkl
5121,44.0,44.211488951560796,abcd-ml,pasleep,scale,weekly,3,s012,41284804,60,out/abcd-ml_pasleep_scale_weekly_3_s012_41284804_60.pkl
5122,43.0,47.87935224925145,abcd-ml,pasleep,scale,weekly,3,s012,41284804,60,out/abcd-ml_pasleep_scale_weekly_3_s012_41284804_60.pkl
5123,41.0,44.418809613982276,abcd-ml,pasleep,scale,weekly,3,s012,41284804,60,out/abcd-ml_pasleep_scale_weekly_3_s012_41284804_60.pkl
5124,43.0,47.86780691796746,abcd-ml,pasleep,scale,weekly,3,s012,41284804,60,out/abcd-ml_pasleep_scale_weekly_3_s012_41284804_60.pkl
5125,41.0,44.43184862062323,abcd-ml,pasleep,scale,weekly,3,s012,41284804,60,out/abcd-ml_pasleep_scale_weekly_3_s012_41284804_60.pkl
5126,43.0,48.05529478488521,abcd-ml,pasleep,scale,weekly,3,s012,41284804,60,out/abcd-ml_pasleep_scale_weekly_3_s012_41284804_60.pkl
5127,41.0,44.32824563398318,abcd-ml,pasleep,scale,weekly,3,s012,41284804,60,out/abcd-ml_pasleep_scale_weekly_3_s012_41284804_60.pkl
5128,43.0,47.99727500537075,abcd-ml,pasleep,scale,weekly,3,s012,41284804,60,out/abcd-ml_pasleep_scale_weekly_3_s012_41284804_60.pkl
5129,41.0,44.392847897255095,abcd-ml,pasleep,scale,weekly,3,s012,41284804,60,out/abcd-ml_pasleep_scale_weekly_3_s012_41284804_60.pkl
5130,43.0,47.82076800527609,abcd-ml,pasleep,scale,weekly,3,s012,41284804,60,out/abcd-ml_pasleep_scale_weekly_3_s012_41284804_60.pkl
5131,41.0,44.2811122686939,abcd-ml,pasleep,scale,weekly,3,s012,41284804,60,out/abcd-ml_pasleep_scale_weekly_3_s012_41284804_60.pkl
5132,43.0,47.723698752911595,abcd-ml,pasleep,scale,weekly,3,s012,41284804,60,out/abcd-ml_pasleep_scale_weekly_3_s012_41284804_60.pkl
5133,41.0,44.38876907381571,abcd-ml,pasleep,scale,weekly,3,s012,41284804,60,out/abcd-ml_pasleep_scale_weekly_3_s012_41284804_60.pkl
5134,33.0,47.95446549692481,abcd-ml,pasleep,scale,weekly,3,s012,41284804,60,out/abcd-ml_pasleep_scale_weekly_3_s012_41284804_60.pkl
5135,44.0,44.22986032426107,abcd-ml,pasleep,scale,weekly,3,s012,41284804,60,out/abcd-ml_pasleep_scale_weekly_3_s012_41284804_60.pkl
5136,33.0,47.748810884363635,abcd-ml,pasleep,scale,weekly,3,s012,41284804,60,out/abcd-ml_pasleep_scale_weekly_3_s012_41284804_60.pkl
5137,44.0,44.457135395460156,abcd-ml,pasleep,scale,weekly,3,s012,41284804,60,out/abcd-ml_pasleep_scale_weekly_3_s012_41284804_60.pkl
5138,33.0,47.778366431049804,abcd-ml,pasleep,scale,weekly,3,s012,41284804,60,out/abcd-ml_pasleep_scale_weekly_3_s012_41284804_60.pkl
5139,44.0,44.32196625414629,abcd-ml,pasleep,scale,weekly,3,s012,41284804,60,out/abcd-ml_pasleep_scale_weekly_3_s012_41284804_60.pkl
5140,33.0,47.731760678924154,abcd-ml,pasleep,scale,weekly,3,s012,41284804,60,out/abcd-ml_pasleep_scale_weekly_3_s012_41284804_60.pkl
5141,44.0,44.37485659153571,abcd-ml,pasleep,scale,weekly,3,s012,41284804,60,out/abcd-ml_pasleep_scale_weekly_3_s012_41284804_60.pkl
5142,33.0,47.456748594405404,abcd-ml,pasleep,scale,weekly,3,s012,41284804,60,out/abcd-ml_pasleep_scale_weekly_3_s012_41284804_60.pkl
5143,44.0,44.29029325225195,abcd-ml,pasleep,scale,weekly,3,s012,41284804,60,out/abcd-ml_pasleep_scale_weekly_3_s012_41284804_60.pkl
5144,33.0,47.42097337518562,abcd-ml,pasleep,scale,weekly,3,s012,41284804,60,out/abcd-ml_pasleep_scale_weekly_3_s012_41284804_60.pkl
5145,44.0,44.33120932522894,abcd-ml,pasleep,scale,weekly,3,s012,41284804,60,out/abcd-ml_pasleep_scale_weekly_3_s012_41284804_60.pkl
5146,52.0,48.306650731914104,abcd-ml,pasleep,scale,weekly,3,s012,41284804,60,out/abcd-ml_pasleep_scale_weekly_3_s012_41284804_60.pkl
5147,57.0,44.448250057404366,abcd-ml,pasleep,scale,weekly,3,s012,41284804,60,out/abcd-ml_pasleep_scale_weekly_3_s012_41284804_60.pkl
5148,52.0,48.07548460395627,abcd-ml,pasleep,scale,weekly,3,s012,41284804,60,out/abcd-ml_pasleep_scale_weekly_3_s012_41284804_60.pkl
5149,57.0,44.34427962513776,abcd-ml,pasleep,scale,weekly,3,s012,41284804,60,out/abcd-ml_pasleep_scale_weekly_3_s012_41284804_60.pkl
5150,52.0,48.06584899106908,abcd-ml,pasleep,scale,weekly,3,s012,41284804,60,out/abcd-ml_pasleep_scale_weekly_3_s012_41284804_60.pkl
5151,57.0,44.35508161320154,abcd-ml,pasleep,scale,weekly,3,s012,41284804,60,out/abcd-ml_pasleep_scale_weekly_3_s012_41284804_60.pkl
5152,52.0,47.882136775205005,abcd-ml,pasleep,scale,weekly,3,s012,41284804,60,out/abcd-ml_pasleep_scale_weekly_3_s012_41284804_60.pkl
5153,57.0,44.27382513657096,abcd-ml,pasleep,scale,weekly,3,s012,41284804,60,out/abcd-ml_pasleep_scale_weekly_3_s012_41284804_60.pkl
5154,52.0,47.810378929094924,abcd-ml,pasleep,scale,weekly,3,s012,41284804,60,out/abcd-ml_pasleep_scale_weekly_3_s012_41284804_60.pkl
5155,57.0,44.353368454211676,abcd-ml,pasleep,scale,weekly,3,s012,41284804,60,out/abcd-ml_pasleep_scale_weekly_3_s012_41284804_60.pkl
5156,39.0,48.989065367628584,abcd-ml,pasleep,scale,weekly,3,s012,41284804,60,out/abcd-ml_pasleep_scale_weekly_3_s012_41284804_60.pkl
5157,49.0,44.30521732629849,abcd-ml,pasleep,scale,weekly,3,s012,41284804,60,out/abcd-ml_pasleep_scale_weekly_3_s012_41284804_60.pkl
5158,39.0,48.713822608949506,abcd-ml,pasleep,scale,weekly,3,s012,41284804,60,out/abcd-ml_pasleep_scale_weekly_3_s012_41284804_60.pkl
5159,49.0,44.61133097919722,abcd-ml,pasleep,scale,weekly,3,s012,41284804,60,out/abcd-ml_pasleep_scale_weekly_3_s012_41284804_60.pkl
5160,39.0,48.495226391453265,abcd-ml,pasleep,scale,weekly,3,s012,41284804,60,out/abcd-ml_pasleep_scale_weekly_3_s012_41284804_60.pkl
5161,49.0,44.510129390096196,abcd-ml,pasleep,scale,weekly,3,s012,41284804,60,out/abcd-ml_pasleep_scale_weekly_3_s012_41284804_60.pkl
5162,39.0,48.50842019104198,abcd-ml,pasleep,scale,weekly,3,s012,41284804,60,out/abcd-ml_pasleep_scale_weekly_3_s012_41284804_60.pkl
5163,49.0,44.495908617749855,abcd-ml,pasleep,scale,weekly,3,s012,41284804,60,out/abcd-ml_pasleep_scale_weekly_3_s012_41284804_60.pkl
5164,39.0,48.38095689640109,abcd-ml,pasleep,scale,weekly,3,s012,41284804,60,out/abcd-ml_pasleep_scale_weekly_3_s012_41284804_60.pkl
5165,49.0,44.51606778509432,abcd-ml,pasleep,scale,weekly,3,s012,41284804,60,out/abcd-ml_pasleep_scale_weekly_3_s012_41284804_60.pkl
5166,43.0,47.10780183715004,abcd-ml,pasleep,scale,weekly,3,s012,41284804,60,out/abcd-ml_pasleep_scale_weekly_3_s012_41284804_60.pkl
5167,49.0,44.117936268666256,abcd-ml,pasleep,scale,weekly,3,s012,41284804,60,out/abcd-ml_pasleep_scale_weekly_3_s012_41284804_60.pkl
5168,43.0,47.1039592095616,abcd-ml,pasleep,scale,weekly,3,s012,41284804,60,out/abcd-ml_pasleep_scale_weekly_3_s012_41284804_60.pkl
5169,49.0,44.12283525313962,abcd-ml,pasleep,scale,weekly,3,s012,41284804,60,out/abcd-ml_pasleep_scale_weekly_3_s012_41284804_60.pkl
5170,43.0,47.05296287449867,abcd-ml,pasleep,scale,weekly,3,s012,41284804,60,out/abcd-ml_pasleep_scale_weekly_3_s012_41284804_60.pkl
5171,49.0,44.19437132948677,abcd-ml,pasleep,scale,weekly,3,s012,41284804,60,out/abcd-ml_pasleep_scale_weekly_3_s012_41284804_60.pkl
5172,43.0,47.05271903313944,abcd-ml,pasleep,scale,weekly,3,s012,41284804,60,out/abcd-ml_pasleep_scale_weekly_3_s012_41284804_60.pkl
5173,49.0,44.19522908759743,abcd-ml,pasleep,scale,weekly,3,s012,41284804,60,out/abcd-ml_pasleep_scale_weekly_3_s012_41284804_60.pkl
5174,43.0,47.42217284603368,abcd-ml,pasleep,scale,weekly,3,s012,41284804,60,out/abcd-ml_pasleep_scale_weekly_3_s012_41284804_60.pkl
5175,49.0,44.43332110316468,abcd-ml,pasleep,scale,weekly,3,s012,41284804,60,out/abcd-ml_pasleep_scale_weekly_3_s012_41284804_60.pkl
5176,43.0,47.34474709019172,abcd-ml,pasleep,scale,weekly,3,s012,41284804,60,out/abcd-ml_pasleep_scale_weekly_3_s012_41284804_60.pkl
5177,49.0,44.51875221600545,abcd-ml,pasleep,scale,weekly,3,s012,41284804,60,out/abcd-ml_pasleep_scale_weekly_3_s012_41284804_60.pkl
5178,46.0,47.56278652865831,abcd-ml,pasleep,scale,weekly,3,s012,41284804,60,out/abcd-ml_pasleep_scale_weekly_3_s012_41284804_60.pkl
5179,41.0,44.0330091213055,abcd-ml,pasleep,scale,weekly,3,s012,41284804,60,out/abcd-ml_pasleep_scale_weekly_3_s012_41284804_60.pkl
5180,46.0,47.762575293449,abcd-ml,pasleep,scale,weekly,3,s012,41284804,60,out/abcd-ml_pasleep_scale_weekly_3_s012_41284804_60.pkl
5181,41.0,44.021491745791025,abcd-ml,pasleep,scale,weekly,3,s012,41284804,60,out/abcd-ml_pasleep_scale_weekly_3_s012_41284804_60.pkl
5182,46.0,47.87915341869301,abcd-ml,pasleep,scale,weekly,3,s012,41284804,60,out/abcd-ml_pasleep_scale_weekly_3_s012_41284804_60.pkl
5183,41.0,44.08208971529474,abcd-ml,pasleep,scale,weekly,3,s012,41284804,60,out/abcd-ml_pasleep_scale_weekly_3_s012_41284804_60.pkl
5184,43.0,48.49789610866354,abcd-ml,pasleep,scale,weekly,3,s012,41284804,60,out/abcd-ml_pasleep_scale_weekly_3_s012_41284804_60.pkl
5185,44.0,44.57837657903811,abcd-ml,pasleep,scale,weekly,3,s012,41284804,60,out/abcd-ml_pasleep_scale_weekly_3_s012_41284804_60.pkl
5186,43.0,48.547274433478435,abcd-ml,pasleep,scale,weekly,3,s012,41284804,60,out/abcd-ml_pasleep_scale_weekly_3_s012_41284804_60.pkl
5187,44.0,44.52274167863127,abcd-ml,pasleep,scale,weekly,3,s012,41284804,60,out/abcd-ml_pasleep_scale_weekly_3_s012_41284804_60.pkl
5188,43.0,47.40090472995927,abcd-ml,pasleep,scale,weekly,3,s012,41284804,60,out/abcd-ml_pasleep_scale_weekly_3_s012_41284804_60.pkl
5189,44.0,44.2057978567714,abcd-ml,pasleep,scale,weekly,3,s012,41284804,60,out/abcd-ml_pasleep_scale_weekly_3_s012_41284804_60.pkl
5190,43.0,47.699523723575595,abcd-ml,pasleep,scale,weekly,3,s012,41284804,60,out/abcd-ml_pasleep_scale_weekly_3_s012_41284804_60.pkl
5191,44.0,44.44435900614511,abcd-ml,pasleep,scale,weekly,3,s012,41284804,60,out/abcd-ml_pasleep_scale_weekly_3_s012_41284804_60.pkl
5192,55.0,47.8425560614043,abcd-ml,pasleep,scale,weekly,3,s012,41284804,60,out/abcd-ml_pasleep_scale_weekly_3_s012_41284804_60.pkl
5193,53.0,44.19091774480363,abcd-ml,pasleep,scale,weekly,3,s012,41284804,60,out/abcd-ml_pasleep_scale_weekly_3_s012_41284804_60.pkl
5194,55.0,47.66449585767924,abcd-ml,pasleep,scale,weekly,3,s012,41284804,60,out/abcd-ml_pasleep_scale_weekly_3_s012_41284804_60.pkl
5195,53.0,44.387705367966205,abcd-ml,pasleep,scale,weekly,3,s012,41284804,60,out/abcd-ml_pasleep_scale_weekly_3_s012_41284804_60.pkl
5196,55.0,48.990757641503755,abcd-ml,pasleep,scale,weekly,3,s012,41284804,60,out/abcd-ml_pasleep_scale_weekly_3_s012_41284804_60.pkl
5197,53.0,44.42094903065813,abcd-ml,pasleep,scale,weekly,3,s012,41284804,60,out/abcd-ml_pasleep_scale_weekly_3_s012_41284804_60.pkl
5198,55.0,48.829244496406105,abcd-ml,pasleep,scale,weekly,3,s012,41284804,60,out/abcd-ml_pasleep_scale_weekly_3_s012_41284804_60.pkl
5199,53.0,44.59931846908979,abcd-ml,pasleep,scale,weekly,3,s012,41284804,60,out/abcd-ml_pasleep_scale_weekly_3_s012_41284804_60.pkl
5200,55.0,49.05150671025095,abcd-ml,pasleep,scale,weekly,3,s012,41284804,60,out/abcd-ml_pasleep_scale_weekly_3_s012_41284804_60.pkl
5201,53.0,44.49240288490964,abcd-ml,pasleep,scale,weekly,3,s012,41284804,60,out/abcd-ml_pasleep_scale_weekly_3_s012_41284804_60.pkl
5202,55.0,48.90872268105133,abcd-ml,pasleep,scale,weekly,3,s012,41284804,60,out/abcd-ml_pasleep_scale_weekly_3_s012_41284804_60.pkl
5203,53.0,44.64995036140303,abcd-ml,pasleep,scale,weekly,3,s012,41284804,60,out/abcd-ml_pasleep_scale_weekly_3_s012_41284804_60.pkl
5204,65.0,47.140227976935144,abcd-ml,pasleep,scale,weekly,3,s012,41284804,60,out/abcd-ml_pasleep_scale_weekly_3_s012_41284804_60.pkl
5205,56.0,44.118002564642445,abcd-ml,pasleep,scale,weekly,3,s012,41284804,60,out/abcd-ml_pasleep_scale_weekly_3_s012_41284804_60.pkl
5206,65.0,47.1249866635173,abcd-ml,pasleep,scale,weekly,3,s012,41284804,60,out/abcd-ml_pasleep_scale_weekly_3_s012_41284804_60.pkl
5207,56.0,44.13521193639282,abcd-ml,pasleep,scale,weekly,3,s012,41284804,60,out/abcd-ml_pasleep_scale_weekly_3_s012_41284804_60.pkl
5208,65.0,47.0018954097564,abcd-ml,pasleep,scale,weekly,3,s012,41284804,60,out/abcd-ml_pasleep_scale_weekly_3_s012_41284804_60.pkl
5209,56.0,44.30134421683704,abcd-ml,pasleep,scale,weekly,3,s012,41284804,60,out/abcd-ml_pasleep_scale_weekly_3_s012_41284804_60.pkl
5210,65.0,47.07517651150668,abcd-ml,pasleep,scale,weekly,3,s012,41284804,60,out/abcd-ml_pasleep_scale_weekly_3_s012_41284804_60.pkl
5211,56.0,44.22021925915999,abcd-ml,pasleep,scale,weekly,3,s012,41284804,60,out/abcd-ml_pasleep_scale_weekly_3_s012_41284804_60.pkl
5212,65.0,48.36753887249693,abcd-ml,pasleep,scale,weekly,3,s012,41284804,60,out/abcd-ml_pasleep_scale_weekly_3_s012_41284804_60.pkl
5213,56.0,44.13252286986902,abcd-ml,pasleep,scale,weekly,3,s012,41284804,60,out/abcd-ml_pasleep_scale_weekly_3_s012_41284804_60.pkl
5214,65.0,48.062189800493364,abcd-ml,pasleep,scale,weekly,3,s012,41284804,60,out/abcd-ml_pasleep_scale_weekly_3_s012_41284804_60.pkl
5215,56.0,44.471800529395054,abcd-ml,pasleep,scale,weekly,3,s012,41284804,60,out/abcd-ml_pasleep_scale_weekly_3_s012_41284804_60.pkl
5216,57.0,47.447239102976575,abcd-ml,pasleep,scale,weekly,3,s012,41284804,60,out/abcd-ml_pasleep_scale_weekly_3_s012_41284804_60.pkl
5217,62.0,44.44021616996888,abcd-ml,pasleep,scale,weekly,3,s012,41284804,60,out/abcd-ml_pasleep_scale_weekly_3_s012_41284804_60.pkl
5218,57.0,47.55546856972092,abcd-ml,pasleep,scale,weekly,3,s012,41284804,60,out/abcd-ml_pasleep_scale_weekly_3_s012_41284804_60.pkl
5219,62.0,44.32141199863089,abcd-ml,pasleep,scale,weekly,3,s012,41284804,60,out/abcd-ml_pasleep_scale_weekly_3_s012_41284804_60.pkl
5220,57.0,47.75628787557548,abcd-ml,pasleep,scale,weekly,3,s012,41284804,60,out/abcd-ml_pasleep_scale_weekly_3_s012_41284804_60.pkl
5221,62.0,44.5750013492312,abcd-ml,pasleep,scale,weekly,3,s012,41284804,60,out/abcd-ml_pasleep_scale_weekly_3_s012_41284804_60.pkl
5222,57.0,47.657900066932015,abcd-ml,pasleep,scale,weekly,3,s012,41284804,60,out/abcd-ml_pasleep_scale_weekly_3_s012_41284804_60.pkl
5223,62.0,44.608927332971874,abcd-ml,pasleep,scale,weekly,3,s012,41284804,60,out/abcd-ml_pasleep_scale_weekly_3_s012_41284804_60.pkl
5224,34.0,48.00946254031457,abcd-ml,pasleep,scale,weekly,3,s012,41284804,60,out/abcd-ml_pasleep_scale_weekly_3_s012_41284804_60.pkl
5225,53.0,44.663468997838066,abcd-ml,pasleep,scale,weekly,3,s012,41284804,60,out/abcd-ml_pasleep_scale_weekly_3_s012_41284804_60.pkl
5226,34.0,48.21613620295413,abcd-ml,pasleep,scale,weekly,3,s012,41284804,60,out/abcd-ml_pasleep_scale_weekly_3_s012_41284804_60.pkl
5227,53.0,44.43493981240144,abcd-ml,pasleep,scale,weekly,3,s012,41284804,60,out/abcd-ml_pasleep_scale_weekly_3_s012_41284804_60.pkl
5228,34.0,48.53014230972762,abcd-ml,pasleep,scale,weekly,3,s012,41284804,60,out/abcd-ml_pasleep_scale_weekly_3_s012_41284804_60.pkl
5229,53.0,44.681135387555,abcd-ml,pasleep,scale,weekly,3,s012,41284804,60,out/abcd-ml_pasleep_scale_weekly_3_s012_41284804_60.pkl
5230,34.0,48.09828358252315,abcd-ml,pasleep,scale,weekly,3,s012,41284804,60,out/abcd-ml_pasleep_scale_weekly_3_s012_41284804_60.pkl
5231,53.0,44.3612091014932,abcd-ml,pasleep,scale,weekly,3,s012,41284804,60,out/abcd-ml_pasleep_scale_weekly_3_s012_41284804_60.pkl
5232,34.0,47.80826500812833,abcd-ml,pasleep,scale,weekly,3,s012,41284804,60,out/abcd-ml_pasleep_scale_weekly_3_s012_41284804_60.pkl
5233,53.0,44.68238714446421,abcd-ml,pasleep,scale,weekly,3,s012,41284804,60,out/abcd-ml_pasleep_scale_weekly_3_s012_41284804_60.pkl
5234,33.0,47.43181666006196,abcd-ml,pasleep,scale,weekly,3,s012,41284804,60,out/abcd-ml_pasleep_scale_weekly_3_s012_41284804_60.pkl
5235,34.0,44.346946110105605,abcd-ml,pasleep,scale,weekly,3,s012,41284804,60,out/abcd-ml_pasleep_scale_weekly_3_s012_41284804_60.pkl
5236,33.0,47.499455462441915,abcd-ml,pasleep,scale,weekly,3,s012,41284804,60,out/abcd-ml_pasleep_scale_weekly_3_s012_41284804_60.pkl
5237,34.0,44.27231367257174,abcd-ml,pasleep,scale,weekly,3,s012,41284804,60,out/abcd-ml_pasleep_scale_weekly_3_s012_41284804_60.pkl
5238,33.0,47.84811874875271,abcd-ml,pasleep,scale,weekly,3,s012,41284804,60,out/abcd-ml_pasleep_scale_weekly_3_s012_41284804_60.pkl
5239,34.0,44.58027257924758,abcd-ml,pasleep,scale,weekly,3,s012,41284804,60,out/abcd-ml_pasleep_scale_weekly_3_s012_41284804_60.pkl
5240,33.0,48.20477165123631,abcd-ml,pasleep,scale,weekly,3,s012,41284804,60,out/abcd-ml_pasleep_scale_weekly_3_s012_41284804_60.pkl
5241,34.0,44.62023338212723,abcd-ml,pasleep,scale,weekly,3,s012,41284804,60,out/abcd-ml_pasleep_scale_weekly_3_s012_41284804_60.pkl
5242,50.0,47.517719987688125,abcd-ml,pasleep,scale,weekly,3,s012,41284804,60,out/abcd-ml_pasleep_scale_weekly_3_s012_41284804_60.pkl
5243,44.0,44.19340568016963,abcd-ml,pasleep,scale,weekly,3,s012,41284804,60,out/abcd-ml_pasleep_scale_weekly_3_s012_41284804_60.pkl
5244,50.0,47.419242915491694,abcd-ml,pasleep,scale,weekly,3,s012,41284804,60,out/abcd-ml_pasleep_scale_weekly_3_s012_41284804_60.pkl
5245,44.0,44.301834595652736,abcd-ml,pasleep,scale,weekly,3,s012,41284804,60,out/abcd-ml_pasleep_scale_weekly_3_s012_41284804_60.pkl
5246,50.0,47.35466483967673,abcd-ml,pasleep,scale,weekly,3,s012,41284804,60,out/abcd-ml_pasleep_scale_weekly_3_s012_41284804_60.pkl
5247,44.0,43.92267664008394,abcd-ml,pasleep,scale,weekly,3,s012,41284804,60,out/abcd-ml_pasleep_scale_weekly_3_s012_41284804_60.pkl
5248,50.0,47.12933947346807,abcd-ml,pasleep,scale,weekly,3,s012,41284804,60,out/abcd-ml_pasleep_scale_weekly_3_s012_41284804_60.pkl
5249,44.0,44.1719185230545,abcd-ml,pasleep,scale,weekly,3,s012,41284804,60,out/abcd-ml_pasleep_scale_weekly_3_s012_41284804_60.pkl
5250,50.0,47.35364108997589,abcd-ml,pasleep,scale,weekly,3,s012,41284804,60,out/abcd-ml_pasleep_scale_weekly_3_s012_41284804_60.pkl
5251,44.0,43.94942008968934,abcd-ml,pasleep,scale,weekly,3,s012,41284804,60,out/abcd-ml_pasleep_scale_weekly_3_s012_41284804_60.pkl
5252,50.0,47.16115415681145,abcd-ml,pasleep,scale,weekly,3,s012,41284804,60,out/abcd-ml_pasleep_scale_weekly_3_s012_41284804_60.pkl
5253,44.0,44.162157484609395,abcd-ml,pasleep,scale,weekly,3,s012,41284804,60,out/abcd-ml_pasleep_scale_weekly_3_s012_41284804_60.pkl
5254,40.0,47.69611192863029,abcd-ml,pasleep,scale,weekly,3,s012,41284804,60,out/abcd-ml_pasleep_scale_weekly_3_s012_41284804_60.pkl
5255,34.0,44.37668700378532,abcd-ml,pasleep,scale,weekly,3,s012,41284804,60,out/abcd-ml_pasleep_scale_weekly_3_s012_41284804_60.pkl
5256,40.0,47.72005686945363,abcd-ml,pasleep,scale,weekly,3,s012,41284804,60,out/abcd-ml_pasleep_scale_weekly_3_s012_41284804_60.pkl
5257,34.0,44.3511959654934,abcd-ml,pasleep,scale,weekly,3,s012,41284804,60,out/abcd-ml_pasleep_scale_weekly_3_s012_41284804_60.pkl
5258,40.0,47.838095595074975,abcd-ml,pasleep,scale,weekly,3,s012,41284804,60,out/abcd-ml_pasleep_scale_weekly_3_s012_41284804_60.pkl
5259,34.0,44.40907056422803,abcd-ml,pasleep,scale,weekly,3,s012,41284804,60,out/abcd-ml_pasleep_scale_weekly_3_s012_41284804_60.pkl
5260,50.0,47.19556033863687,abcd-ml,pasleep,scale,weekly,3,s012,41284804,60,out/abcd-ml_pasleep_scale_weekly_3_s012_41284804_60.pkl
5261,46.0,43.81938095088677,abcd-ml,pasleep,scale,weekly,3,s012,41284804,60,out/abcd-ml_pasleep_scale_weekly_3_s012_41284804_60.pkl
5262,50.0,47.21192264695254,abcd-ml,pasleep,scale,weekly,3,s012,41284804,60,out/abcd-ml_pasleep_scale_weekly_3_s012_41284804_60.pkl
5263,46.0,44.26662138448232,abcd-ml,pasleep,scale,weekly,3,s012,41284804,60,out/abcd-ml_pasleep_scale_weekly_3_s012_41284804_60.pkl
5264,50.0,47.371170531300876,abcd-ml,pasleep,scale,weekly,3,s012,41284804,60,out/abcd-ml_pasleep_scale_weekly_3_s012_41284804_60.pkl
5265,46.0,44.09090778088146,abcd-ml,pasleep,scale,weekly,3,s012,41284804,60,out/abcd-ml_pasleep_scale_weekly_3_s012_41284804_60.pkl
5266,52.0,48.07797952693318,abcd-ml,pasleep,scale,weekly,3,s012,41284804,60,out/abcd-ml_pasleep_scale_weekly_3_s012_41284804_60.pkl
5267,41.0,44.30054607827017,abcd-ml,pasleep,scale,weekly,3,s012,41284804,60,out/abcd-ml_pasleep_scale_weekly_3_s012_41284804_60.pkl
5268,52.0,47.983032921834116,abcd-ml,pasleep,scale,weekly,3,s012,41284804,60,out/abcd-ml_pasleep_scale_weekly_3_s012_41284804_60.pkl
5269,41.0,44.406354772654204,abcd-ml,pasleep,scale,weekly,3,s012,41284804,60,out/abcd-ml_pasleep_scale_weekly_3_s012_41284804_60.pkl
5270,52.0,47.95698714099738,abcd-ml,pasleep,scale,weekly,3,s012,41284804,60,out/abcd-ml_pasleep_scale_weekly_3_s012_41284804_60.pkl
5271,41.0,44.277770831552075,abcd-ml,pasleep,scale,weekly,3,s012,41284804,60,out/abcd-ml_pasleep_scale_weekly_3_s012_41284804_60.pkl
5272,52.0,48.09574002346096,abcd-ml,pasleep,scale,weekly,3,s012,41284804,60,out/abcd-ml_pasleep_scale_weekly_3_s012_41284804_60.pkl
5273,41.0,44.68927050937802,abcd-ml,pasleep,scale,weekly,3,s012,41284804,60,out/abcd-ml_pasleep_scale_weekly_3_s012_41284804_60.pkl
5274,52.0,48.23396462332914,abcd-ml,pasleep,scale,weekly,3,s012,41284804,60,out/abcd-ml_pasleep_scale_weekly_3_s012_41284804_60.pkl
5275,41.0,44.536123795545834,abcd-ml,pasleep,scale,weekly,3,s012,41284804,60,out/abcd-ml_pasleep_scale_weekly_3_s012_41284804_60.pkl
5276,52.0,48.46327806145531,abcd-ml,pasleep,scale,weekly,3,s012,41284804,60,out/abcd-ml_pasleep_scale_weekly_3_s012_41284804_60.pkl
5277,41.0,44.51672348118958,abcd-ml,pasleep,scale,weekly,3,s012,41284804,60,out/abcd-ml_pasleep_scale_weekly_3_s012_41284804_60.pkl
5278,39.0,48.169283502414814,abcd-ml,pasleep,scale,weekly,3,s012,41284804,60,out/abcd-ml_pasleep_scale_weekly_3_s012_41284804_60.pkl
5279,34.0,44.22003913756075,abcd-ml,pasleep,scale,weekly,3,s012,41284804,60,out/abcd-ml_pasleep_scale_weekly_3_s012_41284804_60.pkl
5280,39.0,48.04167108563975,abcd-ml,pasleep,scale,weekly,3,s012,41284804,60,out/abcd-ml_pasleep_scale_weekly_3_s012_41284804_60.pkl
5281,34.0,44.36113728331494,abcd-ml,pasleep,scale,weekly,3,s012,41284804,60,out/abcd-ml_pasleep_scale_weekly_3_s012_41284804_60.pkl
5282,39.0,48.13537960755005,abcd-ml,pasleep,scale,weekly,3,s012,41284804,60,out/abcd-ml_pasleep_scale_weekly_3_s012_41284804_60.pkl
5283,34.0,44.294469364772105,abcd-ml,pasleep,scale,weekly,3,s012,41284804,60,out/abcd-ml_pasleep_scale_weekly_3_s012_41284804_60.pkl
5284,39.0,48.06263840661979,abcd-ml,pasleep,scale,weekly,3,s012,41284804,60,out/abcd-ml_pasleep_scale_weekly_3_s012_41284804_60.pkl
5285,34.0,44.12151157825387,abcd-ml,pasleep,scale,weekly,3,s012,41284804,60,out/abcd-ml_pasleep_scale_weekly_3_s012_41284804_60.pkl
5286,39.0,47.879835234439184,abcd-ml,pasleep,scale,weekly,3,s012,41284804,60,out/abcd-ml_pasleep_scale_weekly_3_s012_41284804_60.pkl
5287,34.0,44.32382245561157,abcd-ml,pasleep,scale,weekly,3,s012,41284804,60,out/abcd-ml_pasleep_scale_weekly_3_s012_41284804_60.pkl
5288,34.0,47.255967774370944,abcd-ml,pasleep,scale,weekly,3,s012,41284804,60,out/abcd-ml_pasleep_scale_weekly_3_s012_41284804_60.pkl
5289,46.0,44.230957092292186,abcd-ml,pasleep,scale,weekly,3,s012,41284804,60,out/abcd-ml_pasleep_scale_weekly_3_s012_41284804_60.pkl
5290,34.0,47.39776515586894,abcd-ml,pasleep,scale,weekly,3,s012,41284804,60,out/abcd-ml_pasleep_scale_weekly_3_s012_41284804_60.pkl
5291,46.0,44.30546645388482,abcd-ml,pasleep,scale,weekly,3,s012,41284804,60,out/abcd-ml_pasleep_scale_weekly_3_s012_41284804_60.pkl
5292,34.0,47.27910439247722,abcd-ml,pasleep,scale,weekly,3,s012,41284804,60,out/abcd-ml_pasleep_scale_weekly_3_s012_41284804_60.pkl
5293,46.0,44.43633980560134,abcd-ml,pasleep,scale,weekly,3,s012,41284804,60,out/abcd-ml_pasleep_scale_weekly_3_s012_41284804_60.pkl
5294,34.0,47.601755700837806,abcd-ml,pasleep,scale,weekly,3,s012,41284804,60,out/abcd-ml_pasleep_scale_weekly_3_s012_41284804_60.pkl
5295,46.0,44.37630767996988,abcd-ml,pasleep,scale,weekly,3,s012,41284804,60,out/abcd-ml_pasleep_scale_weekly_3_s012_41284804_60.pkl
5296,34.0,47.60616989682576,abcd-ml,pasleep,scale,weekly,3,s012,41284804,60,out/abcd-ml_pasleep_scale_weekly_3_s012_41284804_60.pkl
5297,46.0,44.3705516626199,abcd-ml,pasleep,scale,weekly,3,s012,41284804,60,out/abcd-ml_pasleep_scale_weekly_3_s012_41284804_60.pkl
5298,56.0,48.52431433014104,abcd-ml,pasleep,scale,weekly,3,s012,41284804,60,out/abcd-ml_pasleep_scale_weekly_3_s012_41284804_60.pkl
5299,44.0,44.53681027934515,abcd-ml,pasleep,scale,weekly,3,s012,41284804,60,out/abcd-ml_pasleep_scale_weekly_3_s012_41284804_60.pkl
5300,56.0,48.424611584604556,abcd-ml,pasleep,scale,weekly,3,s012,41284804,60,out/abcd-ml_pasleep_scale_weekly_3_s012_41284804_60.pkl
5301,44.0,44.595633790440374,abcd-ml,pasleep,scale,weekly,3,s012,41284804,60,out/abcd-ml_pasleep_scale_weekly_3_s012_41284804_60.pkl
5302,56.0,48.44575405977027,abcd-ml,pasleep,scale,weekly,3,s012,41284804,60,out/abcd-ml_pasleep_scale_weekly_3_s012_41284804_60.pkl
5303,44.0,44.57210604625528,abcd-ml,pasleep,scale,weekly,3,s012,41284804,60,out/abcd-ml_pasleep_scale_weekly_3_s012_41284804_60.pkl
5304,56.0,48.42185270197238,abcd-ml,pasleep,scale,weekly,3,s012,41284804,60,out/abcd-ml_pasleep_scale_weekly_3_s012_41284804_60.pkl
5305,44.0,44.49206949106407,abcd-ml,pasleep,scale,weekly,3,s012,41284804,60,out/abcd-ml_pasleep_scale_weekly_3_s012_41284804_60.pkl
5306,33.0,47.30528932480419,abcd-ml,pasleep,scale,weekly,3,s012,41284804,60,out/abcd-ml_pasleep_scale_weekly_3_s012_41284804_60.pkl
5307,34.0,44.20161615597448,abcd-ml,pasleep,scale,weekly,3,s012,41284804,60,out/abcd-ml_pasleep_scale_weekly_3_s012_41284804_60.pkl
5308,33.0,47.26992645251656,abcd-ml,pasleep,scale,weekly,3,s012,41284804,60,out/abcd-ml_pasleep_scale_weekly_3_s012_41284804_60.pkl
5309,34.0,44.133140609598854,abcd-ml,pasleep,scale,weekly,3,s012,41284804,60,out/abcd-ml_pasleep_scale_weekly_3_s012_41284804_60.pkl
5310,33.0,47.27525234005533,abcd-ml,pasleep,scale,weekly,3,s012,41284804,60,out/abcd-ml_pasleep_scale_weekly_3_s012_41284804_60.pkl
5311,34.0,44.1275567848125,abcd-ml,pasleep,scale,weekly,3,s012,41284804,60,out/abcd-ml_pasleep_scale_weekly_3_s012_41284804_60.pkl
5312,33.0,46.646224089680466,abcd-ml,pasleep,scale,weekly,3,s012,41284804,60,out/abcd-ml_pasleep_scale_weekly_3_s012_41284804_60.pkl
5313,34.0,44.121067423472816,abcd-ml,pasleep,scale,weekly,3,s012,41284804,60,out/abcd-ml_pasleep_scale_weekly_3_s012_41284804_60.pkl
5314,33.0,46.67056543820135,abcd-ml,pasleep,scale,weekly,3,s012,41284804,60,out/abcd-ml_pasleep_scale_weekly_3_s012_41284804_60.pkl
5315,34.0,44.09433017578773,abcd-ml,pasleep,scale,weekly,3,s012,41284804,60,out/abcd-ml_pasleep_scale_weekly_3_s012_41284804_60.pkl
5316,43.0,48.38048452839733,abcd-ml,pasleep,scale,weekly,3,s012,41284804,60,out/abcd-ml_pasleep_scale_weekly_3_s012_41284804_60.pkl
5317,46.0,44.37475915715838,abcd-ml,pasleep,scale,weekly,3,s012,41284804,60,out/abcd-ml_pasleep_scale_weekly_3_s012_41284804_60.pkl
5318,43.0,48.341354714805306,abcd-ml,pasleep,scale,weekly,3,s012,41284804,60,out/abcd-ml_pasleep_scale_weekly_3_s012_41284804_60.pkl
5319,46.0,44.418634249580435,abcd-ml,pasleep,scale,weekly,3,s012,41284804,60,out/abcd-ml_pasleep_scale_weekly_3_s012_41284804_60.pkl
5320,43.0,48.580608709326505,abcd-ml,pasleep,scale,weekly,3,s012,41284804,60,out/abcd-ml_pasleep_scale_weekly_3_s012_41284804_60.pkl
5321,46.0,44.647652606407966,abcd-ml,pasleep,scale,weekly,3,s012,41284804,60,out/abcd-ml_pasleep_scale_weekly_3_s012_41284804_60.pkl
5322,43.0,48.63681624101233,abcd-ml,pasleep,scale,weekly,3,s012,41284804,60,out/abcd-ml_pasleep_scale_weekly_3_s012_41284804_60.pkl
5323,46.0,44.585632908370826,abcd-ml,pasleep,scale,weekly,3,s012,41284804,60,out/abcd-ml_pasleep_scale_weekly_3_s012_41284804_60.pkl
5324,65.0,48.16648136725268,abcd-ml,pasleep,scale,weekly,3,s012,41284804,60,out/abcd-ml_pasleep_scale_weekly_3_s012_41284804_60.pkl
5325,54.0,44.09316176940099,abcd-ml,pasleep,scale,weekly,3,s012,41284804,60,out/abcd-ml_pasleep_scale_weekly_3_s012_41284804_60.pkl
5326,65.0,47.92008344534914,abcd-ml,pasleep,scale,weekly,3,s012,41284804,60,out/abcd-ml_pasleep_scale_weekly_3_s012_41284804_60.pkl
5327,54.0,44.36566377454109,abcd-ml,pasleep,scale,weekly,3,s012,41284804,60,out/abcd-ml_pasleep_scale_weekly_3_s012_41284804_60.pkl
5328,65.0,47.96555988224604,abcd-ml,pasleep,scale,weekly,3,s012,41284804,60,out/abcd-ml_pasleep_scale_weekly_3_s012_41284804_60.pkl
5329,54.0,44.04416447313987,abcd-ml,pasleep,scale,weekly,3,s012,41284804,60,out/abcd-ml_pasleep_scale_weekly_3_s012_41284804_60.pkl
5330,65.0,47.762776929954335,abcd-ml,pasleep,scale,weekly,3,s012,41284804,60,out/abcd-ml_pasleep_scale_weekly_3_s012_41284804_60.pkl
5331,54.0,44.26819579671645,abcd-ml,pasleep,scale,weekly,3,s012,41284804,60,out/abcd-ml_pasleep_scale_weekly_3_s012_41284804_60.pkl
5332,65.0,48.35118517998639,abcd-ml,pasleep,scale,weekly,3,s012,41284804,60,out/abcd-ml_pasleep_scale_weekly_3_s012_41284804_60.pkl
5333,54.0,44.13069109284777,abcd-ml,pasleep,scale,weekly,3,s012,41284804,60,out/abcd-ml_pasleep_scale_weekly_3_s012_41284804_60.pkl
5334,65.0,48.09792104220329,abcd-ml,pasleep,scale,weekly,3,s012,41284804,60,out/abcd-ml_pasleep_scale_weekly_3_s012_41284804_60.pkl
5335,54.0,44.41073462111363,abcd-ml,pasleep,scale,weekly,3,s012,41284804,60,out/abcd-ml_pasleep_scale_weekly_3_s012_41284804_60.pkl
5336,39.0,48.08980310224973,abcd-ml,pasleep,scale,weekly,3,s012,41284804,60,out/abcd-ml_pasleep_scale_weekly_3_s012_41284804_60.pkl
5337,34.0,44.393812469081574,abcd-ml,pasleep,scale,weekly,3,s012,41284804,60,out/abcd-ml_pasleep_scale_weekly_3_s012_41284804_60.pkl
5338,39.0,48.069177624119305,abcd-ml,pasleep,scale,weekly,3,s012,41284804,60,out/abcd-ml_pasleep_scale_weekly_3_s012_41284804_60.pkl
5339,34.0,44.41716835045847,abcd-ml,pasleep,scale,weekly,3,s012,41284804,60,out/abcd-ml_pasleep_scale_weekly_3_s012_41284804_60.pkl
5340,39.0,48.22621976047222,abcd-ml,pasleep,scale,weekly,3,s012,41284804,60,out/abcd-ml_pasleep_scale_weekly_3_s012_41284804_60.pkl
5341,34.0,44.39491433226832,abcd-ml,pasleep,scale,weekly,3,s012,41284804,60,out/abcd-ml_pasleep_scale_weekly_3_s012_41284804_60.pkl
5342,39.0,48.004800586388306,abcd-ml,pasleep,scale,weekly,3,s012,41284804,60,out/abcd-ml_pasleep_scale_weekly_3_s012_41284804_60.pkl
5343,34.0,44.64038757876824,abcd-ml,pasleep,scale,weekly,3,s012,41284804,60,out/abcd-ml_pasleep_scale_weekly_3_s012_41284804_60.pkl
5344,39.0,47.75174947149245,abcd-ml,pasleep,scale,weekly,3,s012,41284804,60,out/abcd-ml_pasleep_scale_weekly_3_s012_41284804_60.pkl
5345,34.0,44.40074369005593,abcd-ml,pasleep,scale,weekly,3,s012,41284804,60,out/abcd-ml_pasleep_scale_weekly_3_s012_41284804_60.pkl
5346,39.0,47.82939341505167,abcd-ml,pasleep,scale,weekly,3,s012,41284804,60,out/abcd-ml_pasleep_scale_weekly_3_s012_41284804_60.pkl
5347,34.0,44.31489913511513,abcd-ml,pasleep,scale,weekly,3,s012,41284804,60,out/abcd-ml_pasleep_scale_weekly_3_s012_41284804_60.pkl
5348,50.0,48.163008073163624,abcd-ml,pasleep,scale,weekly,3,s012,41284804,60,out/abcd-ml_pasleep_scale_weekly_3_s012_41284804_60.pkl
5349,56.0,44.52268120206232,abcd-ml,pasleep,scale,weekly,3,s012,41284804,60,out/abcd-ml_pasleep_scale_weekly_3_s012_41284804_60.pkl
5350,50.0,48.261484401500645,abcd-ml,pasleep,scale,weekly,3,s012,41284804,60,out/abcd-ml_pasleep_scale_weekly_3_s012_41284804_60.pkl
5351,56.0,44.414322621256154,abcd-ml,pasleep,scale,weekly,3,s012,41284804,60,out/abcd-ml_pasleep_scale_weekly_3_s012_41284804_60.pkl
5352,50.0,47.72784164164175,abcd-ml,pasleep,scale,weekly,3,s012,41284804,60,out/abcd-ml_pasleep_scale_weekly_3_s012_41284804_60.pkl
5353,56.0,44.44189067513648,abcd-ml,pasleep,scale,weekly,3,s012,41284804,60,out/abcd-ml_pasleep_scale_weekly_3_s012_41284804_60.pkl
5354,50.0,47.595076558334675,abcd-ml,pasleep,scale,weekly,3,s012,41284804,60,out/abcd-ml_pasleep_scale_weekly_3_s012_41284804_60.pkl
5355,56.0,44.588383312286496,abcd-ml,pasleep,scale,weekly,3,s012,41284804,60,out/abcd-ml_pasleep_scale_weekly_3_s012_41284804_60.pkl
5356,50.0,48.21315727311192,abcd-ml,pasleep,scale,weekly,3,s012,41284804,60,out/abcd-ml_pasleep_scale_weekly_3_s012_41284804_60.pkl
5357,56.0,44.405609406560686,abcd-ml,pasleep,scale,weekly,3,s012,41284804,60,out/abcd-ml_pasleep_scale_weekly_3_s012_41284804_60.pkl
5358,50.0,48.10920311644987,abcd-ml,pasleep,scale,weekly,3,s012,41284804,60,out/abcd-ml_pasleep_scale_weekly_3_s012_41284804_60.pkl
5359,56.0,44.52196078915261,abcd-ml,pasleep,scale,weekly,3,s012,41284804,60,out/abcd-ml_pasleep_scale_weekly_3_s012_41284804_60.pkl
5360,34.0,47.841850509123496,abcd-ml,pasleep,scale,weekly,3,s012,41284804,60,out/abcd-ml_pasleep_scale_weekly_3_s012_41284804_60.pkl
5361,33.0,44.56133106023155,abcd-ml,pasleep,scale,weekly,3,s012,41284804,60,out/abcd-ml_pasleep_scale_weekly_3_s012_41284804_60.pkl
5362,34.0,47.98058442672397,abcd-ml,pasleep,scale,weekly,3,s012,41284804,60,out/abcd-ml_pasleep_scale_weekly_3_s012_41284804_60.pkl
5363,33.0,44.40865385189002,abcd-ml,pasleep,scale,weekly,3,s012,41284804,60,out/abcd-ml_pasleep_scale_weekly_3_s012_41284804_60.pkl
5364,33.0,47.556105952431196,abcd-ml,pasleep,scale,weekly,3,s012,41284804,60,out/abcd-ml_pasleep_scale_weekly_3_s012_41284804_60.pkl
5365,34.0,44.37093111592416,abcd-ml,pasleep,scale,weekly,3,s012,41284804,60,out/abcd-ml_pasleep_scale_weekly_3_s012_41284804_60.pkl
5366,33.0,47.62814929204602,abcd-ml,pasleep,scale,weekly,3,s012,41284804,60,out/abcd-ml_pasleep_scale_weekly_3_s012_41284804_60.pkl
5367,34.0,44.290584481601954,abcd-ml,pasleep,scale,weekly,3,s012,41284804,60,out/abcd-ml_pasleep_scale_weekly_3_s012_41284804_60.pkl
5368,33.0,47.41886183933394,abcd-ml,pasleep,scale,weekly,3,s012,41284804,60,out/abcd-ml_pasleep_scale_weekly_3_s012_41284804_60.pkl
5369,34.0,44.06579663574278,abcd-ml,pasleep,scale,weekly,3,s012,41284804,60,out/abcd-ml_pasleep_scale_weekly_3_s012_41284804_60.pkl
5370,33.0,47.332410997964985,abcd-ml,pasleep,scale,weekly,3,s012,41284804,60,out/abcd-ml_pasleep_scale_weekly_3_s012_41284804_60.pkl
5371,34.0,44.16140173897679,abcd-ml,pasleep,scale,weekly,3,s012,41284804,60,out/abcd-ml_pasleep_scale_weekly_3_s012_41284804_60.pkl
5372,33.0,47.84171558032058,abcd-ml,pasleep,scale,weekly,3,s012,41284804,60,out/abcd-ml_pasleep_scale_weekly_3_s012_41284804_60.pkl
5373,34.0,44.42815718877371,abcd-ml,pasleep,scale,weekly,3,s012,41284804,60,out/abcd-ml_pasleep_scale_weekly_3_s012_41284804_60.pkl
5374,33.0,47.85438956896927,abcd-ml,pasleep,scale,weekly,3,s012,41284804,60,out/abcd-ml_pasleep_scale_weekly_3_s012_41284804_60.pkl
5375,34.0,44.41452397791532,abcd-ml,pasleep,scale,weekly,3,s012,41284804,60,out/abcd-ml_pasleep_scale_weekly_3_s012_41284804_60.pkl
5376,34.0,48.269023814194824,abcd-ml,pasleep,scale,weekly,3,s012,41284804,60,out/abcd-ml_pasleep_scale_weekly_3_s012_41284804_60.pkl
5377,33.0,44.315457317831104,abcd-ml,pasleep,scale,weekly,3,s012,41284804,60,out/abcd-ml_pasleep_scale_weekly_3_s012_41284804_60.pkl
5378,34.0,48.19289646049389,abcd-ml,pasleep,scale,weekly,3,s012,41284804,60,out/abcd-ml_pasleep_scale_weekly_3_s012_41284804_60.pkl
5379,33.0,44.40010178189156,abcd-ml,pasleep,scale,weekly,3,s012,41284804,60,out/abcd-ml_pasleep_scale_weekly_3_s012_41284804_60.pkl
5380,34.0,48.09191396892751,abcd-ml,pasleep,scale,weekly,3,s012,41284804,60,out/abcd-ml_pasleep_scale_weekly_3_s012_41284804_60.pkl
5381,33.0,44.44570790066349,abcd-ml,pasleep,scale,weekly,3,s012,41284804,60,out/abcd-ml_pasleep_scale_weekly_3_s012_41284804_60.pkl
5382,34.0,48.0806375368558,abcd-ml,pasleep,scale,weekly,3,s012,41284804,60,out/abcd-ml_pasleep_scale_weekly_3_s012_41284804_60.pkl
5383,33.0,44.4581637792993,abcd-ml,pasleep,scale,weekly,3,s012,41284804,60,out/abcd-ml_pasleep_scale_weekly_3_s012_41284804_60.pkl
5384,34.0,47.84656673355701,abcd-ml,pasleep,scale,weekly,3,s012,41284804,60,out/abcd-ml_pasleep_scale_weekly_3_s012_41284804_60.pkl
5385,33.0,44.39630417194379,abcd-ml,pasleep,scale,weekly,3,s012,41284804,60,out/abcd-ml_pasleep_scale_weekly_3_s012_41284804_60.pkl
5386,34.0,47.84518163374412,abcd-ml,pasleep,scale,weekly,3,s012,41284804,60,out/abcd-ml_pasleep_scale_weekly_3_s012_41284804_60.pkl
5387,33.0,44.397832392208386,abcd-ml,pasleep,scale,weekly,3,s012,41284804,60,out/abcd-ml_pasleep_scale_weekly_3_s012_41284804_60.pkl
5388,45.0,47.84572048491234,abcd-ml,pasleep,scale,weekly,3,s012,41284804,60,out/abcd-ml_pasleep_scale_weekly_3_s012_41284804_60.pkl
5389,40.0,44.239975809642495,abcd-ml,pasleep,scale,weekly,3,s012,41284804,60,out/abcd-ml_pasleep_scale_weekly_3_s012_41284804_60.pkl
5390,45.0,47.723472027645705,abcd-ml,pasleep,scale,weekly,3,s012,41284804,60,out/abcd-ml_pasleep_scale_weekly_3_s012_41284804_60.pkl
5391,40.0,44.374989656964004,abcd-ml,pasleep,scale,weekly,3,s012,41284804,60,out/abcd-ml_pasleep_scale_weekly_3_s012_41284804_60.pkl
5392,45.0,47.53426430491782,abcd-ml,pasleep,scale,weekly,3,s012,41284804,60,out/abcd-ml_pasleep_scale_weekly_3_s012_41284804_60.pkl
5393,40.0,44.103045145663515,abcd-ml,pasleep,scale,weekly,3,s012,41284804,60,out/abcd-ml_pasleep_scale_weekly_3_s012_41284804_60.pkl
5394,45.0,47.64043471986062,abcd-ml,pasleep,scale,weekly,3,s012,41284804,60,out/abcd-ml_pasleep_scale_weekly_3_s012_41284804_60.pkl
5395,40.0,44.02369428270151,abcd-ml,pasleep,scale,weekly,3,s012,41284804,60,out/abcd-ml_pasleep_scale_weekly_3_s012_41284804_60.pkl
5396,45.0,47.482299373878725,abcd-ml,pasleep,scale,weekly,3,s012,41284804,60,out/abcd-ml_pasleep_scale_weekly_3_s012_41284804_60.pkl
5397,40.0,44.19847421209364,abcd-ml,pasleep,scale,weekly,3,s012,41284804,60,out/abcd-ml_pasleep_scale_weekly_3_s012_41284804_60.pkl
5398,50.0,47.62325077654331,abcd-ml,pasleep,scale,weekly,3,s012,41284804,60,out/abcd-ml_pasleep_scale_weekly_3_s012_41284804_60.pkl
5399,34.0,44.29210558092098,abcd-ml,pasleep,scale,weekly,3,s012,41284804,60,out/abcd-ml_pasleep_scale_weekly_3_s012_41284804_60.pkl
5400,50.0,47.59576469498238,abcd-ml,pasleep,scale,weekly,3,s012,41284804,60,out/abcd-ml_pasleep_scale_weekly_3_s012_41284804_60.pkl
5401,34.0,44.32274998213225,abcd-ml,pasleep,scale,weekly,3,s012,41284804,60,out/abcd-ml_pasleep_scale_weekly_3_s012_41284804_60.pkl
5402,50.0,47.4675649853477,abcd-ml,pasleep,scale,weekly,3,s012,41284804,60,out/abcd-ml_pasleep_scale_weekly_3_s012_41284804_60.pkl
5403,34.0,44.190626296423616,abcd-ml,pasleep,scale,weekly,3,s012,41284804,60,out/abcd-ml_pasleep_scale_weekly_3_s012_41284804_60.pkl
5404,50.0,47.70346173546137,abcd-ml,pasleep,scale,weekly,3,s012,41284804,60,out/abcd-ml_pasleep_scale_weekly_3_s012_41284804_60.pkl
5405,34.0,44.46786427592892,abcd-ml,pasleep,scale,weekly,3,s012,41284804,60,out/abcd-ml_pasleep_scale_weekly_3_s012_41284804_60.pkl
5406,50.0,47.784302049644914,abcd-ml,pasleep,scale,weekly,3,s012,41284804,60,out/abcd-ml_pasleep_scale_weekly_3_s012_41284804_60.pkl
5407,34.0,44.37814136689262,abcd-ml,pasleep,scale,weekly,3,s012,41284804,60,out/abcd-ml_pasleep_scale_weekly_3_s012_41284804_60.pkl
5408,68.0,48.09362036085227,abcd-ml,pasleep,scale,weekly,3,s012,41284804,60,out/abcd-ml_pasleep_scale_weekly_3_s012_41284804_60.pkl
5409,34.0,44.565500458245936,abcd-ml,pasleep,scale,weekly,3,s012,41284804,60,out/abcd-ml_pasleep_scale_weekly_3_s012_41284804_60.pkl
5410,68.0,48.10515589469334,abcd-ml,pasleep,scale,weekly,3,s012,41284804,60,out/abcd-ml_pasleep_scale_weekly_3_s012_41284804_60.pkl
5411,34.0,44.552772228166724,abcd-ml,pasleep,scale,weekly,3,s012,41284804,60,out/abcd-ml_pasleep_scale_weekly_3_s012_41284804_60.pkl
5412,68.0,48.52124530458669,abcd-ml,pasleep,scale,weekly,3,s012,41284804,60,out/abcd-ml_pasleep_scale_weekly_3_s012_41284804_60.pkl
5413,34.0,44.630581056858894,abcd-ml,pasleep,scale,weekly,3,s012,41284804,60,out/abcd-ml_pasleep_scale_weekly_3_s012_41284804_60.pkl
5414,68.0,48.51961291937763,abcd-ml,pasleep,scale,weekly,3,s012,41284804,60,out/abcd-ml_pasleep_scale_weekly_3_s012_41284804_60.pkl
5415,34.0,44.63238217711337,abcd-ml,pasleep,scale,weekly,3,s012,41284804,60,out/abcd-ml_pasleep_scale_weekly_3_s012_41284804_60.pkl
5416,68.0,48.53347548353268,abcd-ml,pasleep,scale,weekly,3,s012,41284804,60,out/abcd-ml_pasleep_scale_weekly_3_s012_41284804_60.pkl
5417,34.0,44.532442360229474,abcd-ml,pasleep,scale,weekly,3,s012,41284804,60,out/abcd-ml_pasleep_scale_weekly_3_s012_41284804_60.pkl
5418,58.0,47.86852885658848,abcd-ml,pasleep,scale,weekly,3,s012,41284804,60,out/abcd-ml_pasleep_scale_weekly_3_s012_41284804_60.pkl
5419,53.0,44.145608595969264,abcd-ml,pasleep,scale,weekly,3,s012,41284804,60,out/abcd-ml_pasleep_scale_weekly_3_s012_41284804_60.pkl
5420,58.0,47.692299289995155,abcd-ml,pasleep,scale,weekly,3,s012,41284804,60,out/abcd-ml_pasleep_scale_weekly_3_s012_41284804_60.pkl
5421,53.0,44.34061515256366,abcd-ml,pasleep,scale,weekly,3,s012,41284804,60,out/abcd-ml_pasleep_scale_weekly_3_s012_41284804_60.pkl
5422,58.0,48.01884311398089,abcd-ml,pasleep,scale,weekly,3,s012,41284804,60,out/abcd-ml_pasleep_scale_weekly_3_s012_41284804_60.pkl
5423,53.0,44.21922124072199,abcd-ml,pasleep,scale,weekly,3,s012,41284804,60,out/abcd-ml_pasleep_scale_weekly_3_s012_41284804_60.pkl
5424,58.0,47.94766810650972,abcd-ml,pasleep,scale,weekly,3,s012,41284804,60,out/abcd-ml_pasleep_scale_weekly_3_s012_41284804_60.pkl
5425,53.0,44.29753351461824,abcd-ml,pasleep,scale,weekly,3,s012,41284804,60,out/abcd-ml_pasleep_scale_weekly_3_s012_41284804_60.pkl
5426,58.0,48.24123717722247,abcd-ml,pasleep,scale,weekly,3,s012,41284804,60,out/abcd-ml_pasleep_scale_weekly_3_s012_41284804_60.pkl
5427,53.0,44.099258165165615,abcd-ml,pasleep,scale,weekly,3,s012,41284804,60,out/abcd-ml_pasleep_scale_weekly_3_s012_41284804_60.pkl
5428,58.0,48.045900597670425,abcd-ml,pasleep,scale,weekly,3,s012,41284804,60,out/abcd-ml_pasleep_scale_weekly_3_s012_41284804_60.pkl
5429,53.0,44.31540283691111,abcd-ml,pasleep,scale,weekly,3,s012,41284804,60,out/abcd-ml_pasleep_scale_weekly_3_s012_41284804_60.pkl
5430,52.0,48.1781006845969,abcd-ml,pasleep,scale,weekly,3,s012,41284804,60,out/abcd-ml_pasleep_scale_weekly_3_s012_41284804_60.pkl
5431,49.0,44.609648489483064,abcd-ml,pasleep,scale,weekly,3,s012,41284804,60,out/abcd-ml_pasleep_scale_weekly_3_s012_41284804_60.pkl
5432,52.0,47.991985451296095,abcd-ml,pasleep,scale,weekly,3,s012,41284804,60,out/abcd-ml_pasleep_scale_weekly_3_s012_41284804_60.pkl
5433,49.0,44.703202347834136,abcd-ml,pasleep,scale,weekly,3,s012,41284804,60,out/abcd-ml_pasleep_scale_weekly_3_s012_41284804_60.pkl
5434,52.0,48.2489125824286,abcd-ml,pasleep,scale,weekly,3,s012,41284804,60,out/abcd-ml_pasleep_scale_weekly_3_s012_41284804_60.pkl
5435,49.0,44.41887761127298,abcd-ml,pasleep,scale,weekly,3,s012,41284804,60,out/abcd-ml_pasleep_scale_weekly_3_s012_41284804_60.pkl
5436,52.0,48.13781900842481,abcd-ml,pasleep,scale,weekly,3,s012,41284804,60,out/abcd-ml_pasleep_scale_weekly_3_s012_41284804_60.pkl
5437,49.0,44.5738864528717,abcd-ml,pasleep,scale,weekly,3,s012,41284804,60,out/abcd-ml_pasleep_scale_weekly_3_s012_41284804_60.pkl
5438,52.0,48.24725815614974,abcd-ml,pasleep,scale,weekly,3,s012,41284804,60,out/abcd-ml_pasleep_scale_weekly_3_s012_41284804_60.pkl
5439,49.0,44.45329206768606,abcd-ml,pasleep,scale,weekly,3,s012,41284804,60,out/abcd-ml_pasleep_scale_weekly_3_s012_41284804_60.pkl
5440,50.0,48.61178771157196,abcd-ml,pasleep,scale,weekly,3,s012,41284804,60,out/abcd-ml_pasleep_scale_weekly_3_s012_41284804_60.pkl
5441,51.0,43.85085201070325,abcd-ml,pasleep,scale,weekly,3,s012,41284804,60,out/abcd-ml_pasleep_scale_weekly_3_s012_41284804_60.pkl
5442,50.0,48.11125909702471,abcd-ml,pasleep,scale,weekly,3,s012,41284804,60,out/abcd-ml_pasleep_scale_weekly_3_s012_41284804_60.pkl
5443,51.0,44.405528061352214,abcd-ml,pasleep,scale,weekly,3,s012,41284804,60,out/abcd-ml_pasleep_scale_weekly_3_s012_41284804_60.pkl
5444,50.0,47.78235002412377,abcd-ml,pasleep,scale,weekly,3,s012,41284804,60,out/abcd-ml_pasleep_scale_weekly_3_s012_41284804_60.pkl
5445,51.0,44.37116018140585,abcd-ml,pasleep,scale,weekly,3,s012,41284804,60,out/abcd-ml_pasleep_scale_weekly_3_s012_41284804_60.pkl
5446,50.0,47.74091143570468,abcd-ml,pasleep,scale,weekly,3,s012,41284804,60,out/abcd-ml_pasleep_scale_weekly_3_s012_41284804_60.pkl
5447,51.0,44.4183477451336,abcd-ml,pasleep,scale,weekly,3,s012,41284804,60,out/abcd-ml_pasleep_scale_weekly_3_s012_41284804_60.pkl
5448,50.0,47.598312542253154,abcd-ml,pasleep,scale,weekly,3,s012,41284804,60,out/abcd-ml_pasleep_scale_weekly_3_s012_41284804_60.pkl
5449,51.0,44.26251492002028,abcd-ml,pasleep,scale,weekly,3,s012,41284804,60,out/abcd-ml_pasleep_scale_weekly_3_s012_41284804_60.pkl
5450,34.0,47.834185047102885,abcd-ml,pasleep,scale,weekly,3,s012,41284804,60,out/abcd-ml_pasleep_scale_weekly_3_s012_41284804_60.pkl
5451,34.0,44.43848161196818,abcd-ml,pasleep,scale,weekly,3,s012,41284804,60,out/abcd-ml_pasleep_scale_weekly_3_s012_41284804_60.pkl
5452,34.0,47.812421420098225,abcd-ml,pasleep,scale,weekly,3,s012,41284804,60,out/abcd-ml_pasleep_scale_weekly_3_s012_41284804_60.pkl
5453,34.0,44.46313836452671,abcd-ml,pasleep,scale,weekly,3,s012,41284804,60,out/abcd-ml_pasleep_scale_weekly_3_s012_41284804_60.pkl
5454,34.0,47.80594576946663,abcd-ml,pasleep,scale,weekly,3,s012,41284804,60,out/abcd-ml_pasleep_scale_weekly_3_s012_41284804_60.pkl
5455,34.0,44.414042394157505,abcd-ml,pasleep,scale,weekly,3,s012,41284804,60,out/abcd-ml_pasleep_scale_weekly_3_s012_41284804_60.pkl
5456,34.0,47.894588321139125,abcd-ml,pasleep,scale,weekly,3,s012,41284804,60,out/abcd-ml_pasleep_scale_weekly_3_s012_41284804_60.pkl
5457,34.0,44.31606011041981,abcd-ml,pasleep,scale,weekly,3,s012,41284804,60,out/abcd-ml_pasleep_scale_weekly_3_s012_41284804_60.pkl
5458,34.0,48.19503874833778,abcd-ml,pasleep,scale,weekly,3,s012,41284804,60,out/abcd-ml_pasleep_scale_weekly_3_s012_41284804_60.pkl
5459,34.0,44.41566329115193,abcd-ml,pasleep,scale,weekly,3,s012,41284804,60,out/abcd-ml_pasleep_scale_weekly_3_s012_41284804_60.pkl
5460,34.0,48.03355427540826,abcd-ml,pasleep,scale,weekly,3,s012,41284804,60,out/abcd-ml_pasleep_scale_weekly_3_s012_41284804_60.pkl
5461,34.0,44.59458532320497,abcd-ml,pasleep,scale,weekly,3,s012,41284804,60,out/abcd-ml_pasleep_scale_weekly_3_s012_41284804_60.pkl
5462,45.0,48.343187075937884,abcd-ml,pasleep,scale,weekly,3,s012,41284804,60,out/abcd-ml_pasleep_scale_weekly_3_s012_41284804_60.pkl
5463,34.0,44.591926697446624,abcd-ml,pasleep,scale,weekly,3,s012,41284804,60,out/abcd-ml_pasleep_scale_weekly_3_s012_41284804_60.pkl
5464,45.0,48.45531391307495,abcd-ml,pasleep,scale,weekly,3,s012,41284804,60,out/abcd-ml_pasleep_scale_weekly_3_s012_41284804_60.pkl
5465,34.0,44.46820623464744,abcd-ml,pasleep,scale,weekly,3,s012,41284804,60,out/abcd-ml_pasleep_scale_weekly_3_s012_41284804_60.pkl
5466,58.0,47.399205174654824,abcd-ml,pasleep,scale,weekly,3,s012,41284804,60,out/abcd-ml_pasleep_scale_weekly_3_s012_41284804_60.pkl
5467,50.0,44.443282554437815,abcd-ml,pasleep,scale,weekly,3,s012,41284804,60,out/abcd-ml_pasleep_scale_weekly_3_s012_41284804_60.pkl
5468,58.0,47.389520114003886,abcd-ml,pasleep,scale,weekly,3,s012,41284804,60,out/abcd-ml_pasleep_scale_weekly_3_s012_41284804_60.pkl
5469,50.0,44.3300546026495,abcd-ml,pasleep,scale,weekly,3,s012,41284804,60,out/abcd-ml_pasleep_scale_weekly_3_s012_41284804_60.pkl
5470,58.0,47.791684610961894,abcd-ml,pasleep,scale,weekly,3,s012,41284804,60,out/abcd-ml_pasleep_scale_weekly_3_s012_41284804_60.pkl
5471,50.0,44.2249213717784,abcd-ml,pasleep,scale,weekly,3,s012,41284804,60,out/abcd-ml_pasleep_scale_weekly_3_s012_41284804_60.pkl
5472,58.0,47.581876384117834,abcd-ml,pasleep,scale,weekly,3,s012,41284804,60,out/abcd-ml_pasleep_scale_weekly_3_s012_41284804_60.pkl
5473,50.0,44.45662006469394,abcd-ml,pasleep,scale,weekly,3,s012,41284804,60,out/abcd-ml_pasleep_scale_weekly_3_s012_41284804_60.pkl
5474,39.0,47.30667319086936,abcd-ml,pasleep,scale,weekly,3,s012,41284804,60,out/abcd-ml_pasleep_scale_weekly_3_s012_41284804_60.pkl
5475,34.0,44.55907817073374,abcd-ml,pasleep,scale,weekly,3,s012,41284804,60,out/abcd-ml_pasleep_scale_weekly_3_s012_41284804_60.pkl
5476,39.0,47.512172519238305,abcd-ml,pasleep,scale,weekly,3,s012,41284804,60,out/abcd-ml_pasleep_scale_weekly_3_s012_41284804_60.pkl
5477,34.0,44.33151284931827,abcd-ml,pasleep,scale,weekly,3,s012,41284804,60,out/abcd-ml_pasleep_scale_weekly_3_s012_41284804_60.pkl
5478,39.0,47.46288045992777,abcd-ml,pasleep,scale,weekly,3,s012,41284804,60,out/abcd-ml_pasleep_scale_weekly_3_s012_41284804_60.pkl
5479,34.0,44.328102773356925,abcd-ml,pasleep,scale,weekly,3,s012,41284804,60,out/abcd-ml_pasleep_scale_weekly_3_s012_41284804_60.pkl
5480,39.0,47.54783691997466,abcd-ml,pasleep,scale,weekly,3,s012,41284804,60,out/abcd-ml_pasleep_scale_weekly_3_s012_41284804_60.pkl
5481,34.0,44.23436196557804,abcd-ml,pasleep,scale,weekly,3,s012,41284804,60,out/abcd-ml_pasleep_scale_weekly_3_s012_41284804_60.pkl
5482,39.0,47.505424984337495,abcd-ml,pasleep,scale,weekly,3,s012,41284804,60,out/abcd-ml_pasleep_scale_weekly_3_s012_41284804_60.pkl
5483,34.0,44.223615867989054,abcd-ml,pasleep,scale,weekly,3,s012,41284804,60,out/abcd-ml_pasleep_scale_weekly_3_s012_41284804_60.pkl
5484,39.0,47.49865461878678,abcd-ml,pasleep,scale,weekly,3,s012,41284804,60,out/abcd-ml_pasleep_scale_weekly_3_s012_41284804_60.pkl
5485,34.0,44.23167348676112,abcd-ml,pasleep,scale,weekly,3,s012,41284804,60,out/abcd-ml_pasleep_scale_weekly_3_s012_41284804_60.pkl
5486,55.0,49.085495079690574,abcd-ml,pasleep,scale,weekly,3,s012,41284804,60,out/abcd-ml_pasleep_scale_weekly_3_s012_41284804_60.pkl
5487,53.0,44.62506040716039,abcd-ml,pasleep,scale,weekly,3,s012,41284804,60,out/abcd-ml_pasleep_scale_weekly_3_s012_41284804_60.pkl
5488,55.0,49.05402721124584,abcd-ml,pasleep,scale,weekly,3,s012,41284804,60,out/abcd-ml_pasleep_scale_weekly_3_s012_41284804_60.pkl
5489,53.0,44.65978218367033,abcd-ml,pasleep,scale,weekly,3,s012,41284804,60,out/abcd-ml_pasleep_scale_weekly_3_s012_41284804_60.pkl
5490,55.0,48.92845848597767,abcd-ml,pasleep,scale,weekly,3,s012,41284804,60,out/abcd-ml_pasleep_scale_weekly_3_s012_41284804_60.pkl
5491,53.0,44.64094510450485,abcd-ml,pasleep,scale,weekly,3,s012,41284804,60,out/abcd-ml_pasleep_scale_weekly_3_s012_41284804_60.pkl
5492,55.0,49.15960486743917,abcd-ml,pasleep,scale,weekly,3,s012,41284804,60,out/abcd-ml_pasleep_scale_weekly_3_s012_41284804_60.pkl
5493,53.0,44.6961428196411,abcd-ml,pasleep,scale,weekly,3,s012,41284804,60,out/abcd-ml_pasleep_scale_weekly_3_s012_41284804_60.pkl
5494,40.0,47.930304400619626,abcd-ml,pasleep,scale,weekly,3,s012,41284804,60,out/abcd-ml_pasleep_scale_weekly_3_s012_41284804_60.pkl
5495,34.0,44.21093515469602,abcd-ml,pasleep,scale,weekly,3,s012,41284804,60,out/abcd-ml_pasleep_scale_weekly_3_s012_41284804_60.pkl
5496,40.0,47.73084877135365,abcd-ml,pasleep,scale,weekly,3,s012,41284804,60,out/abcd-ml_pasleep_scale_weekly_3_s012_41284804_60.pkl
5497,34.0,44.431616162717546,abcd-ml,pasleep,scale,weekly,3,s012,41284804,60,out/abcd-ml_pasleep_scale_weekly_3_s012_41284804_60.pkl
5498,40.0,47.665770383063105,abcd-ml,pasleep,scale,weekly,3,s012,41284804,60,out/abcd-ml_pasleep_scale_weekly_3_s012_41284804_60.pkl
5499,34.0,44.3631337545415,abcd-ml,pasleep,scale,weekly,3,s012,41284804,60,out/abcd-ml_pasleep_scale_weekly_3_s012_41284804_60.pkl
5500,40.0,47.75533879019344,abcd-ml,pasleep,scale,weekly,3,s012,41284804,60,out/abcd-ml_pasleep_scale_weekly_3_s012_41284804_60.pkl
5501,34.0,44.26451623127069,abcd-ml,pasleep,scale,weekly,3,s012,41284804,60,out/abcd-ml_pasleep_scale_weekly_3_s012_41284804_60.pkl
5502,40.0,47.52450819884454,abcd-ml,pasleep,scale,weekly,3,s012,41284804,60,out/abcd-ml_pasleep_scale_weekly_3_s012_41284804_60.pkl
5503,34.0,44.27428438495172,abcd-ml,pasleep,scale,weekly,3,s012,41284804,60,out/abcd-ml_pasleep_scale_weekly_3_s012_41284804_60.pkl
5504,40.0,47.44123957584455,abcd-ml,pasleep,scale,weekly,3,s012,41284804,60,out/abcd-ml_pasleep_scale_weekly_3_s012_41284804_60.pkl
5505,34.0,44.36763111128724,abcd-ml,pasleep,scale,weekly,3,s012,41284804,60,out/abcd-ml_pasleep_scale_weekly_3_s012_41284804_60.pkl
5506,43.0,48.38937173272947,abcd-ml,pasleep,scale,weekly,3,s012,41284804,60,out/abcd-ml_pasleep_scale_weekly_3_s012_41284804_60.pkl
5507,34.0,44.0230959902559,abcd-ml,pasleep,scale,weekly,3,s012,41284804,60,out/abcd-ml_pasleep_scale_weekly_3_s012_41284804_60.pkl
5508,43.0,47.98582292528181,abcd-ml,pasleep,scale,weekly,3,s012,41284804,60,out/abcd-ml_pasleep_scale_weekly_3_s012_41284804_60.pkl
5509,34.0,44.470744455889005,abcd-ml,pasleep,scale,weekly,3,s012,41284804,60,out/abcd-ml_pasleep_scale_weekly_3_s012_41284804_60.pkl
5510,43.0,48.44093009614281,abcd-ml,pasleep,scale,weekly,3,s012,41284804,60,out/abcd-ml_pasleep_scale_weekly_3_s012_41284804_60.pkl
5511,34.0,44.57706360132426,abcd-ml,pasleep,scale,weekly,3,s012,41284804,60,out/abcd-ml_pasleep_scale_weekly_3_s012_41284804_60.pkl
5512,48.0,48.19515423245855,abcd-ml,pasleep,scale,weekly,3,s012,41284804,60,out/abcd-ml_pasleep_scale_weekly_3_s012_41284804_60.pkl
5513,34.0,44.60560688828923,abcd-ml,pasleep,scale,weekly,3,s012,41284804,60,out/abcd-ml_pasleep_scale_weekly_3_s012_41284804_60.pkl
5514,48.0,48.330225222642895,abcd-ml,pasleep,scale,weekly,3,s012,41284804,60,out/abcd-ml_pasleep_scale_weekly_3_s012_41284804_60.pkl
5515,34.0,44.45624118476479,abcd-ml,pasleep,scale,weekly,3,s012,41284804,60,out/abcd-ml_pasleep_scale_weekly_3_s012_41284804_60.pkl
5516,48.0,48.14447976304852,abcd-ml,pasleep,scale,weekly,3,s012,41284804,60,out/abcd-ml_pasleep_scale_weekly_3_s012_41284804_60.pkl
5517,34.0,44.4761158483756,abcd-ml,pasleep,scale,weekly,3,s012,41284804,60,out/abcd-ml_pasleep_scale_weekly_3_s012_41284804_60.pkl
5518,48.0,48.20602322518688,abcd-ml,pasleep,scale,weekly,3,s012,41284804,60,out/abcd-ml_pasleep_scale_weekly_3_s012_41284804_60.pkl
5519,34.0,44.40834878878743,abcd-ml,pasleep,scale,weekly,3,s012,41284804,60,out/abcd-ml_pasleep_scale_weekly_3_s012_41284804_60.pkl
5520,48.0,47.95269475847426,abcd-ml,pasleep,scale,weekly,3,s012,41284804,60,out/abcd-ml_pasleep_scale_weekly_3_s012_41284804_60.pkl
5521,34.0,44.41382196074785,abcd-ml,pasleep,scale,weekly,3,s012,41284804,60,out/abcd-ml_pasleep_scale_weekly_3_s012_41284804_60.pkl
5522,50.0,47.898302031246416,abcd-ml,pasleep,scale,weekly,3,s012,41284804,60,out/abcd-ml_pasleep_scale_weekly_3_s012_41284804_60.pkl
5523,40.0,44.174340700226665,abcd-ml,pasleep,scale,weekly,3,s012,41284804,60,out/abcd-ml_pasleep_scale_weekly_3_s012_41284804_60.pkl
5524,50.0,47.96228555644495,abcd-ml,pasleep,scale,weekly,3,s012,41284804,60,out/abcd-ml_pasleep_scale_weekly_3_s012_41284804_60.pkl
5525,40.0,44.06650139220335,abcd-ml,pasleep,scale,weekly,3,s012,41284804,60,out/abcd-ml_pasleep_scale_weekly_3_s012_41284804_60.pkl
5526,50.0,48.11867999397296,abcd-ml,pasleep,scale,weekly,3,s012,41284804,60,out/abcd-ml_pasleep_scale_weekly_3_s012_41284804_60.pkl
5527,40.0,44.16428874780293,abcd-ml,pasleep,scale,weekly,3,s012,41284804,60,out/abcd-ml_pasleep_scale_weekly_3_s012_41284804_60.pkl
5528,60.0,47.8296107683749,abcd-ml,pasleep,scale,weekly,3,s012,41284804,60,out/abcd-ml_pasleep_scale_weekly_3_s012_41284804_60.pkl
5529,77.0,44.32109629245427,abcd-ml,pasleep,scale,weekly,3,s012,41284804,60,out/abcd-ml_pasleep_scale_weekly_3_s012_41284804_60.pkl
5530,60.0,47.773527291490254,abcd-ml,pasleep,scale,weekly,3,s012,41284804,60,out/abcd-ml_pasleep_scale_weekly_3_s012_41284804_60.pkl
5531,77.0,44.38310278816289,abcd-ml,pasleep,scale,weekly,3,s012,41284804,60,out/abcd-ml_pasleep_scale_weekly_3_s012_41284804_60.pkl
5532,60.0,48.41484107265588,abcd-ml,pasleep,scale,weekly,3,s012,41284804,60,out/abcd-ml_pasleep_scale_weekly_3_s012_41284804_60.pkl
5533,77.0,44.58247010794562,abcd-ml,pasleep,scale,weekly,3,s012,41284804,60,out/abcd-ml_pasleep_scale_weekly_3_s012_41284804_60.pkl
5534,60.0,48.41682491924195,abcd-ml,pasleep,scale,weekly,3,s012,41284804,60,out/abcd-ml_pasleep_scale_weekly_3_s012_41284804_60.pkl
5535,77.0,44.57995736158669,abcd-ml,pasleep,scale,weekly,3,s012,41284804,60,out/abcd-ml_pasleep_scale_weekly_3_s012_41284804_60.pkl
5536,60.0,48.199259107630425,abcd-ml,pasleep,scale,weekly,3,s012,41284804,60,out/abcd-ml_pasleep_scale_weekly_3_s012_41284804_60.pkl
5537,77.0,44.375917190908176,abcd-ml,pasleep,scale,weekly,3,s012,41284804,60,out/abcd-ml_pasleep_scale_weekly_3_s012_41284804_60.pkl
5538,60.0,48.06986623936932,abcd-ml,pasleep,scale,weekly,3,s012,41284804,60,out/abcd-ml_pasleep_scale_weekly_3_s012_41284804_60.pkl
5539,77.0,44.5192465049757,abcd-ml,pasleep,scale,weekly,3,s012,41284804,60,out/abcd-ml_pasleep_scale_weekly_3_s012_41284804_60.pkl
5540,39.0,48.6079704696171,abcd-ml,pasleep,scale,weekly,3,s012,41284804,60,out/abcd-ml_pasleep_scale_weekly_3_s012_41284804_60.pkl
5541,40.0,44.327910623236605,abcd-ml,pasleep,scale,weekly,3,s012,41284804,60,out/abcd-ml_pasleep_scale_weekly_3_s012_41284804_60.pkl
5542,39.0,48.429687519170585,abcd-ml,pasleep,scale,weekly,3,s012,41284804,60,out/abcd-ml_pasleep_scale_weekly_3_s012_41284804_60.pkl
5543,40.0,44.52477710032176,abcd-ml,pasleep,scale,weekly,3,s012,41284804,60,out/abcd-ml_pasleep_scale_weekly_3_s012_41284804_60.pkl
5544,39.0,48.383645060910155,abcd-ml,pasleep,scale,weekly,3,s012,41284804,60,out/abcd-ml_pasleep_scale_weekly_3_s012_41284804_60.pkl
5545,40.0,44.536644339420306,abcd-ml,pasleep,scale,weekly,3,s012,41284804,60,out/abcd-ml_pasleep_scale_weekly_3_s012_41284804_60.pkl
5546,39.0,48.443600119983365,abcd-ml,pasleep,scale,weekly,3,s012,41284804,60,out/abcd-ml_pasleep_scale_weekly_3_s012_41284804_60.pkl
5547,40.0,44.47120753977467,abcd-ml,pasleep,scale,weekly,3,s012,41284804,60,out/abcd-ml_pasleep_scale_weekly_3_s012_41284804_60.pkl
5548,40.0,47.87636437273474,abcd-ml,pasleep,scale,weekly,3,s012,41284804,60,out/abcd-ml_pasleep_scale_weekly_3_s012_41284804_60.pkl
5549,56.0,44.4047472790179,abcd-ml,pasleep,scale,weekly,3,s012,41284804,60,out/abcd-ml_pasleep_scale_weekly_3_s012_41284804_60.pkl
5550,40.0,47.8392386179282,abcd-ml,pasleep,scale,weekly,3,s012,41284804,60,out/abcd-ml_pasleep_scale_weekly_3_s012_41284804_60.pkl
5551,56.0,44.446814168634376,abcd-ml,pasleep,scale,weekly,3,s012,41284804,60,out/abcd-ml_pasleep_scale_weekly_3_s012_41284804_60.pkl
5552,40.0,47.10575358520866,abcd-ml,pasleep,scale,weekly,3,s012,41284804,60,out/abcd-ml_pasleep_scale_weekly_3_s012_41284804_60.pkl
5553,56.0,44.26940380689356,abcd-ml,pasleep,scale,weekly,3,s012,41284804,60,out/abcd-ml_pasleep_scale_weekly_3_s012_41284804_60.pkl
5554,40.0,46.878146986989705,abcd-ml,pasleep,scale,weekly,3,s012,41284804,60,out/abcd-ml_pasleep_scale_weekly_3_s012_41284804_60.pkl
5555,56.0,44.521352732763916,abcd-ml,pasleep,scale,weekly,3,s012,41284804,60,out/abcd-ml_pasleep_scale_weekly_3_s012_41284804_60.pkl
5556,40.0,47.72535066707511,abcd-ml,pasleep,scale,weekly,3,s012,41284804,60,out/abcd-ml_pasleep_scale_weekly_3_s012_41284804_60.pkl
5557,56.0,44.391520123594276,abcd-ml,pasleep,scale,weekly,3,s012,41284804,60,out/abcd-ml_pasleep_scale_weekly_3_s012_41284804_60.pkl
5558,40.0,47.40142365508861,abcd-ml,pasleep,scale,weekly,3,s012,41284804,60,out/abcd-ml_pasleep_scale_weekly_3_s012_41284804_60.pkl
5559,56.0,44.75045387559466,abcd-ml,pasleep,scale,weekly,3,s012,41284804,60,out/abcd-ml_pasleep_scale_weekly_3_s012_41284804_60.pkl
5560,45.0,48.07921001455432,abcd-ml,pasleep,scale,weekly,3,s012,41284804,60,out/abcd-ml_pasleep_scale_weekly_3_s012_41284804_60.pkl
5561,50.0,44.39353993865445,abcd-ml,pasleep,scale,weekly,3,s012,41284804,60,out/abcd-ml_pasleep_scale_weekly_3_s012_41284804_60.pkl
5562,45.0,48.0741940780694,abcd-ml,pasleep,scale,weekly,3,s012,41284804,60,out/abcd-ml_pasleep_scale_weekly_3_s012_41284804_60.pkl
5563,50.0,44.39907443533869,abcd-ml,pasleep,scale,weekly,3,s012,41284804,60,out/abcd-ml_pasleep_scale_weekly_3_s012_41284804_60.pkl
5564,45.0,48.24486848547974,abcd-ml,pasleep,scale,weekly,3,s012,41284804,60,out/abcd-ml_pasleep_scale_weekly_3_s012_41284804_60.pkl
5565,50.0,44.52296154386169,abcd-ml,pasleep,scale,weekly,3,s012,41284804,60,out/abcd-ml_pasleep_scale_weekly_3_s012_41284804_60.pkl
5566,45.0,48.05797205538164,abcd-ml,pasleep,scale,weekly,3,s012,41284804,60,out/abcd-ml_pasleep_scale_weekly_3_s012_41284804_60.pkl
5567,50.0,44.73058527359545,abcd-ml,pasleep,scale,weekly,3,s012,41284804,60,out/abcd-ml_pasleep_scale_weekly_3_s012_41284804_60.pkl
5568,45.0,48.068507072430094,abcd-ml,pasleep,scale,weekly,3,s012,41284804,60,out/abcd-ml_pasleep_scale_weekly_3_s012_41284804_60.pkl
5569,50.0,44.54931063990479,abcd-ml,pasleep,scale,weekly,3,s012,41284804,60,out/abcd-ml_pasleep_scale_weekly_3_s012_41284804_60.pkl
5570,45.0,48.05196730222803,abcd-ml,pasleep,scale,weekly,3,s012,41284804,60,out/abcd-ml_pasleep_scale_weekly_3_s012_41284804_60.pkl
5571,50.0,44.56756067588107,abcd-ml,pasleep,scale,weekly,3,s012,41284804,60,out/abcd-ml_pasleep_scale_weekly_3_s012_41284804_60.pkl
5572,34.0,47.98033645419552,abcd-ml,pasleep,scale,weekly,3,s012,41284804,60,out/abcd-ml_pasleep_scale_weekly_3_s012_41284804_60.pkl
5573,51.0,44.613185877073676,abcd-ml,pasleep,scale,weekly,3,s012,41284804,60,out/abcd-ml_pasleep_scale_weekly_3_s012_41284804_60.pkl
5574,34.0,47.74724607169848,abcd-ml,pasleep,scale,weekly,3,s012,41284804,60,out/abcd-ml_pasleep_scale_weekly_3_s012_41284804_60.pkl
5575,51.0,44.510110650413566,abcd-ml,pasleep,scale,weekly,3,s012,41284804,60,out/abcd-ml_pasleep_scale_weekly_3_s012_41284804_60.pkl
5576,34.0,48.040091619470296,abcd-ml,pasleep,scale,weekly,3,s012,41284804,60,out/abcd-ml_pasleep_scale_weekly_3_s012_41284804_60.pkl
5577,51.0,44.5978344651393,abcd-ml,pasleep,scale,weekly,3,s012,41284804,60,out/abcd-ml_pasleep_scale_weekly_3_s012_41284804_60.pkl
5578,34.0,48.134366332454974,abcd-ml,pasleep,scale,weekly,3,s012,41284804,60,out/abcd-ml_pasleep_scale_weekly_3_s012_41284804_60.pkl
5579,51.0,44.494045207922056,abcd-ml,pasleep,scale,weekly,3,s012,41284804,60,out/abcd-ml_pasleep_scale_weekly_3_s012_41284804_60.pkl
5580,34.0,48.088605888401595,abcd-ml,pasleep,scale,weekly,3,s012,41284804,60,out/abcd-ml_pasleep_scale_weekly_3_s012_41284804_60.pkl
5581,51.0,44.48391532368913,abcd-ml,pasleep,scale,weekly,3,s012,41284804,60,out/abcd-ml_pasleep_scale_weekly_3_s012_41284804_60.pkl
5582,34.0,48.15674684144922,abcd-ml,pasleep,scale,weekly,3,s012,41284804,60,out/abcd-ml_pasleep_scale_weekly_3_s012_41284804_60.pkl
5583,51.0,44.4091121463958,abcd-ml,pasleep,scale,weekly,3,s012,41284804,60,out/abcd-ml_pasleep_scale_weekly_3_s012_41284804_60.pkl
5584,54.0,48.009675257135186,abcd-ml,pasleep,scale,weekly,3,s012,41284804,60,out/abcd-ml_pasleep_scale_weekly_3_s012_41284804_60.pkl
5585,44.0,44.45133223278161,abcd-ml,pasleep,scale,weekly,3,s012,41284804,60,out/abcd-ml_pasleep_scale_weekly_3_s012_41284804_60.pkl
5586,54.0,48.028387284663665,abcd-ml,pasleep,scale,weekly,3,s012,41284804,60,out/abcd-ml_pasleep_scale_weekly_3_s012_41284804_60.pkl
5587,44.0,44.43048050142152,abcd-ml,pasleep,scale,weekly,3,s012,41284804,60,out/abcd-ml_pasleep_scale_weekly_3_s012_41284804_60.pkl
5588,54.0,48.42475419682866,abcd-ml,pasleep,scale,weekly,3,s012,41284804,60,out/abcd-ml_pasleep_scale_weekly_3_s012_41284804_60.pkl
5589,44.0,44.46905958680479,abcd-ml,pasleep,scale,weekly,3,s012,41284804,60,out/abcd-ml_pasleep_scale_weekly_3_s012_41284804_60.pkl
5590,54.0,48.3852828735428,abcd-ml,pasleep,scale,weekly,3,s012,41284804,60,out/abcd-ml_pasleep_scale_weekly_3_s012_41284804_60.pkl
5591,44.0,44.51277546898265,abcd-ml,pasleep,scale,weekly,3,s012,41284804,60,out/abcd-ml_pasleep_scale_weekly_3_s012_41284804_60.pkl
5592,54.0,48.1015374876017,abcd-ml,pasleep,scale,weekly,3,s012,41284804,60,out/abcd-ml_pasleep_scale_weekly_3_s012_41284804_60.pkl
5593,44.0,44.343087822935075,abcd-ml,pasleep,scale,weekly,3,s012,41284804,60,out/abcd-ml_pasleep_scale_weekly_3_s012_41284804_60.pkl
5594,34.0,48.16153669711973,abcd-ml,pasleep,scale,weekly,3,s012,41284804,60,out/abcd-ml_pasleep_scale_weekly_3_s012_41284804_60.pkl
5595,58.0,44.422259652529846,abcd-ml,pasleep,scale,weekly,3,s012,41284804,60,out/abcd-ml_pasleep_scale_weekly_3_s012_41284804_60.pkl
5596,34.0,48.209370293262445,abcd-ml,pasleep,scale,weekly,3,s012,41284804,60,out/abcd-ml_pasleep_scale_weekly_3_s012_41284804_60.pkl
5597,58.0,44.371129570272515,abcd-ml,pasleep,scale,weekly,3,s012,41284804,60,out/abcd-ml_pasleep_scale_weekly_3_s012_41284804_60.pkl
5598,34.0,48.154877422464544,abcd-ml,pasleep,scale,weekly,3,s012,41284804,60,out/abcd-ml_pasleep_scale_weekly_3_s012_41284804_60.pkl
5599,58.0,44.43153943250039,abcd-ml,pasleep,scale,weekly,3,s012,41284804,60,out/abcd-ml_pasleep_scale_weekly_3_s012_41284804_60.pkl
5600,34.0,47.98954064730509,abcd-ml,pasleep,scale,weekly,3,s012,41284804,60,out/abcd-ml_pasleep_scale_weekly_3_s012_41284804_60.pkl
5601,58.0,44.56293009439146,abcd-ml,pasleep,scale,weekly,3,s012,41284804,60,out/abcd-ml_pasleep_scale_weekly_3_s012_41284804_60.pkl
5602,34.0,48.132588044454984,abcd-ml,pasleep,scale,weekly,3,s012,41284804,60,out/abcd-ml_pasleep_scale_weekly_3_s012_41284804_60.pkl
5603,58.0,44.40394928625241,abcd-ml,pasleep,scale,weekly,3,s012,41284804,60,out/abcd-ml_pasleep_scale_weekly_3_s012_41284804_60.pkl
5604,46.0,48.60454293548992,abcd-ml,pasleep,scale,weekly,3,s012,41284804,60,out/abcd-ml_pasleep_scale_weekly_3_s012_41284804_60.pkl
5605,34.0,44.584185821876325,abcd-ml,pasleep,scale,weekly,3,s012,41284804,60,out/abcd-ml_pasleep_scale_weekly_3_s012_41284804_60.pkl
5606,46.0,48.60599448334903,abcd-ml,pasleep,scale,weekly,3,s012,41284804,60,out/abcd-ml_pasleep_scale_weekly_3_s012_41284804_60.pkl
5607,34.0,44.583093225220935,abcd-ml,pasleep,scale,weekly,3,s012,41284804,60,out/abcd-ml_pasleep_scale_weekly_3_s012_41284804_60.pkl
5608,46.0,48.46306201247045,abcd-ml,pasleep,scale,weekly,3,s012,41284804,60,out/abcd-ml_pasleep_scale_weekly_3_s012_41284804_60.pkl
5609,34.0,44.58278473495053,abcd-ml,pasleep,scale,weekly,3,s012,41284804,60,out/abcd-ml_pasleep_scale_weekly_3_s012_41284804_60.pkl
5610,46.0,48.29682201281592,abcd-ml,pasleep,scale,weekly,3,s012,41284804,60,out/abcd-ml_pasleep_scale_weekly_3_s012_41284804_60.pkl
5611,34.0,44.76690917944113,abcd-ml,pasleep,scale,weekly,3,s012,41284804,60,out/abcd-ml_pasleep_scale_weekly_3_s012_41284804_60.pkl
5612,46.0,48.60043741258449,abcd-ml,pasleep,scale,weekly,3,s012,41284804,60,out/abcd-ml_pasleep_scale_weekly_3_s012_41284804_60.pkl
5613,34.0,44.674210045419926,abcd-ml,pasleep,scale,weekly,3,s012,41284804,60,out/abcd-ml_pasleep_scale_weekly_3_s012_41284804_60.pkl
5614,46.0,48.66346270498562,abcd-ml,pasleep,scale,weekly,3,s012,41284804,60,out/abcd-ml_pasleep_scale_weekly_3_s012_41284804_60.pkl
5615,34.0,44.60466550187947,abcd-ml,pasleep,scale,weekly,3,s012,41284804,60,out/abcd-ml_pasleep_scale_weekly_3_s012_41284804_60.pkl
5616,50.0,48.458721758029675,abcd-ml,pasleep,scale,weekly,3,s012,41284804,60,out/abcd-ml_pasleep_scale_weekly_3_s012_41284804_60.pkl
5617,51.0,44.602300716706836,abcd-ml,pasleep,scale,weekly,3,s012,41284804,60,out/abcd-ml_pasleep_scale_weekly_3_s012_41284804_60.pkl
5618,50.0,48.452914964498355,abcd-ml,pasleep,scale,weekly,3,s012,41284804,60,out/abcd-ml_pasleep_scale_weekly_3_s012_41284804_60.pkl
5619,51.0,44.608140255737794,abcd-ml,pasleep,scale,weekly,3,s012,41284804,60,out/abcd-ml_pasleep_scale_weekly_3_s012_41284804_60.pkl
5620,50.0,48.76166388457643,abcd-ml,pasleep,scale,weekly,3,s012,41284804,60,out/abcd-ml_pasleep_scale_weekly_3_s012_41284804_60.pkl
5621,51.0,44.68753559728946,abcd-ml,pasleep,scale,weekly,3,s012,41284804,60,out/abcd-ml_pasleep_scale_weekly_3_s012_41284804_60.pkl
5622,50.0,49.14615567089939,abcd-ml,pasleep,scale,weekly,3,s012,41284804,60,out/abcd-ml_pasleep_scale_weekly_3_s012_41284804_60.pkl
5623,51.0,44.69589860001143,abcd-ml,pasleep,scale,weekly,3,s012,41284804,60,out/abcd-ml_pasleep_scale_weekly_3_s012_41284804_60.pkl
5624,50.0,47.64940797188502,abcd-ml,pasleep,scale,weekly,3,s012,41284804,60,out/abcd-ml_pasleep_scale_weekly_3_s012_41284804_60.pkl
5625,44.0,44.246147933587125,abcd-ml,pasleep,scale,weekly,3,s012,41284804,60,out/abcd-ml_pasleep_scale_weekly_3_s012_41284804_60.pkl
5626,50.0,47.57680678907322,abcd-ml,pasleep,scale,weekly,3,s012,41284804,60,out/abcd-ml_pasleep_scale_weekly_3_s012_41284804_60.pkl
5627,44.0,44.32668377675027,abcd-ml,pasleep,scale,weekly,3,s012,41284804,60,out/abcd-ml_pasleep_scale_weekly_3_s012_41284804_60.pkl
5628,50.0,47.33261829589948,abcd-ml,pasleep,scale,weekly,3,s012,41284804,60,out/abcd-ml_pasleep_scale_weekly_3_s012_41284804_60.pkl
5629,44.0,44.07188367571966,abcd-ml,pasleep,scale,weekly,3,s012,41284804,60,out/abcd-ml_pasleep_scale_weekly_3_s012_41284804_60.pkl
5630,50.0,47.24121507320713,abcd-ml,pasleep,scale,weekly,3,s012,41284804,60,out/abcd-ml_pasleep_scale_weekly_3_s012_41284804_60.pkl
5631,44.0,44.173258355381314,abcd-ml,pasleep,scale,weekly,3,s012,41284804,60,out/abcd-ml_pasleep_scale_weekly_3_s012_41284804_60.pkl
5632,50.0,47.18560523902703,abcd-ml,pasleep,scale,weekly,3,s012,41284804,60,out/abcd-ml_pasleep_scale_weekly_3_s012_41284804_60.pkl
5633,44.0,44.19472994872817,abcd-ml,pasleep,scale,weekly,3,s012,41284804,60,out/abcd-ml_pasleep_scale_weekly_3_s012_41284804_60.pkl
5634,50.0,47.00248616925419,abcd-ml,pasleep,scale,weekly,3,s012,41284804,60,out/abcd-ml_pasleep_scale_weekly_3_s012_41284804_60.pkl
5635,44.0,44.39824597012033,abcd-ml,pasleep,scale,weekly,3,s012,41284804,60,out/abcd-ml_pasleep_scale_weekly_3_s012_41284804_60.pkl
5636,50.0,48.242413106912025,abcd-ml,pasleep,scale,weekly,3,s012,41284804,60,out/abcd-ml_pasleep_scale_weekly_3_s012_41284804_60.pkl
5637,34.0,44.472160378470704,abcd-ml,pasleep,scale,weekly,3,s012,41284804,60,out/abcd-ml_pasleep_scale_weekly_3_s012_41284804_60.pkl
5638,50.0,48.173410106475444,abcd-ml,pasleep,scale,weekly,3,s012,41284804,60,out/abcd-ml_pasleep_scale_weekly_3_s012_41284804_60.pkl
5639,34.0,44.548949692986355,abcd-ml,pasleep,scale,weekly,3,s012,41284804,60,out/abcd-ml_pasleep_scale_weekly_3_s012_41284804_60.pkl
5640,50.0,48.70339412517499,abcd-ml,pasleep,scale,weekly,3,s012,41284804,60,out/abcd-ml_pasleep_scale_weekly_3_s012_41284804_60.pkl
5641,34.0,44.58629218847587,abcd-ml,pasleep,scale,weekly,3,s012,41284804,60,out/abcd-ml_pasleep_scale_weekly_3_s012_41284804_60.pkl
5642,50.0,48.71383069002216,abcd-ml,pasleep,scale,weekly,3,s012,41284804,60,out/abcd-ml_pasleep_scale_weekly_3_s012_41284804_60.pkl
5643,34.0,44.574832853416225,abcd-ml,pasleep,scale,weekly,3,s012,41284804,60,out/abcd-ml_pasleep_scale_weekly_3_s012_41284804_60.pkl
5644,50.0,48.31353817031586,abcd-ml,pasleep,scale,weekly,3,s012,41284804,60,out/abcd-ml_pasleep_scale_weekly_3_s012_41284804_60.pkl
5645,34.0,44.84691910518703,abcd-ml,pasleep,scale,weekly,3,s012,41284804,60,out/abcd-ml_pasleep_scale_weekly_3_s012_41284804_60.pkl
5646,50.0,48.53899429313101,abcd-ml,pasleep,scale,weekly,3,s012,41284804,60,out/abcd-ml_pasleep_scale_weekly_3_s012_41284804_60.pkl
5647,34.0,44.596662454265534,abcd-ml,pasleep,scale,weekly,3,s012,41284804,60,out/abcd-ml_pasleep_scale_weekly_3_s012_41284804_60.pkl
5648,39.0,48.22753904412285,abcd-ml,pasleep,scale,weekly,3,s012,41284804,60,out/abcd-ml_pasleep_scale_weekly_3_s012_41284804_60.pkl
5649,44.0,44.463267597148175,abcd-ml,pasleep,scale,weekly,3,s012,41284804,60,out/abcd-ml_pasleep_scale_weekly_3_s012_41284804_60.pkl
5650,39.0,48.341623012470734,abcd-ml,pasleep,scale,weekly,3,s012,41284804,60,out/abcd-ml_pasleep_scale_weekly_3_s012_41284804_60.pkl
5651,44.0,44.5654268039126,abcd-ml,pasleep,scale,weekly,3,s012,41284804,60,out/abcd-ml_pasleep_scale_weekly_3_s012_41284804_60.pkl
5652,39.0,48.334407307358546,abcd-ml,pasleep,scale,weekly,3,s012,41284804,60,out/abcd-ml_pasleep_scale_weekly_3_s012_41284804_60.pkl
5653,44.0,44.573447169455534,abcd-ml,pasleep,scale,weekly,3,s012,41284804,60,out/abcd-ml_pasleep_scale_weekly_3_s012_41284804_60.pkl
5654,39.0,47.79299988230282,abcd-ml,pasleep,scale,weekly,3,s012,41284804,60,out/abcd-ml_pasleep_scale_weekly_3_s012_41284804_60.pkl
5655,44.0,44.460275707174844,abcd-ml,pasleep,scale,weekly,3,s012,41284804,60,out/abcd-ml_pasleep_scale_weekly_3_s012_41284804_60.pkl
5656,39.0,48.44381814212238,abcd-ml,pasleep,scale,weekly,3,s012,41284804,60,out/abcd-ml_pasleep_scale_weekly_3_s012_41284804_60.pkl
5657,44.0,44.641487236410974,abcd-ml,pasleep,scale,weekly,3,s012,41284804,60,out/abcd-ml_pasleep_scale_weekly_3_s012_41284804_60.pkl
5658,39.0,48.512858795717875,abcd-ml,pasleep,scale,weekly,3,s012,41284804,60,out/abcd-ml_pasleep_scale_weekly_3_s012_41284804_60.pkl
5659,44.0,44.564791055172236,abcd-ml,pasleep,scale,weekly,3,s012,41284804,60,out/abcd-ml_pasleep_scale_weekly_3_s012_41284804_60.pkl
5660,55.0,47.910114290805865,abcd-ml,pasleep,scale,weekly,3,s012,41284804,60,out/abcd-ml_pasleep_scale_weekly_3_s012_41284804_60.pkl
5661,62.0,44.32013307533616,abcd-ml,pasleep,scale,weekly,3,s012,41284804,60,out/abcd-ml_pasleep_scale_weekly_3_s012_41284804_60.pkl
5662,55.0,47.84111262171152,abcd-ml,pasleep,scale,weekly,3,s012,41284804,60,out/abcd-ml_pasleep_scale_weekly_3_s012_41284804_60.pkl
5663,62.0,44.3335040271313,abcd-ml,pasleep,scale,weekly,3,s012,41284804,60,out/abcd-ml_pasleep_scale_weekly_3_s012_41284804_60.pkl
5664,55.0,47.23465860332438,abcd-ml,pasleep,scale,weekly,3,s012,41284804,60,out/abcd-ml_pasleep_scale_weekly_3_s012_41284804_60.pkl
5665,62.0,44.21069415345757,abcd-ml,pasleep,scale,weekly,3,s012,41284804,60,out/abcd-ml_pasleep_scale_weekly_3_s012_41284804_60.pkl
5666,55.0,47.23826633840705,abcd-ml,pasleep,scale,weekly,3,s012,41284804,60,out/abcd-ml_pasleep_scale_weekly_3_s012_41284804_60.pkl
5667,62.0,44.206541063529315,abcd-ml,pasleep,scale,weekly,3,s012,41284804,60,out/abcd-ml_pasleep_scale_weekly_3_s012_41284804_60.pkl
5668,33.0,48.08531555797448,abcd-ml,pasleep,scale,weekly,3,s012,41284804,60,out/abcd-ml_pasleep_scale_weekly_3_s012_41284804_60.pkl
5669,34.0,44.14017508365974,abcd-ml,pasleep,scale,weekly,3,s012,41284804,60,out/abcd-ml_pasleep_scale_weekly_3_s012_41284804_60.pkl
5670,33.0,47.866321922733555,abcd-ml,pasleep,scale,weekly,3,s012,41284804,60,out/abcd-ml_pasleep_scale_weekly_3_s012_41284804_60.pkl
5671,34.0,44.3824267930175,abcd-ml,pasleep,scale,weekly,3,s012,41284804,60,out/abcd-ml_pasleep_scale_weekly_3_s012_41284804_60.pkl
5672,33.0,47.96555198251806,abcd-ml,pasleep,scale,weekly,3,s012,41284804,60,out/abcd-ml_pasleep_scale_weekly_3_s012_41284804_60.pkl
5673,34.0,44.41434866450593,abcd-ml,pasleep,scale,weekly,3,s012,41284804,60,out/abcd-ml_pasleep_scale_weekly_3_s012_41284804_60.pkl
5674,33.0,48.10828840238046,abcd-ml,pasleep,scale,weekly,3,s012,41284804,60,out/abcd-ml_pasleep_scale_weekly_3_s012_41284804_60.pkl
5675,34.0,44.25682134602771,abcd-ml,pasleep,scale,weekly,3,s012,41284804,60,out/abcd-ml_pasleep_scale_weekly_3_s012_41284804_60.pkl
5676,33.0,48.037152625930425,abcd-ml,pasleep,scale,weekly,3,s012,41284804,60,out/abcd-ml_pasleep_scale_weekly_3_s012_41284804_60.pkl
5677,34.0,43.70375204258016,abcd-ml,pasleep,scale,weekly,3,s012,41284804,60,out/abcd-ml_pasleep_scale_weekly_3_s012_41284804_60.pkl
5678,33.0,47.54710504965089,abcd-ml,pasleep,scale,weekly,3,s012,41284804,60,out/abcd-ml_pasleep_scale_weekly_3_s012_41284804_60.pkl
5679,34.0,44.246912059756745,abcd-ml,pasleep,scale,weekly,3,s012,41284804,60,out/abcd-ml_pasleep_scale_weekly_3_s012_41284804_60.pkl
5680,41.0,48.514648048359874,abcd-ml,pasleep,scale,weekly,3,s012,41284804,60,out/abcd-ml_pasleep_scale_weekly_3_s012_41284804_60.pkl
5681,33.0,44.420875099368956,abcd-ml,pasleep,scale,weekly,3,s012,41284804,60,out/abcd-ml_pasleep_scale_weekly_3_s012_41284804_60.pkl
5682,41.0,48.346469342341685,abcd-ml,pasleep,scale,weekly,3,s012,41284804,60,out/abcd-ml_pasleep_scale_weekly_3_s012_41284804_60.pkl
5683,33.0,44.606653958810575,abcd-ml,pasleep,scale,weekly,3,s012,41284804,60,out/abcd-ml_pasleep_scale_weekly_3_s012_41284804_60.pkl
5684,41.0,47.44325421469927,abcd-ml,pasleep,scale,weekly,3,s012,41284804,60,out/abcd-ml_pasleep_scale_weekly_3_s012_41284804_60.pkl
5685,33.0,44.53880138795686,abcd-ml,pasleep,scale,weekly,3,s012,41284804,60,out/abcd-ml_pasleep_scale_weekly_3_s012_41284804_60.pkl
5686,41.0,48.18907044183827,abcd-ml,pasleep,scale,weekly,3,s012,41284804,60,out/abcd-ml_pasleep_scale_weekly_3_s012_41284804_60.pkl
5687,33.0,44.11924209681538,abcd-ml,pasleep,scale,weekly,3,s012,41284804,60,out/abcd-ml_pasleep_scale_weekly_3_s012_41284804_60.pkl
5688,41.0,47.94222565314338,abcd-ml,pasleep,scale,weekly,3,s012,41284804,60,out/abcd-ml_pasleep_scale_weekly_3_s012_41284804_60.pkl
5689,33.0,44.39228017679056,abcd-ml,pasleep,scale,weekly,3,s012,41284804,60,out/abcd-ml_pasleep_scale_weekly_3_s012_41284804_60.pkl
5690,62.0,48.334228568407546,abcd-ml,pasleep,scale,weekly,3,s012,41284804,60,out/abcd-ml_pasleep_scale_weekly_3_s012_41284804_60.pkl
5691,44.0,44.48315938893329,abcd-ml,pasleep,scale,weekly,3,s012,41284804,60,out/abcd-ml_pasleep_scale_weekly_3_s012_41284804_60.pkl
5692,62.0,48.34821046870957,abcd-ml,pasleep,scale,weekly,3,s012,41284804,60,out/abcd-ml_pasleep_scale_weekly_3_s012_41284804_60.pkl
5693,44.0,44.468086677877125,abcd-ml,pasleep,scale,weekly,3,s012,41284804,60,out/abcd-ml_pasleep_scale_weekly_3_s012_41284804_60.pkl
5694,62.0,48.48768119269581,abcd-ml,pasleep,scale,weekly,3,s012,41284804,60,out/abcd-ml_pasleep_scale_weekly_3_s012_41284804_60.pkl
5695,44.0,44.57411943003176,abcd-ml,pasleep,scale,weekly,3,s012,41284804,60,out/abcd-ml_pasleep_scale_weekly_3_s012_41284804_60.pkl
5696,62.0,48.233993352150435,abcd-ml,pasleep,scale,weekly,3,s012,41284804,60,out/abcd-ml_pasleep_scale_weekly_3_s012_41284804_60.pkl
5697,44.0,44.50519492069408,abcd-ml,pasleep,scale,weekly,3,s012,41284804,60,out/abcd-ml_pasleep_scale_weekly_3_s012_41284804_60.pkl
5698,48.0,48.11029757081804,abcd-ml,pasleep,scale,weekly,3,s012,41284804,60,out/abcd-ml_pasleep_scale_weekly_3_s012_41284804_60.pkl
5699,41.0,44.339326813148766,abcd-ml,pasleep,scale,weekly,3,s012,41284804,60,out/abcd-ml_pasleep_scale_weekly_3_s012_41284804_60.pkl
5700,48.0,48.297747512793116,abcd-ml,pasleep,scale,weekly,3,s012,41284804,60,out/abcd-ml_pasleep_scale_weekly_3_s012_41284804_60.pkl
5701,41.0,44.41170541602847,abcd-ml,pasleep,scale,weekly,3,s012,41284804,60,out/abcd-ml_pasleep_scale_weekly_3_s012_41284804_60.pkl
5702,48.0,48.42753936653852,abcd-ml,pasleep,scale,weekly,3,s012,41284804,60,out/abcd-ml_pasleep_scale_weekly_3_s012_41284804_60.pkl
5703,41.0,44.406909025298944,abcd-ml,pasleep,scale,weekly,3,s012,41284804,60,out/abcd-ml_pasleep_scale_weekly_3_s012_41284804_60.pkl
5704,48.0,47.80448588261476,abcd-ml,pasleep,scale,weekly,3,s012,41284804,60,out/abcd-ml_pasleep_scale_weekly_3_s012_41284804_60.pkl
5705,44.0,44.174006776592186,abcd-ml,pasleep,scale,weekly,3,s012,41284804,60,out/abcd-ml_pasleep_scale_weekly_3_s012_41284804_60.pkl
5706,48.0,47.67470226750811,abcd-ml,pasleep,scale,weekly,3,s012,41284804,60,out/abcd-ml_pasleep_scale_weekly_3_s012_41284804_60.pkl
5707,44.0,44.31702262647545,abcd-ml,pasleep,scale,weekly,3,s012,41284804,60,out/abcd-ml_pasleep_scale_weekly_3_s012_41284804_60.pkl
5708,48.0,47.62285059557164,abcd-ml,pasleep,scale,weekly,3,s012,41284804,60,out/abcd-ml_pasleep_scale_weekly_3_s012_41284804_60.pkl
5709,44.0,43.96577272700438,abcd-ml,pasleep,scale,weekly,3,s012,41284804,60,out/abcd-ml_pasleep_scale_weekly_3_s012_41284804_60.pkl
5710,48.0,47.655885303557774,abcd-ml,pasleep,scale,weekly,3,s012,41284804,60,out/abcd-ml_pasleep_scale_weekly_3_s012_41284804_60.pkl
5711,44.0,44.22496771102914,abcd-ml,pasleep,scale,weekly,3,s012,41284804,60,out/abcd-ml_pasleep_scale_weekly_3_s012_41284804_60.pkl
5712,48.0,47.74658986949717,abcd-ml,pasleep,scale,weekly,3,s012,41284804,60,out/abcd-ml_pasleep_scale_weekly_3_s012_41284804_60.pkl
5713,44.0,44.12544095379643,abcd-ml,pasleep,scale,weekly,3,s012,41284804,60,out/abcd-ml_pasleep_scale_weekly_3_s012_41284804_60.pkl
5714,50.0,47.67220378485597,abcd-ml,pasleep,scale,weekly,3,s012,41284804,60,out/abcd-ml_pasleep_scale_weekly_3_s012_41284804_60.pkl
5715,51.0,44.23371975863004,abcd-ml,pasleep,scale,weekly,3,s012,41284804,60,out/abcd-ml_pasleep_scale_weekly_3_s012_41284804_60.pkl
5716,50.0,47.605444796390465,abcd-ml,pasleep,scale,weekly,3,s012,41284804,60,out/abcd-ml_pasleep_scale_weekly_3_s012_41284804_60.pkl
5717,51.0,44.30752834297655,abcd-ml,pasleep,scale,weekly,3,s012,41284804,60,out/abcd-ml_pasleep_scale_weekly_3_s012_41284804_60.pkl
5718,50.0,48.00829761295154,abcd-ml,pasleep,scale,weekly,3,s012,41284804,60,out/abcd-ml_pasleep_scale_weekly_3_s012_41284804_60.pkl
5719,51.0,43.884126395118926,abcd-ml,pasleep,scale,weekly,3,s012,41284804,60,out/abcd-ml_pasleep_scale_weekly_3_s012_41284804_60.pkl
5720,50.0,47.606799953888085,abcd-ml,pasleep,scale,weekly,3,s012,41284804,60,out/abcd-ml_pasleep_scale_weekly_3_s012_41284804_60.pkl
5721,51.0,44.32960193900287,abcd-ml,pasleep,scale,weekly,3,s012,41284804,60,out/abcd-ml_pasleep_scale_weekly_3_s012_41284804_60.pkl
5722,50.0,47.679917789842605,abcd-ml,pasleep,scale,weekly,3,s012,41284804,60,out/abcd-ml_pasleep_scale_weekly_3_s012_41284804_60.pkl
5723,51.0,44.38593245068631,abcd-ml,pasleep,scale,weekly,3,s012,41284804,60,out/abcd-ml_pasleep_scale_weekly_3_s012_41284804_60.pkl
5724,50.0,47.5298332645137,abcd-ml,pasleep,scale,weekly,3,s012,41284804,60,out/abcd-ml_pasleep_scale_weekly_3_s012_41284804_60.pkl
5725,51.0,44.55300334843056,abcd-ml,pasleep,scale,weekly,3,s012,41284804,60,out/abcd-ml_pasleep_scale_weekly_3_s012_41284804_60.pkl
5726,45.0,46.84469825853857,abcd-ml,pasleep,scale,weekly,3,s012,41284804,60,out/abcd-ml_pasleep_scale_weekly_3_s012_41284804_60.pkl
5727,40.0,43.88330219944059,abcd-ml,pasleep,scale,weekly,3,s012,41284804,60,out/abcd-ml_pasleep_scale_weekly_3_s012_41284804_60.pkl
5728,45.0,46.69443073563269,abcd-ml,pasleep,scale,weekly,3,s012,41284804,60,out/abcd-ml_pasleep_scale_weekly_3_s012_41284804_60.pkl
5729,40.0,44.04949517624215,abcd-ml,pasleep,scale,weekly,3,s012,41284804,60,out/abcd-ml_pasleep_scale_weekly_3_s012_41284804_60.pkl
5730,45.0,47.29599764897661,abcd-ml,pasleep,scale,weekly,3,s012,41284804,60,out/abcd-ml_pasleep_scale_weekly_3_s012_41284804_60.pkl
5731,40.0,44.286405209496614,abcd-ml,pasleep,scale,weekly,3,s012,41284804,60,out/abcd-ml_pasleep_scale_weekly_3_s012_41284804_60.pkl
5732,45.0,47.398232139413395,abcd-ml,pasleep,scale,weekly,3,s012,41284804,60,out/abcd-ml_pasleep_scale_weekly_3_s012_41284804_60.pkl
5733,40.0,44.17360013967045,abcd-ml,pasleep,scale,weekly,3,s012,41284804,60,out/abcd-ml_pasleep_scale_weekly_3_s012_41284804_60.pkl
5734,45.0,47.85714807564895,abcd-ml,pasleep,scale,weekly,3,s012,41284804,60,out/abcd-ml_pasleep_scale_weekly_3_s012_41284804_60.pkl
5735,40.0,44.283831667864106,abcd-ml,pasleep,scale,weekly,3,s012,41284804,60,out/abcd-ml_pasleep_scale_weekly_3_s012_41284804_60.pkl
5736,45.0,47.82049183435457,abcd-ml,pasleep,scale,weekly,3,s012,41284804,60,out/abcd-ml_pasleep_scale_weekly_3_s012_41284804_60.pkl
5737,40.0,44.323791901808555,abcd-ml,pasleep,scale,weekly,3,s012,41284804,60,out/abcd-ml_pasleep_scale_weekly_3_s012_41284804_60.pkl
5738,56.0,47.86886379611328,abcd-ml,pasleep,scale,weekly,3,s012,41284804,60,out/abcd-ml_pasleep_scale_weekly_3_s012_41284804_60.pkl
5739,41.0,44.48112351321535,abcd-ml,pasleep,scale,weekly,3,s012,41284804,60,out/abcd-ml_pasleep_scale_weekly_3_s012_41284804_60.pkl
5740,56.0,47.87161259097638,abcd-ml,pasleep,scale,weekly,3,s012,41284804,60,out/abcd-ml_pasleep_scale_weekly_3_s012_41284804_60.pkl
5741,41.0,44.47815411083053,abcd-ml,pasleep,scale,weekly,3,s012,41284804,60,out/abcd-ml_pasleep_scale_weekly_3_s012_41284804_60.pkl
5742,56.0,48.17565922999965,abcd-ml,pasleep,scale,weekly,3,s012,41284804,60,out/abcd-ml_pasleep_scale_weekly_3_s012_41284804_60.pkl
5743,41.0,44.43973416617005,abcd-ml,pasleep,scale,weekly,3,s012,41284804,60,out/abcd-ml_pasleep_scale_weekly_3_s012_41284804_60.pkl
5744,56.0,48.173232655286974,abcd-ml,pasleep,scale,weekly,3,s012,41284804,60,out/abcd-ml_pasleep_scale_weekly_3_s012_41284804_60.pkl
5745,41.0,44.44241165697693,abcd-ml,pasleep,scale,weekly,3,s012,41284804,60,out/abcd-ml_pasleep_scale_weekly_3_s012_41284804_60.pkl
5746,56.0,48.32793633496226,abcd-ml,pasleep,scale,weekly,3,s012,41284804,60,out/abcd-ml_pasleep_scale_weekly_3_s012_41284804_60.pkl
5747,41.0,44.530328151204664,abcd-ml,pasleep,scale,weekly,3,s012,41284804,60,out/abcd-ml_pasleep_scale_weekly_3_s012_41284804_60.pkl
5748,56.0,48.313287432395526,abcd-ml,pasleep,scale,weekly,3,s012,41284804,60,out/abcd-ml_pasleep_scale_weekly_3_s012_41284804_60.pkl
5749,41.0,44.54660218025353,abcd-ml,pasleep,scale,weekly,3,s012,41284804,60,out/abcd-ml_pasleep_scale_weekly_3_s012_41284804_60.pkl
5750,56.0,47.971209777270516,abcd-ml,pasleep,scale,weekly,3,s012,41284804,60,out/abcd-ml_pasleep_scale_weekly_3_s012_41284804_60.pkl
5751,34.0,44.54931368637553,abcd-ml,pasleep,scale,weekly,3,s012,41284804,60,out/abcd-ml_pasleep_scale_weekly_3_s012_41284804_60.pkl
5752,56.0,48.08986597662525,abcd-ml,pasleep,scale,weekly,3,s012,41284804,60,out/abcd-ml_pasleep_scale_weekly_3_s012_41284804_60.pkl
5753,34.0,44.41822367793589,abcd-ml,pasleep,scale,weekly,3,s012,41284804,60,out/abcd-ml_pasleep_scale_weekly_3_s012_41284804_60.pkl
5754,56.0,47.99052971409829,abcd-ml,pasleep,scale,weekly,3,s012,41284804,60,out/abcd-ml_pasleep_scale_weekly_3_s012_41284804_60.pkl
5755,34.0,44.28573889001076,abcd-ml,pasleep,scale,weekly,3,s012,41284804,60,out/abcd-ml_pasleep_scale_weekly_3_s012_41284804_60.pkl
5756,56.0,47.92477795963588,abcd-ml,pasleep,scale,weekly,3,s012,41284804,60,out/abcd-ml_pasleep_scale_weekly_3_s012_41284804_60.pkl
5757,34.0,44.35937880644836,abcd-ml,pasleep,scale,weekly,3,s012,41284804,60,out/abcd-ml_pasleep_scale_weekly_3_s012_41284804_60.pkl
5758,56.0,48.05006709448492,abcd-ml,pasleep,scale,weekly,3,s012,41284804,60,out/abcd-ml_pasleep_scale_weekly_3_s012_41284804_60.pkl
5759,34.0,44.42157601120678,abcd-ml,pasleep,scale,weekly,3,s012,41284804,60,out/abcd-ml_pasleep_scale_weekly_3_s012_41284804_60.pkl
5760,56.0,48.03187709163762,abcd-ml,pasleep,scale,weekly,3,s012,41284804,60,out/abcd-ml_pasleep_scale_weekly_3_s012_41284804_60.pkl
5761,34.0,44.442362238162985,abcd-ml,pasleep,scale,weekly,3,s012,41284804,60,out/abcd-ml_pasleep_scale_weekly_3_s012_41284804_60.pkl
5762,48.0,48.221383781999805,abcd-ml,pasleep,scale,weekly,3,s012,41284804,60,out/abcd-ml_pasleep_scale_weekly_3_s012_41284804_60.pkl
5763,58.0,44.44607454567979,abcd-ml,pasleep,scale,weekly,3,s012,41284804,60,out/abcd-ml_pasleep_scale_weekly_3_s012_41284804_60.pkl
5764,48.0,48.1718113484033,abcd-ml,pasleep,scale,weekly,3,s012,41284804,60,out/abcd-ml_pasleep_scale_weekly_3_s012_41284804_60.pkl
5765,58.0,44.72647068524697,abcd-ml,pasleep,scale,weekly,3,s012,41284804,60,out/abcd-ml_pasleep_scale_weekly_3_s012_41284804_60.pkl
5766,48.0,48.382238282476955,abcd-ml,pasleep,scale,weekly,3,s012,41284804,60,out/abcd-ml_pasleep_scale_weekly_3_s012_41284804_60.pkl
5767,58.0,44.49286922805816,abcd-ml,pasleep,scale,weekly,3,s012,41284804,60,out/abcd-ml_pasleep_scale_weekly_3_s012_41284804_60.pkl
5768,70.0,47.80737915287961,abcd-ml,pasleep,scale,weekly,3,s012,41284804,60,out/abcd-ml_pasleep_scale_weekly_3_s012_41284804_60.pkl
5769,58.0,44.42409514552152,abcd-ml,pasleep,scale,weekly,3,s012,41284804,60,out/abcd-ml_pasleep_scale_weekly_3_s012_41284804_60.pkl
5770,70.0,47.99922357757564,abcd-ml,pasleep,scale,weekly,3,s012,41284804,60,out/abcd-ml_pasleep_scale_weekly_3_s012_41284804_60.pkl
5771,58.0,44.444425952874354,abcd-ml,pasleep,scale,weekly,3,s012,41284804,60,out/abcd-ml_pasleep_scale_weekly_3_s012_41284804_60.pkl
5772,70.0,48.0419466714236,abcd-ml,pasleep,scale,weekly,3,s012,41284804,60,out/abcd-ml_pasleep_scale_weekly_3_s012_41284804_60.pkl
5773,58.0,44.39743377152918,abcd-ml,pasleep,scale,weekly,3,s012,41284804,60,out/abcd-ml_pasleep_scale_weekly_3_s012_41284804_60.pkl
5774,70.0,47.97754272736101,abcd-ml,pasleep,scale,weekly,3,s012,41284804,60,out/abcd-ml_pasleep_scale_weekly_3_s012_41284804_60.pkl
5775,58.0,44.470246544468395,abcd-ml,pasleep,scale,weekly,3,s012,41284804,60,out/abcd-ml_pasleep_scale_weekly_3_s012_41284804_60.pkl
5776,70.0,47.89522957055591,abcd-ml,pasleep,scale,weekly,3,s012,41284804,60,out/abcd-ml_pasleep_scale_weekly_3_s012_41284804_60.pkl
5777,58.0,44.5612440158463,abcd-ml,pasleep,scale,weekly,3,s012,41284804,60,out/abcd-ml_pasleep_scale_weekly_3_s012_41284804_60.pkl
5778,39.0,47.70102183569963,abcd-ml,pasleep,scale,weekly,3,s012,41284804,60,out/abcd-ml_pasleep_scale_weekly_3_s012_41284804_60.pkl
5779,34.0,44.27452861167612,abcd-ml,pasleep,scale,weekly,3,s012,41284804,60,out/abcd-ml_pasleep_scale_weekly_3_s012_41284804_60.pkl
5780,39.0,47.58659846361073,abcd-ml,pasleep,scale,weekly,3,s012,41284804,60,out/abcd-ml_pasleep_scale_weekly_3_s012_41284804_60.pkl
5781,34.0,44.40107684329827,abcd-ml,pasleep,scale,weekly,3,s012,41284804,60,out/abcd-ml_pasleep_scale_weekly_3_s012_41284804_60.pkl
5782,39.0,47.31457022123083,abcd-ml,pasleep,scale,weekly,3,s012,41284804,60,out/abcd-ml_pasleep_scale_weekly_3_s012_41284804_60.pkl
5783,34.0,44.18651788181586,abcd-ml,pasleep,scale,weekly,3,s012,41284804,60,out/abcd-ml_pasleep_scale_weekly_3_s012_41284804_60.pkl
5784,39.0,47.22207225821466,abcd-ml,pasleep,scale,weekly,3,s012,41284804,60,out/abcd-ml_pasleep_scale_weekly_3_s012_41284804_60.pkl
5785,34.0,44.288677249463625,abcd-ml,pasleep,scale,weekly,3,s012,41284804,60,out/abcd-ml_pasleep_scale_weekly_3_s012_41284804_60.pkl
5786,39.0,47.21836895851216,abcd-ml,pasleep,scale,weekly,3,s012,41284804,60,out/abcd-ml_pasleep_scale_weekly_3_s012_41284804_60.pkl
5787,34.0,44.08866003754096,abcd-ml,pasleep,scale,weekly,3,s012,41284804,60,out/abcd-ml_pasleep_scale_weekly_3_s012_41284804_60.pkl
5788,39.0,47.09271442785003,abcd-ml,pasleep,scale,weekly,3,s012,41284804,60,out/abcd-ml_pasleep_scale_weekly_3_s012_41284804_60.pkl
5789,34.0,44.22759847792264,abcd-ml,pasleep,scale,weekly,3,s012,41284804,60,out/abcd-ml_pasleep_scale_weekly_3_s012_41284804_60.pkl
5790,40.0,46.444855025193235,abcd-ml,pasleep,scale,weekly,3,s012,41284804,60,out/abcd-ml_pasleep_scale_weekly_3_s012_41284804_60.pkl
5791,50.0,44.034036572132074,abcd-ml,pasleep,scale,weekly,3,s012,41284804,60,out/abcd-ml_pasleep_scale_weekly_3_s012_41284804_60.pkl
5792,40.0,46.29739997945168,abcd-ml,pasleep,scale,weekly,3,s012,41284804,60,out/abcd-ml_pasleep_scale_weekly_3_s012_41284804_60.pkl
5793,50.0,43.83678575041256,abcd-ml,pasleep,scale,weekly,3,s012,41284804,60,out/abcd-ml_pasleep_scale_weekly_3_s012_41284804_60.pkl
5794,40.0,46.36409469721031,abcd-ml,pasleep,scale,weekly,3,s012,41284804,60,out/abcd-ml_pasleep_scale_weekly_3_s012_41284804_60.pkl
5795,50.0,43.76331005524789,abcd-ml,pasleep,scale,weekly,3,s012,41284804,60,out/abcd-ml_pasleep_scale_weekly_3_s012_41284804_60.pkl
5796,40.0,46.010336414337075,abcd-ml,pasleep,scale,weekly,3,s012,41284804,60,out/abcd-ml_pasleep_scale_weekly_3_s012_41284804_60.pkl
5797,50.0,43.680922598705635,abcd-ml,pasleep,scale,weekly,3,s012,41284804,60,out/abcd-ml_pasleep_scale_weekly_3_s012_41284804_60.pkl
5798,40.0,45.71860021143338,abcd-ml,pasleep,scale,weekly,3,s012,41284804,60,out/abcd-ml_pasleep_scale_weekly_3_s012_41284804_60.pkl
5799,50.0,44.00433098192388,abcd-ml,pasleep,scale,weekly,3,s012,41284804,60,out/abcd-ml_pasleep_scale_weekly_3_s012_41284804_60.pkl
5800,40.0,47.23971478053522,abcd-ml,pasleep,scale,weekly,3,s012,41284804,60,out/abcd-ml_pasleep_scale_weekly_3_s012_41284804_60.pkl
5801,56.0,43.947280943064044,abcd-ml,pasleep,scale,weekly,3,s012,41284804,60,out/abcd-ml_pasleep_scale_weekly_3_s012_41284804_60.pkl
5802,40.0,47.098342710149915,abcd-ml,pasleep,scale,weekly,3,s012,41284804,60,out/abcd-ml_pasleep_scale_weekly_3_s012_41284804_60.pkl
5803,56.0,44.103931064666156,abcd-ml,pasleep,scale,weekly,3,s012,41284804,60,out/abcd-ml_pasleep_scale_weekly_3_s012_41284804_60.pkl
5804,40.0,47.03266705618635,abcd-ml,pasleep,scale,weekly,3,s012,41284804,60,out/abcd-ml_pasleep_scale_weekly_3_s012_41284804_60.pkl
5805,56.0,44.02715427814524,abcd-ml,pasleep,scale,weekly,3,s012,41284804,60,out/abcd-ml_pasleep_scale_weekly_3_s012_41284804_60.pkl
5806,40.0,47.00605832829879,abcd-ml,pasleep,scale,weekly,3,s012,41284804,60,out/abcd-ml_pasleep_scale_weekly_3_s012_41284804_60.pkl
5807,56.0,44.05708202090592,abcd-ml,pasleep,scale,weekly,3,s012,41284804,60,out/abcd-ml_pasleep_scale_weekly_3_s012_41284804_60.pkl
5808,40.0,46.882824909068134,abcd-ml,pasleep,scale,weekly,3,s012,41284804,60,out/abcd-ml_pasleep_scale_weekly_3_s012_41284804_60.pkl
5809,56.0,43.95107578418418,abcd-ml,pasleep,scale,weekly,3,s012,41284804,60,out/abcd-ml_pasleep_scale_weekly_3_s012_41284804_60.pkl
5810,39.0,48.46603265612801,abcd-ml,pasleep,scale,weekly,3,s012,41284804,60,out/abcd-ml_pasleep_scale_weekly_3_s012_41284804_60.pkl
5811,46.0,44.70631966850975,abcd-ml,pasleep,scale,weekly,3,s012,41284804,60,out/abcd-ml_pasleep_scale_weekly_3_s012_41284804_60.pkl
5812,39.0,47.81671764297479,abcd-ml,pasleep,scale,weekly,3,s012,41284804,60,out/abcd-ml_pasleep_scale_weekly_3_s012_41284804_60.pkl
5813,46.0,44.433419823263186,abcd-ml,pasleep,scale,weekly,3,s012,41284804,60,out/abcd-ml_pasleep_scale_weekly_3_s012_41284804_60.pkl
5814,39.0,46.93437971281905,abcd-ml,pasleep,scale,weekly,3,s012,41284804,60,out/abcd-ml_pasleep_scale_weekly_3_s012_41284804_60.pkl
5815,46.0,44.186775337323,abcd-ml,pasleep,scale,weekly,3,s012,41284804,60,out/abcd-ml_pasleep_scale_weekly_3_s012_41284804_60.pkl
5816,39.0,47.057200007087566,abcd-ml,pasleep,scale,weekly,3,s012,41284804,60,out/abcd-ml_pasleep_scale_weekly_3_s012_41284804_60.pkl
5817,46.0,44.38194956472579,abcd-ml,pasleep,scale,weekly,3,s012,41284804,60,out/abcd-ml_pasleep_scale_weekly_3_s012_41284804_60.pkl
5818,39.0,47.28009011865169,abcd-ml,pasleep,scale,weekly,3,s012,41284804,60,out/abcd-ml_pasleep_scale_weekly_3_s012_41284804_60.pkl
5819,46.0,44.13486059536086,abcd-ml,pasleep,scale,weekly,3,s012,41284804,60,out/abcd-ml_pasleep_scale_weekly_3_s012_41284804_60.pkl
5820,33.0,47.53120135657126,abcd-ml,pasleep,scale,weekly,3,s012,41284804,60,out/abcd-ml_pasleep_scale_weekly_3_s012_41284804_60.pkl
5821,34.0,44.524104539254225,abcd-ml,pasleep,scale,weekly,3,s012,41284804,60,out/abcd-ml_pasleep_scale_weekly_3_s012_41284804_60.pkl
5822,33.0,47.699440100788216,abcd-ml,pasleep,scale,weekly,3,s012,41284804,60,out/abcd-ml_pasleep_scale_weekly_3_s012_41284804_60.pkl
5823,34.0,44.33861410131162,abcd-ml,pasleep,scale,weekly,3,s012,41284804,60,out/abcd-ml_pasleep_scale_weekly_3_s012_41284804_60.pkl
5824,33.0,47.15085444178385,abcd-ml,pasleep,scale,weekly,3,s012,41284804,60,out/abcd-ml_pasleep_scale_weekly_3_s012_41284804_60.pkl
5825,34.0,44.40819471995806,abcd-ml,pasleep,scale,weekly,3,s012,41284804,60,out/abcd-ml_pasleep_scale_weekly_3_s012_41284804_60.pkl
5826,33.0,47.36338363249441,abcd-ml,pasleep,scale,weekly,3,s012,41284804,60,out/abcd-ml_pasleep_scale_weekly_3_s012_41284804_60.pkl
5827,34.0,44.17348616355004,abcd-ml,pasleep,scale,weekly,3,s012,41284804,60,out/abcd-ml_pasleep_scale_weekly_3_s012_41284804_60.pkl
5828,33.0,47.63590834049824,abcd-ml,pasleep,scale,weekly,3,s012,41284804,60,out/abcd-ml_pasleep_scale_weekly_3_s012_41284804_60.pkl
5829,34.0,44.28935602695255,abcd-ml,pasleep,scale,weekly,3,s012,41284804,60,out/abcd-ml_pasleep_scale_weekly_3_s012_41284804_60.pkl
5830,33.0,47.294287096316275,abcd-ml,pasleep,scale,weekly,3,s012,41284804,60,out/abcd-ml_pasleep_scale_weekly_3_s012_41284804_60.pkl
5831,34.0,44.66745234013359,abcd-ml,pasleep,scale,weekly,3,s012,41284804,60,out/abcd-ml_pasleep_scale_weekly_3_s012_41284804_60.pkl
5832,54.0,48.454911301706275,abcd-ml,pasleep,scale,weekly,3,s012,41284804,60,out/abcd-ml_pasleep_scale_weekly_3_s012_41284804_60.pkl
5833,67.0,44.59335526181011,abcd-ml,pasleep,scale,weekly,3,s012,41284804,60,out/abcd-ml_pasleep_scale_weekly_3_s012_41284804_60.pkl
5834,54.0,48.50842375236056,abcd-ml,pasleep,scale,weekly,3,s012,41284804,60,out/abcd-ml_pasleep_scale_weekly_3_s012_41284804_60.pkl
5835,67.0,44.53431001825119,abcd-ml,pasleep,scale,weekly,3,s012,41284804,60,out/abcd-ml_pasleep_scale_weekly_3_s012_41284804_60.pkl
5836,54.0,48.78972642001275,abcd-ml,pasleep,scale,weekly,3,s012,41284804,60,out/abcd-ml_pasleep_scale_weekly_3_s012_41284804_60.pkl
5837,67.0,44.75629338882423,abcd-ml,pasleep,scale,weekly,3,s012,41284804,60,out/abcd-ml_pasleep_scale_weekly_3_s012_41284804_60.pkl
5838,50.0,48.53865588020541,abcd-ml,pasleep,scale,weekly,3,s012,41284804,60,out/abcd-ml_pasleep_scale_weekly_3_s012_41284804_60.pkl
5839,49.0,44.464235834609795,abcd-ml,pasleep,scale,weekly,3,s012,41284804,60,out/abcd-ml_pasleep_scale_weekly_3_s012_41284804_60.pkl
5840,50.0,48.03045693406122,abcd-ml,pasleep,scale,weekly,3,s012,41284804,60,out/abcd-ml_pasleep_scale_weekly_3_s012_41284804_60.pkl
5841,49.0,44.19708544099032,abcd-ml,pasleep,scale,weekly,3,s012,41284804,60,out/abcd-ml_pasleep_scale_weekly_3_s012_41284804_60.pkl
5842,50.0,48.37023948204251,abcd-ml,pasleep,scale,weekly,3,s012,41284804,60,out/abcd-ml_pasleep_scale_weekly_3_s012_41284804_60.pkl
5843,49.0,44.65072991955558,abcd-ml,pasleep,scale,weekly,3,s012,41284804,60,out/abcd-ml_pasleep_scale_weekly_3_s012_41284804_60.pkl
5844,50.0,48.16914623773093,abcd-ml,pasleep,scale,weekly,3,s012,41284804,60,out/abcd-ml_pasleep_scale_weekly_3_s012_41284804_60.pkl
5845,49.0,44.46467012021263,abcd-ml,pasleep,scale,weekly,3,s012,41284804,60,out/abcd-ml_pasleep_scale_weekly_3_s012_41284804_60.pkl
5846,50.0,48.14317930864376,abcd-ml,pasleep,scale,weekly,3,s012,41284804,60,out/abcd-ml_pasleep_scale_weekly_3_s012_41284804_60.pkl
5847,49.0,44.49294212943213,abcd-ml,pasleep,scale,weekly,3,s012,41284804,60,out/abcd-ml_pasleep_scale_weekly_3_s012_41284804_60.pkl
5848,50.0,48.2864975665326,abcd-ml,pasleep,scale,weekly,3,s012,41284804,60,out/abcd-ml_pasleep_scale_weekly_3_s012_41284804_60.pkl
5849,49.0,44.155986806857086,abcd-ml,pasleep,scale,weekly,3,s012,41284804,60,out/abcd-ml_pasleep_scale_weekly_3_s012_41284804_60.pkl
5850,50.0,48.03863733198781,abcd-ml,pasleep,scale,weekly,3,s012,41284804,60,out/abcd-ml_pasleep_scale_weekly_3_s012_41284804_60.pkl
5851,49.0,44.43061374481586,abcd-ml,pasleep,scale,weekly,3,s012,41284804,60,out/abcd-ml_pasleep_scale_weekly_3_s012_41284804_60.pkl
5852,54.0,48.73790191602255,abcd-ml,pasleep,scale,weekly,3,s012,41284804,60,out/abcd-ml_pasleep_scale_weekly_3_s012_41284804_60.pkl
5853,46.0,44.98864690892486,abcd-ml,pasleep,scale,weekly,3,s012,41284804,60,out/abcd-ml_pasleep_scale_weekly_3_s012_41284804_60.pkl
5854,54.0,47.694169570209425,abcd-ml,pasleep,scale,weekly,3,s012,41284804,60,out/abcd-ml_pasleep_scale_weekly_3_s012_41284804_60.pkl
5855,46.0,44.56930937119715,abcd-ml,pasleep,scale,weekly,3,s012,41284804,60,out/abcd-ml_pasleep_scale_weekly_3_s012_41284804_60.pkl
5856,54.0,47.79556297773726,abcd-ml,pasleep,scale,weekly,3,s012,41284804,60,out/abcd-ml_pasleep_scale_weekly_3_s012_41284804_60.pkl
5857,46.0,44.456764337877246,abcd-ml,pasleep,scale,weekly,3,s012,41284804,60,out/abcd-ml_pasleep_scale_weekly_3_s012_41284804_60.pkl
5858,54.0,47.31100557535532,abcd-ml,pasleep,scale,weekly,3,s012,41284804,60,out/abcd-ml_pasleep_scale_weekly_3_s012_41284804_60.pkl
5859,46.0,44.510700733833545,abcd-ml,pasleep,scale,weekly,3,s012,41284804,60,out/abcd-ml_pasleep_scale_weekly_3_s012_41284804_60.pkl
5860,54.0,47.37748313351638,abcd-ml,pasleep,scale,weekly,3,s012,41284804,60,out/abcd-ml_pasleep_scale_weekly_3_s012_41284804_60.pkl
5861,46.0,44.4375159218924,abcd-ml,pasleep,scale,weekly,3,s012,41284804,60,out/abcd-ml_pasleep_scale_weekly_3_s012_41284804_60.pkl
5862,54.0,47.641359109176335,abcd-ml,pasleep,scale,weekly,3,s012,41284804,60,out/abcd-ml_pasleep_scale_weekly_3_s012_41284804_60.pkl
5863,46.0,44.31009592449716,abcd-ml,pasleep,scale,weekly,3,s012,41284804,60,out/abcd-ml_pasleep_scale_weekly_3_s012_41284804_60.pkl
5864,54.0,47.55663461776253,abcd-ml,pasleep,scale,weekly,3,s012,41284804,60,out/abcd-ml_pasleep_scale_weekly_3_s012_41284804_60.pkl
5865,46.0,44.4035804893349,abcd-ml,pasleep,scale,weekly,3,s012,41284804,60,out/abcd-ml_pasleep_scale_weekly_3_s012_41284804_60.pkl
5866,43.0,48.627213296698365,abcd-ml,pasleep,scale,weekly,3,s012,41284804,60,out/abcd-ml_pasleep_scale_weekly_3_s012_41284804_60.pkl
5867,44.0,44.2155762967609,abcd-ml,pasleep,scale,weekly,3,s012,41284804,60,out/abcd-ml_pasleep_scale_weekly_3_s012_41284804_60.pkl
5868,43.0,48.37548069225007,abcd-ml,pasleep,scale,weekly,3,s012,41284804,60,out/abcd-ml_pasleep_scale_weekly_3_s012_41284804_60.pkl
5869,44.0,44.494584360722286,abcd-ml,pasleep,scale,weekly,3,s012,41284804,60,out/abcd-ml_pasleep_scale_weekly_3_s012_41284804_60.pkl
5870,43.0,48.098982822608505,abcd-ml,pasleep,scale,weekly,3,s012,41284804,60,out/abcd-ml_pasleep_scale_weekly_3_s012_41284804_60.pkl
5871,44.0,44.346263209857916,abcd-ml,pasleep,scale,weekly,3,s012,41284804,60,out/abcd-ml_pasleep_scale_weekly_3_s012_41284804_60.pkl
5872,43.0,48.29611607003284,abcd-ml,pasleep,scale,weekly,3,s012,41284804,60,out/abcd-ml_pasleep_scale_weekly_3_s012_41284804_60.pkl
5873,44.0,44.42076717655853,abcd-ml,pasleep,scale,weekly,3,s012,41284804,60,out/abcd-ml_pasleep_scale_weekly_3_s012_41284804_60.pkl
5874,43.0,48.38275063383877,abcd-ml,pasleep,scale,weekly,3,s012,41284804,60,out/abcd-ml_pasleep_scale_weekly_3_s012_41284804_60.pkl
5875,44.0,44.32516731415009,abcd-ml,pasleep,scale,weekly,3,s012,41284804,60,out/abcd-ml_pasleep_scale_weekly_3_s012_41284804_60.pkl
5876,45.0,48.10315372955455,abcd-ml,pasleep,scale,weekly,3,s012,41284804,60,out/abcd-ml_pasleep_scale_weekly_3_s012_41284804_60.pkl
5877,46.0,44.35201271660726,abcd-ml,pasleep,scale,weekly,3,s012,41284804,60,out/abcd-ml_pasleep_scale_weekly_3_s012_41284804_60.pkl
5878,45.0,47.7394427320907,abcd-ml,pasleep,scale,weekly,3,s012,41284804,60,out/abcd-ml_pasleep_scale_weekly_3_s012_41284804_60.pkl
5879,46.0,44.04073753945927,abcd-ml,pasleep,scale,weekly,3,s012,41284804,60,out/abcd-ml_pasleep_scale_weekly_3_s012_41284804_60.pkl
5880,45.0,47.566045164711916,abcd-ml,pasleep,scale,weekly,3,s012,41284804,60,out/abcd-ml_pasleep_scale_weekly_3_s012_41284804_60.pkl
5881,46.0,44.232419713620814,abcd-ml,pasleep,scale,weekly,3,s012,41284804,60,out/abcd-ml_pasleep_scale_weekly_3_s012_41284804_60.pkl
5882,45.0,47.50791691795601,abcd-ml,pasleep,scale,weekly,3,s012,41284804,60,out/abcd-ml_pasleep_scale_weekly_3_s012_41284804_60.pkl
5883,46.0,44.272122699327625,abcd-ml,pasleep,scale,weekly,3,s012,41284804,60,out/abcd-ml_pasleep_scale_weekly_3_s012_41284804_60.pkl
5884,45.0,47.5458901927336,abcd-ml,pasleep,scale,weekly,3,s012,41284804,60,out/abcd-ml_pasleep_scale_weekly_3_s012_41284804_60.pkl
5885,46.0,44.22905973828145,abcd-ml,pasleep,scale,weekly,3,s012,41284804,60,out/abcd-ml_pasleep_scale_weekly_3_s012_41284804_60.pkl
5886,58.0,47.53818611777305,abcd-ml,pasleep,scale,weekly,3,s012,41284804,60,out/abcd-ml_pasleep_scale_weekly_3_s012_41284804_60.pkl
5887,55.0,44.47995007270134,abcd-ml,pasleep,scale,weekly,3,s012,41284804,60,out/abcd-ml_pasleep_scale_weekly_3_s012_41284804_60.pkl
5888,58.0,47.69533752858825,abcd-ml,pasleep,scale,weekly,3,s012,41284804,60,out/abcd-ml_pasleep_scale_weekly_3_s012_41284804_60.pkl
5889,55.0,44.30618730659741,abcd-ml,pasleep,scale,weekly,3,s012,41284804,60,out/abcd-ml_pasleep_scale_weekly_3_s012_41284804_60.pkl
5890,58.0,46.95710956053331,abcd-ml,pasleep,scale,weekly,3,s012,41284804,60,out/abcd-ml_pasleep_scale_weekly_3_s012_41284804_60.pkl
5891,55.0,44.19697400472253,abcd-ml,pasleep,scale,weekly,3,s012,41284804,60,out/abcd-ml_pasleep_scale_weekly_3_s012_41284804_60.pkl
5892,58.0,47.00052197801482,abcd-ml,pasleep,scale,weekly,3,s012,41284804,60,out/abcd-ml_pasleep_scale_weekly_3_s012_41284804_60.pkl
5893,55.0,44.14946434025212,abcd-ml,pasleep,scale,weekly,3,s012,41284804,60,out/abcd-ml_pasleep_scale_weekly_3_s012_41284804_60.pkl
5894,58.0,47.1587703844621,abcd-ml,pasleep,scale,weekly,3,s012,41284804,60,out/abcd-ml_pasleep_scale_weekly_3_s012_41284804_60.pkl
5895,55.0,44.085131260369266,abcd-ml,pasleep,scale,weekly,3,s012,41284804,60,out/abcd-ml_pasleep_scale_weekly_3_s012_41284804_60.pkl
5896,58.0,47.20199279030459,abcd-ml,pasleep,scale,weekly,3,s012,41284804,60,out/abcd-ml_pasleep_scale_weekly_3_s012_41284804_60.pkl
5897,55.0,44.037791852592804,abcd-ml,pasleep,scale,weekly,3,s012,41284804,60,out/abcd-ml_pasleep_scale_weekly_3_s012_41284804_60.pkl
5898,45.0,48.20843959063542,abcd-ml,pasleep,scale,weekly,3,s012,41284804,60,out/abcd-ml_pasleep_scale_weekly_3_s012_41284804_60.pkl
5899,51.0,44.12548741279058,abcd-ml,pasleep,scale,weekly,3,s012,41284804,60,out/abcd-ml_pasleep_scale_weekly_3_s012_41284804_60.pkl
5900,45.0,47.8744830938982,abcd-ml,pasleep,scale,weekly,3,s012,41284804,60,out/abcd-ml_pasleep_scale_weekly_3_s012_41284804_60.pkl
5901,51.0,44.495586858021,abcd-ml,pasleep,scale,weekly,3,s012,41284804,60,out/abcd-ml_pasleep_scale_weekly_3_s012_41284804_60.pkl
5902,45.0,48.02212101742339,abcd-ml,pasleep,scale,weekly,3,s012,41284804,60,out/abcd-ml_pasleep_scale_weekly_3_s012_41284804_60.pkl
5903,51.0,44.424226565270686,abcd-ml,pasleep,scale,weekly,3,s012,41284804,60,out/abcd-ml_pasleep_scale_weekly_3_s012_41284804_60.pkl
5904,45.0,48.044838970596814,abcd-ml,pasleep,scale,weekly,3,s012,41284804,60,out/abcd-ml_pasleep_scale_weekly_3_s012_41284804_60.pkl
5905,51.0,44.399790826919215,abcd-ml,pasleep,scale,weekly,3,s012,41284804,60,out/abcd-ml_pasleep_scale_weekly_3_s012_41284804_60.pkl
5906,45.0,48.45291697161224,abcd-ml,pasleep,scale,weekly,3,s012,41284804,60,out/abcd-ml_pasleep_scale_weekly_3_s012_41284804_60.pkl
5907,51.0,44.69720627640524,abcd-ml,pasleep,scale,weekly,3,s012,41284804,60,out/abcd-ml_pasleep_scale_weekly_3_s012_41284804_60.pkl
5908,45.0,48.55217049649852,abcd-ml,pasleep,scale,weekly,3,s012,41284804,60,out/abcd-ml_pasleep_scale_weekly_3_s012_41284804_60.pkl
5909,51.0,44.58617860102534,abcd-ml,pasleep,scale,weekly,3,s012,41284804,60,out/abcd-ml_pasleep_scale_weekly_3_s012_41284804_60.pkl
5910,58.0,47.25997453719994,abcd-ml,pasleep,scale,weekly,3,s012,41284804,60,out/abcd-ml_pasleep_scale_weekly_3_s012_41284804_60.pkl
5911,44.0,44.38416049604828,abcd-ml,pasleep,scale,weekly,3,s012,41284804,60,out/abcd-ml_pasleep_scale_weekly_3_s012_41284804_60.pkl
5912,58.0,47.35248364262273,abcd-ml,pasleep,scale,weekly,3,s012,41284804,60,out/abcd-ml_pasleep_scale_weekly_3_s012_41284804_60.pkl
5913,44.0,44.28126218961437,abcd-ml,pasleep,scale,weekly,3,s012,41284804,60,out/abcd-ml_pasleep_scale_weekly_3_s012_41284804_60.pkl
5914,58.0,48.09086245677316,abcd-ml,pasleep,scale,weekly,3,s012,41284804,60,out/abcd-ml_pasleep_scale_weekly_3_s012_41284804_60.pkl
5915,44.0,44.23813116473806,abcd-ml,pasleep,scale,weekly,3,s012,41284804,60,out/abcd-ml_pasleep_scale_weekly_3_s012_41284804_60.pkl
5916,58.0,48.01119412022205,abcd-ml,pasleep,scale,weekly,3,s012,41284804,60,out/abcd-ml_pasleep_scale_weekly_3_s012_41284804_60.pkl
5917,44.0,44.326380306486996,abcd-ml,pasleep,scale,weekly,3,s012,41284804,60,out/abcd-ml_pasleep_scale_weekly_3_s012_41284804_60.pkl
5918,58.0,47.45454805030259,abcd-ml,pasleep,scale,weekly,3,s012,41284804,60,out/abcd-ml_pasleep_scale_weekly_3_s012_41284804_60.pkl
5919,44.0,44.281285570397976,abcd-ml,pasleep,scale,weekly,3,s012,41284804,60,out/abcd-ml_pasleep_scale_weekly_3_s012_41284804_60.pkl
5920,58.0,47.41200180496628,abcd-ml,pasleep,scale,weekly,3,s012,41284804,60,out/abcd-ml_pasleep_scale_weekly_3_s012_41284804_60.pkl
5921,44.0,44.328272508478875,abcd-ml,pasleep,scale,weekly,3,s012,41284804,60,out/abcd-ml_pasleep_scale_weekly_3_s012_41284804_60.pkl
5922,67.0,47.821291220570274,abcd-ml,pasleep,scale,weekly,3,s012,41284804,60,out/abcd-ml_pasleep_scale_weekly_3_s012_41284804_60.pkl
5923,72.0,44.33128074194272,abcd-ml,pasleep,scale,weekly,3,s012,41284804,60,out/abcd-ml_pasleep_scale_weekly_3_s012_41284804_60.pkl
5924,67.0,47.676619926298734,abcd-ml,pasleep,scale,weekly,3,s012,41284804,60,out/abcd-ml_pasleep_scale_weekly_3_s012_41284804_60.pkl
5925,72.0,44.407172539050066,abcd-ml,pasleep,scale,weekly,3,s012,41284804,60,out/abcd-ml_pasleep_scale_weekly_3_s012_41284804_60.pkl
5926,67.0,47.44133451465484,abcd-ml,pasleep,scale,weekly,3,s012,41284804,60,out/abcd-ml_pasleep_scale_weekly_3_s012_41284804_60.pkl
5927,72.0,44.28350712526077,abcd-ml,pasleep,scale,weekly,3,s012,41284804,60,out/abcd-ml_pasleep_scale_weekly_3_s012_41284804_60.pkl
5928,64.0,47.70620659933563,abcd-ml,pasleep,scale,weekly,3,s012,41284804,60,out/abcd-ml_pasleep_scale_weekly_3_s012_41284804_60.pkl
5929,54.0,44.213347782629405,abcd-ml,pasleep,scale,weekly,3,s012,41284804,60,out/abcd-ml_pasleep_scale_weekly_3_s012_41284804_60.pkl
5930,64.0,47.56947516889253,abcd-ml,pasleep,scale,weekly,3,s012,41284804,60,out/abcd-ml_pasleep_scale_weekly_3_s012_41284804_60.pkl
5931,54.0,44.36456389673531,abcd-ml,pasleep,scale,weekly,3,s012,41284804,60,out/abcd-ml_pasleep_scale_weekly_3_s012_41284804_60.pkl
5932,64.0,48.45545908887578,abcd-ml,pasleep,scale,weekly,3,s012,41284804,60,out/abcd-ml_pasleep_scale_weekly_3_s012_41284804_60.pkl
5933,54.0,44.630832426346004,abcd-ml,pasleep,scale,weekly,3,s012,41284804,60,out/abcd-ml_pasleep_scale_weekly_3_s012_41284804_60.pkl
5934,64.0,48.33405572800635,abcd-ml,pasleep,scale,weekly,3,s012,41284804,60,out/abcd-ml_pasleep_scale_weekly_3_s012_41284804_60.pkl
5935,54.0,44.76631139871179,abcd-ml,pasleep,scale,weekly,3,s012,41284804,60,out/abcd-ml_pasleep_scale_weekly_3_s012_41284804_60.pkl
5936,64.0,48.00536385492751,abcd-ml,pasleep,scale,weekly,3,s012,41284804,60,out/abcd-ml_pasleep_scale_weekly_3_s012_41284804_60.pkl
5937,54.0,44.1549458816564,abcd-ml,pasleep,scale,weekly,3,s012,41284804,60,out/abcd-ml_pasleep_scale_weekly_3_s012_41284804_60.pkl
5938,64.0,47.87669301960172,abcd-ml,pasleep,scale,weekly,3,s012,41284804,60,out/abcd-ml_pasleep_scale_weekly_3_s012_41284804_60.pkl
5939,54.0,44.297127770036454,abcd-ml,pasleep,scale,weekly,3,s012,41284804,60,out/abcd-ml_pasleep_scale_weekly_3_s012_41284804_60.pkl
5940,59.0,47.86500503372146,abcd-ml,pasleep,scale,weekly,3,s012,41284804,60,out/abcd-ml_pasleep_scale_weekly_3_s012_41284804_60.pkl
5941,34.0,44.50075857137329,abcd-ml,pasleep,scale,weekly,3,s012,41284804,60,out/abcd-ml_pasleep_scale_weekly_3_s012_41284804_60.pkl
5942,59.0,47.86782760486631,abcd-ml,pasleep,scale,weekly,3,s012,41284804,60,out/abcd-ml_pasleep_scale_weekly_3_s012_41284804_60.pkl
5943,34.0,44.497944986103334,abcd-ml,pasleep,scale,weekly,3,s012,41284804,60,out/abcd-ml_pasleep_scale_weekly_3_s012_41284804_60.pkl
5944,59.0,47.05458602546592,abcd-ml,pasleep,scale,weekly,3,s012,41284804,60,out/abcd-ml_pasleep_scale_weekly_3_s012_41284804_60.pkl
5945,34.0,44.093303103963734,abcd-ml,pasleep,scale,weekly,3,s012,41284804,60,out/abcd-ml_pasleep_scale_weekly_3_s012_41284804_60.pkl
5946,59.0,47.06963227301286,abcd-ml,pasleep,scale,weekly,3,s012,41284804,60,out/abcd-ml_pasleep_scale_weekly_3_s012_41284804_60.pkl
5947,34.0,44.07687185431101,abcd-ml,pasleep,scale,weekly,3,s012,41284804,60,out/abcd-ml_pasleep_scale_weekly_3_s012_41284804_60.pkl
5948,59.0,47.14752486494513,abcd-ml,pasleep,scale,weekly,3,s012,41284804,60,out/abcd-ml_pasleep_scale_weekly_3_s012_41284804_60.pkl
5949,34.0,43.95994846716951,abcd-ml,pasleep,scale,weekly,3,s012,41284804,60,out/abcd-ml_pasleep_scale_weekly_3_s012_41284804_60.pkl
5950,59.0,47.09373393406993,abcd-ml,pasleep,scale,weekly,3,s012,41284804,60,out/abcd-ml_pasleep_scale_weekly_3_s012_41284804_60.pkl
5951,34.0,44.01991968595975,abcd-ml,pasleep,scale,weekly,3,s012,41284804,60,out/abcd-ml_pasleep_scale_weekly_3_s012_41284804_60.pkl
5952,43.0,48.37509229791038,abcd-ml,pasleep,scale,weekly,3,s012,41284804,60,out/abcd-ml_pasleep_scale_weekly_3_s012_41284804_60.pkl
5953,55.0,44.46405944563454,abcd-ml,pasleep,scale,weekly,3,s012,41284804,60,out/abcd-ml_pasleep_scale_weekly_3_s012_41284804_60.pkl
5954,43.0,47.79076973697556,abcd-ml,pasleep,scale,weekly,3,s012,41284804,60,out/abcd-ml_pasleep_scale_weekly_3_s012_41284804_60.pkl
5955,55.0,44.252269494102364,abcd-ml,pasleep,scale,weekly,3,s012,41284804,60,out/abcd-ml_pasleep_scale_weekly_3_s012_41284804_60.pkl
5956,43.0,47.85984776864614,abcd-ml,pasleep,scale,weekly,3,s012,41284804,60,out/abcd-ml_pasleep_scale_weekly_3_s012_41284804_60.pkl
5957,55.0,44.25336156951637,abcd-ml,pasleep,scale,weekly,3,s012,41284804,60,out/abcd-ml_pasleep_scale_weekly_3_s012_41284804_60.pkl
5958,33.0,47.73149710453661,abcd-ml,pasleep,scale,weekly,3,s012,41284804,60,out/abcd-ml_pasleep_scale_weekly_3_s012_41284804_60.pkl
5959,34.0,44.114231319996655,abcd-ml,pasleep,scale,weekly,3,s012,41284804,60,out/abcd-ml_pasleep_scale_weekly_3_s012_41284804_60.pkl
5960,33.0,47.61958368313938,abcd-ml,pasleep,scale,weekly,3,s012,41284804,60,out/abcd-ml_pasleep_scale_weekly_3_s012_41284804_60.pkl
5961,34.0,44.23870843092666,abcd-ml,pasleep,scale,weekly,3,s012,41284804,60,out/abcd-ml_pasleep_scale_weekly_3_s012_41284804_60.pkl
5962,33.0,47.80475599641523,abcd-ml,pasleep,scale,weekly,3,s012,41284804,60,out/abcd-ml_pasleep_scale_weekly_3_s012_41284804_60.pkl
5963,34.0,44.258678866531,abcd-ml,pasleep,scale,weekly,3,s012,41284804,60,out/abcd-ml_pasleep_scale_weekly_3_s012_41284804_60.pkl
5964,33.0,47.79187137845345,abcd-ml,pasleep,scale,weekly,3,s012,41284804,60,out/abcd-ml_pasleep_scale_weekly_3_s012_41284804_60.pkl
5965,34.0,44.272827967699435,abcd-ml,pasleep,scale,weekly,3,s012,41284804,60,out/abcd-ml_pasleep_scale_weekly_3_s012_41284804_60.pkl
5966,33.0,47.683198877435295,abcd-ml,pasleep,scale,weekly,3,s012,41284804,60,out/abcd-ml_pasleep_scale_weekly_3_s012_41284804_60.pkl
5967,34.0,44.31844770237003,abcd-ml,pasleep,scale,weekly,3,s012,41284804,60,out/abcd-ml_pasleep_scale_weekly_3_s012_41284804_60.pkl
5968,33.0,47.685146520957346,abcd-ml,pasleep,scale,weekly,3,s012,41284804,60,out/abcd-ml_pasleep_scale_weekly_3_s012_41284804_60.pkl
5969,34.0,44.31641567075693,abcd-ml,pasleep,scale,weekly,3,s012,41284804,60,out/abcd-ml_pasleep_scale_weekly_3_s012_41284804_60.pkl
5970,58.0,46.87550796044836,abcd-ml,pasleep,scale,weekly,3,s012,41284804,60,out/abcd-ml_pasleep_scale_weekly_3_s012_41284804_60.pkl
5971,44.0,44.3476977651556,abcd-ml,pasleep,scale,weekly,3,s012,41284804,60,out/abcd-ml_pasleep_scale_weekly_3_s012_41284804_60.pkl
5972,58.0,47.28217238691104,abcd-ml,pasleep,scale,weekly,3,s012,41284804,60,out/abcd-ml_pasleep_scale_weekly_3_s012_41284804_60.pkl
5973,44.0,44.26200198341979,abcd-ml,pasleep,scale,weekly,3,s012,41284804,60,out/abcd-ml_pasleep_scale_weekly_3_s012_41284804_60.pkl
5974,58.0,47.273363111195216,abcd-ml,pasleep,scale,weekly,3,s012,41284804,60,out/abcd-ml_pasleep_scale_weekly_3_s012_41284804_60.pkl
5975,44.0,44.307787823471386,abcd-ml,pasleep,scale,weekly,3,s012,41284804,60,out/abcd-ml_pasleep_scale_weekly_3_s012_41284804_60.pkl
5976,33.0,48.75506302148634,abcd-ml,pasleep,scale,weekly,3,s012,41284804,60,out/abcd-ml_pasleep_scale_weekly_3_s012_41284804_60.pkl
5977,34.0,44.42855396945089,abcd-ml,pasleep,scale,weekly,3,s012,41284804,60,out/abcd-ml_pasleep_scale_weekly_3_s012_41284804_60.pkl
5978,33.0,48.64214097971491,abcd-ml,pasleep,scale,weekly,3,s012,41284804,60,out/abcd-ml_pasleep_scale_weekly_3_s012_41284804_60.pkl
5979,34.0,44.55315165122578,abcd-ml,pasleep,scale,weekly,3,s012,41284804,60,out/abcd-ml_pasleep_scale_weekly_3_s012_41284804_60.pkl
5980,33.0,48.016747517935414,abcd-ml,pasleep,scale,weekly,3,s012,41284804,60,out/abcd-ml_pasleep_scale_weekly_3_s012_41284804_60.pkl
5981,34.0,44.59922513727917,abcd-ml,pasleep,scale,weekly,3,s012,41284804,60,out/abcd-ml_pasleep_scale_weekly_3_s012_41284804_60.pkl
5982,33.0,47.405897143808374,abcd-ml,pasleep,scale,weekly,3,s012,41284804,60,out/abcd-ml_pasleep_scale_weekly_3_s012_41284804_60.pkl
5983,34.0,44.44475804066322,abcd-ml,pasleep,scale,weekly,3,s012,41284804,60,out/abcd-ml_pasleep_scale_weekly_3_s012_41284804_60.pkl
5984,33.0,47.281350903260886,abcd-ml,pasleep,scale,weekly,3,s012,41284804,60,out/abcd-ml_pasleep_scale_weekly_3_s012_41284804_60.pkl
5985,34.0,44.58218197682393,abcd-ml,pasleep,scale,weekly,3,s012,41284804,60,out/abcd-ml_pasleep_scale_weekly_3_s012_41284804_60.pkl
5986,46.0,47.53607539860737,abcd-ml,pasleep,scale,weekly,3,s012,41284804,60,out/abcd-ml_pasleep_scale_weekly_3_s012_41284804_60.pkl
5987,44.0,44.1872888528262,abcd-ml,pasleep,scale,weekly,3,s012,41284804,60,out/abcd-ml_pasleep_scale_weekly_3_s012_41284804_60.pkl
5988,46.0,47.32749154982093,abcd-ml,pasleep,scale,weekly,3,s012,41284804,60,out/abcd-ml_pasleep_scale_weekly_3_s012_41284804_60.pkl
5989,44.0,44.25421658898529,abcd-ml,pasleep,scale,weekly,3,s012,41284804,60,out/abcd-ml_pasleep_scale_weekly_3_s012_41284804_60.pkl
5990,46.0,47.34020243690125,abcd-ml,pasleep,scale,weekly,3,s012,41284804,60,out/abcd-ml_pasleep_scale_weekly_3_s012_41284804_60.pkl
5991,44.0,44.24034778498485,abcd-ml,pasleep,scale,weekly,3,s012,41284804,60,out/abcd-ml_pasleep_scale_weekly_3_s012_41284804_60.pkl
5992,46.0,47.20079789234887,abcd-ml,pasleep,scale,weekly,3,s012,41284804,60,out/abcd-ml_pasleep_scale_weekly_3_s012_41284804_60.pkl
5993,44.0,44.21548475374231,abcd-ml,pasleep,scale,weekly,3,s012,41284804,60,out/abcd-ml_pasleep_scale_weekly_3_s012_41284804_60.pkl
5994,46.0,47.243439567720806,abcd-ml,pasleep,scale,weekly,3,s012,41284804,60,out/abcd-ml_pasleep_scale_weekly_3_s012_41284804_60.pkl
5995,44.0,44.16834165256937,abcd-ml,pasleep,scale,weekly,3,s012,41284804,60,out/abcd-ml_pasleep_scale_weekly_3_s012_41284804_60.pkl
5996,71.0,48.01650102574169,abcd-ml,pasleep,scale,weekly,3,s012,41284804,60,out/abcd-ml_pasleep_scale_weekly_3_s012_41284804_60.pkl
5997,70.0,44.552654450259965,abcd-ml,pasleep,scale,weekly,3,s012,41284804,60,out/abcd-ml_pasleep_scale_weekly_3_s012_41284804_60.pkl
5998,71.0,48.04759909145361,abcd-ml,pasleep,scale,weekly,3,s012,41284804,60,out/abcd-ml_pasleep_scale_weekly_3_s012_41284804_60.pkl
5999,70.0,44.51876550032965,abcd-ml,pasleep,scale,weekly,3,s012,41284804,60,out/abcd-ml_pasleep_scale_weekly_3_s012_41284804_60.pkl
6000,71.0,47.53033111465513,abcd-ml,pasleep,scale,weekly,3,s012,41284804,60,out/abcd-ml_pasleep_scale_weekly_3_s012_41284804_60.pkl
6001,70.0,44.26606057645931,abcd-ml,pasleep,scale,weekly,3,s012,41284804,60,out/abcd-ml_pasleep_scale_weekly_3_s012_41284804_60.pkl
6002,71.0,47.47742369443483,abcd-ml,pasleep,scale,weekly,3,s012,41284804,60,out/abcd-ml_pasleep_scale_weekly_3_s012_41284804_60.pkl
6003,70.0,44.324215983359075,abcd-ml,pasleep,scale,weekly,3,s012,41284804,60,out/abcd-ml_pasleep_scale_weekly_3_s012_41284804_60.pkl
6004,71.0,48.618364796570816,abcd-ml,pasleep,scale,weekly,3,s012,41284804,60,out/abcd-ml_pasleep_scale_weekly_3_s012_41284804_60.pkl
6005,70.0,44.66102172170454,abcd-ml,pasleep,scale,weekly,3,s012,41284804,60,out/abcd-ml_pasleep_scale_weekly_3_s012_41284804_60.pkl
6006,71.0,48.700742431833156,abcd-ml,pasleep,scale,weekly,3,s012,41284804,60,out/abcd-ml_pasleep_scale_weekly_3_s012_41284804_60.pkl
6007,70.0,44.57012658132501,abcd-ml,pasleep,scale,weekly,3,s012,41284804,60,out/abcd-ml_pasleep_scale_weekly_3_s012_41284804_60.pkl
6008,50.0,48.08228368124036,abcd-ml,pasleep,scale,weekly,3,s012,41284804,60,out/abcd-ml_pasleep_scale_weekly_3_s012_41284804_60.pkl
6009,34.0,44.359701084589844,abcd-ml,pasleep,scale,weekly,3,s012,41284804,60,out/abcd-ml_pasleep_scale_weekly_3_s012_41284804_60.pkl
6010,50.0,47.913049939272184,abcd-ml,pasleep,scale,weekly,3,s012,41284804,60,out/abcd-ml_pasleep_scale_weekly_3_s012_41284804_60.pkl
6011,34.0,44.21711600160621,abcd-ml,pasleep,scale,weekly,3,s012,41284804,60,out/abcd-ml_pasleep_scale_weekly_3_s012_41284804_60.pkl
6012,50.0,47.344139484328025,abcd-ml,pasleep,scale,weekly,3,s012,41284804,60,out/abcd-ml_pasleep_scale_weekly_3_s012_41284804_60.pkl
6013,34.0,44.12249521341932,abcd-ml,pasleep,scale,weekly,3,s012,41284804,60,out/abcd-ml_pasleep_scale_weekly_3_s012_41284804_60.pkl
6014,50.0,47.348144024115825,abcd-ml,pasleep,scale,weekly,3,s012,41284804,60,out/abcd-ml_pasleep_scale_weekly_3_s012_41284804_60.pkl
6015,34.0,44.118413825678644,abcd-ml,pasleep,scale,weekly,3,s012,41284804,60,out/abcd-ml_pasleep_scale_weekly_3_s012_41284804_60.pkl
6016,52.0,48.644537166327154,abcd-ml,pasleep,scale,weekly,3,s012,41284804,60,out/abcd-ml_pasleep_scale_weekly_3_s012_41284804_60.pkl
6017,40.0,44.5631649934419,abcd-ml,pasleep,scale,weekly,3,s012,41284804,60,out/abcd-ml_pasleep_scale_weekly_3_s012_41284804_60.pkl
6018,52.0,48.62324127024237,abcd-ml,pasleep,scale,weekly,3,s012,41284804,60,out/abcd-ml_pasleep_scale_weekly_3_s012_41284804_60.pkl
6019,40.0,44.6283280465631,abcd-ml,pasleep,scale,weekly,3,s012,41284804,60,out/abcd-ml_pasleep_scale_weekly_3_s012_41284804_60.pkl
6020,52.0,48.643689623412044,abcd-ml,pasleep,scale,weekly,3,s012,41284804,60,out/abcd-ml_pasleep_scale_weekly_3_s012_41284804_60.pkl
6021,40.0,44.605564859688755,abcd-ml,pasleep,scale,weekly,3,s012,41284804,60,out/abcd-ml_pasleep_scale_weekly_3_s012_41284804_60.pkl
6022,52.0,48.85184233203965,abcd-ml,pasleep,scale,weekly,3,s012,41284804,60,out/abcd-ml_pasleep_scale_weekly_3_s012_41284804_60.pkl
6023,40.0,44.498971120910355,abcd-ml,pasleep,scale,weekly,3,s012,41284804,60,out/abcd-ml_pasleep_scale_weekly_3_s012_41284804_60.pkl
6024,52.0,48.77024941630559,abcd-ml,pasleep,scale,weekly,3,s012,41284804,60,out/abcd-ml_pasleep_scale_weekly_3_s012_41284804_60.pkl
6025,40.0,44.589473322841634,abcd-ml,pasleep,scale,weekly,3,s012,41284804,60,out/abcd-ml_pasleep_scale_weekly_3_s012_41284804_60.pkl
6026,70.0,48.04170835176548,abcd-ml,pasleep,scale,weekly,3,s012,41284804,60,out/abcd-ml_pasleep_scale_weekly_3_s012_41284804_60.pkl
6027,58.0,44.20746742109873,abcd-ml,pasleep,scale,weekly,3,s012,41284804,60,out/abcd-ml_pasleep_scale_weekly_3_s012_41284804_60.pkl
6028,70.0,47.88965461489758,abcd-ml,pasleep,scale,weekly,3,s012,41284804,60,out/abcd-ml_pasleep_scale_weekly_3_s012_41284804_60.pkl
6029,58.0,44.375380632954375,abcd-ml,pasleep,scale,weekly,3,s012,41284804,60,out/abcd-ml_pasleep_scale_weekly_3_s012_41284804_60.pkl
6030,70.0,48.366306742958834,abcd-ml,pasleep,scale,weekly,3,s012,41284804,60,out/abcd-ml_pasleep_scale_weekly_3_s012_41284804_60.pkl
6031,58.0,44.32433726743786,abcd-ml,pasleep,scale,weekly,3,s012,41284804,60,out/abcd-ml_pasleep_scale_weekly_3_s012_41284804_60.pkl
6032,70.0,48.25367030620078,abcd-ml,pasleep,scale,weekly,3,s012,41284804,60,out/abcd-ml_pasleep_scale_weekly_3_s012_41284804_60.pkl
6033,58.0,44.448439689333014,abcd-ml,pasleep,scale,weekly,3,s012,41284804,60,out/abcd-ml_pasleep_scale_weekly_3_s012_41284804_60.pkl
6034,70.0,48.079558053782556,abcd-ml,pasleep,scale,weekly,3,s012,41284804,60,out/abcd-ml_pasleep_scale_weekly_3_s012_41284804_60.pkl
6035,58.0,44.15263006518806,abcd-ml,pasleep,scale,weekly,3,s012,41284804,60,out/abcd-ml_pasleep_scale_weekly_3_s012_41284804_60.pkl
6036,48.0,48.18279321313737,abcd-ml,pasleep,scale,weekly,3,s012,41284804,60,out/abcd-ml_pasleep_scale_weekly_3_s012_41284804_60.pkl
6037,51.0,44.597555773670095,abcd-ml,pasleep,scale,weekly,3,s012,41284804,60,out/abcd-ml_pasleep_scale_weekly_3_s012_41284804_60.pkl
6038,48.0,48.27114535477838,abcd-ml,pasleep,scale,weekly,3,s012,41284804,60,out/abcd-ml_pasleep_scale_weekly_3_s012_41284804_60.pkl
6039,51.0,44.50015734954769,abcd-ml,pasleep,scale,weekly,3,s012,41284804,60,out/abcd-ml_pasleep_scale_weekly_3_s012_41284804_60.pkl
6040,48.0,48.54661609563731,abcd-ml,pasleep,scale,weekly,3,s012,41284804,60,out/abcd-ml_pasleep_scale_weekly_3_s012_41284804_60.pkl
6041,51.0,44.54797201127931,abcd-ml,pasleep,scale,weekly,3,s012,41284804,60,out/abcd-ml_pasleep_scale_weekly_3_s012_41284804_60.pkl
6042,48.0,48.45946845934254,abcd-ml,pasleep,scale,weekly,3,s012,41284804,60,out/abcd-ml_pasleep_scale_weekly_3_s012_41284804_60.pkl
6043,51.0,44.644079590609564,abcd-ml,pasleep,scale,weekly,3,s012,41284804,60,out/abcd-ml_pasleep_scale_weekly_3_s012_41284804_60.pkl
6044,48.0,48.34746928512149,abcd-ml,pasleep,scale,weekly,3,s012,41284804,60,out/abcd-ml_pasleep_scale_weekly_3_s012_41284804_60.pkl
6045,51.0,44.56623156142258,abcd-ml,pasleep,scale,weekly,3,s012,41284804,60,out/abcd-ml_pasleep_scale_weekly_3_s012_41284804_60.pkl
6046,48.0,48.25848718058739,abcd-ml,pasleep,scale,weekly,3,s012,41284804,60,out/abcd-ml_pasleep_scale_weekly_3_s012_41284804_60.pkl
6047,51.0,44.6644140264772,abcd-ml,pasleep,scale,weekly,3,s012,41284804,60,out/abcd-ml_pasleep_scale_weekly_3_s012_41284804_60.pkl
6048,62.0,47.41002828627397,abcd-ml,pasleep,scale,weekly,3,s012,41284804,60,out/abcd-ml_pasleep_scale_weekly_3_s012_41284804_60.pkl
6049,63.0,44.1334922525383,abcd-ml,pasleep,scale,weekly,3,s012,41284804,60,out/abcd-ml_pasleep_scale_weekly_3_s012_41284804_60.pkl
6050,62.0,47.350779397366615,abcd-ml,pasleep,scale,weekly,3,s012,41284804,60,out/abcd-ml_pasleep_scale_weekly_3_s012_41284804_60.pkl
6051,63.0,44.19900726714191,abcd-ml,pasleep,scale,weekly,3,s012,41284804,60,out/abcd-ml_pasleep_scale_weekly_3_s012_41284804_60.pkl
6052,62.0,47.52932405009432,abcd-ml,pasleep,scale,weekly,3,s012,41284804,60,out/abcd-ml_pasleep_scale_weekly_3_s012_41284804_60.pkl
6053,63.0,44.40945117684157,abcd-ml,pasleep,scale,weekly,3,s012,41284804,60,out/abcd-ml_pasleep_scale_weekly_3_s012_41284804_60.pkl
6054,62.0,47.5416873516387,abcd-ml,pasleep,scale,weekly,3,s012,41284804,60,out/abcd-ml_pasleep_scale_weekly_3_s012_41284804_60.pkl
6055,63.0,44.3954093733903,abcd-ml,pasleep,scale,weekly,3,s012,41284804,60,out/abcd-ml_pasleep_scale_weekly_3_s012_41284804_60.pkl
6056,62.0,47.860111881151276,abcd-ml,pasleep,scale,weekly,3,s012,41284804,60,out/abcd-ml_pasleep_scale_weekly_3_s012_41284804_60.pkl
6057,63.0,44.5138219506819,abcd-ml,pasleep,scale,weekly,3,s012,41284804,60,out/abcd-ml_pasleep_scale_weekly_3_s012_41284804_60.pkl
6058,62.0,47.91378033482756,abcd-ml,pasleep,scale,weekly,3,s012,41284804,60,out/abcd-ml_pasleep_scale_weekly_3_s012_41284804_60.pkl
6059,63.0,44.45460425645376,abcd-ml,pasleep,scale,weekly,3,s012,41284804,60,out/abcd-ml_pasleep_scale_weekly_3_s012_41284804_60.pkl
6060,52.0,47.91281235126196,abcd-ml,pasleep,scale,weekly,3,s012,41284804,60,out/abcd-ml_pasleep_scale_weekly_3_s012_41284804_60.pkl
6061,52.0,44.64951309704537,abcd-ml,pasleep,scale,weekly,3,s012,41284804,60,out/abcd-ml_pasleep_scale_weekly_3_s012_41284804_60.pkl
6062,52.0,48.101878184839975,abcd-ml,pasleep,scale,weekly,3,s012,41284804,60,out/abcd-ml_pasleep_scale_weekly_3_s012_41284804_60.pkl
6063,52.0,44.44067836122484,abcd-ml,pasleep,scale,weekly,3,s012,41284804,60,out/abcd-ml_pasleep_scale_weekly_3_s012_41284804_60.pkl
6064,52.0,48.2335774942831,abcd-ml,pasleep,scale,weekly,3,s012,41284804,60,out/abcd-ml_pasleep_scale_weekly_3_s012_41284804_60.pkl
6065,52.0,44.41726160123312,abcd-ml,pasleep,scale,weekly,3,s012,41284804,60,out/abcd-ml_pasleep_scale_weekly_3_s012_41284804_60.pkl
6066,52.0,48.05159252731442,abcd-ml,pasleep,scale,weekly,3,s012,41284804,60,out/abcd-ml_pasleep_scale_weekly_3_s012_41284804_60.pkl
6067,52.0,44.61827951681274,abcd-ml,pasleep,scale,weekly,3,s012,41284804,60,out/abcd-ml_pasleep_scale_weekly_3_s012_41284804_60.pkl
6068,52.0,47.81910320580412,abcd-ml,pasleep,scale,weekly,3,s012,41284804,60,out/abcd-ml_pasleep_scale_weekly_3_s012_41284804_60.pkl
6069,52.0,44.525148323625665,abcd-ml,pasleep,scale,weekly,3,s012,41284804,60,out/abcd-ml_pasleep_scale_weekly_3_s012_41284804_60.pkl
6070,40.0,48.53022241492367,abcd-ml,pasleep,scale,weekly,3,s012,41284804,60,out/abcd-ml_pasleep_scale_weekly_3_s012_41284804_60.pkl
6071,34.0,44.73167555988543,abcd-ml,pasleep,scale,weekly,3,s012,41284804,60,out/abcd-ml_pasleep_scale_weekly_3_s012_41284804_60.pkl
6072,40.0,48.523192832397,abcd-ml,pasleep,scale,weekly,3,s012,41284804,60,out/abcd-ml_pasleep_scale_weekly_3_s012_41284804_60.pkl
6073,34.0,44.73973240692878,abcd-ml,pasleep,scale,weekly,3,s012,41284804,60,out/abcd-ml_pasleep_scale_weekly_3_s012_41284804_60.pkl
6074,40.0,46.86129840020634,abcd-ml,pasleep,scale,weekly,3,s012,41284804,60,out/abcd-ml_pasleep_scale_weekly_3_s012_41284804_60.pkl
6075,34.0,44.12604458674648,abcd-ml,pasleep,scale,weekly,3,s012,41284804,60,out/abcd-ml_pasleep_scale_weekly_3_s012_41284804_60.pkl
6076,40.0,47.66497941223645,abcd-ml,pasleep,scale,weekly,3,s012,41284804,60,out/abcd-ml_pasleep_scale_weekly_3_s012_41284804_60.pkl
6077,34.0,44.525967907129,abcd-ml,pasleep,scale,weekly,3,s012,41284804,60,out/abcd-ml_pasleep_scale_weekly_3_s012_41284804_60.pkl
6078,53.0,48.22167918536796,abcd-ml,pasleep,scale,weekly,3,s012,41284804,60,out/abcd-ml_pasleep_scale_weekly_3_s012_41284804_60.pkl
6079,46.0,44.49567669113229,abcd-ml,pasleep,scale,weekly,3,s012,41284804,60,out/abcd-ml_pasleep_scale_weekly_3_s012_41284804_60.pkl
6080,53.0,48.25152361632992,abcd-ml,pasleep,scale,weekly,3,s012,41284804,60,out/abcd-ml_pasleep_scale_weekly_3_s012_41284804_60.pkl
6081,46.0,44.46278221079142,abcd-ml,pasleep,scale,weekly,3,s012,41284804,60,out/abcd-ml_pasleep_scale_weekly_3_s012_41284804_60.pkl
6082,53.0,48.13311092357257,abcd-ml,pasleep,scale,weekly,3,s012,41284804,60,out/abcd-ml_pasleep_scale_weekly_3_s012_41284804_60.pkl
6083,46.0,44.39949394380045,abcd-ml,pasleep,scale,weekly,3,s012,41284804,60,out/abcd-ml_pasleep_scale_weekly_3_s012_41284804_60.pkl
6084,53.0,48.00909380573025,abcd-ml,pasleep,scale,weekly,3,s012,41284804,60,out/abcd-ml_pasleep_scale_weekly_3_s012_41284804_60.pkl
6085,46.0,44.53700537926157,abcd-ml,pasleep,scale,weekly,3,s012,41284804,60,out/abcd-ml_pasleep_scale_weekly_3_s012_41284804_60.pkl
6086,53.0,47.733860865077794,abcd-ml,pasleep,scale,weekly,3,s012,41284804,60,out/abcd-ml_pasleep_scale_weekly_3_s012_41284804_60.pkl
6087,46.0,44.330337181567,abcd-ml,pasleep,scale,weekly,3,s012,41284804,60,out/abcd-ml_pasleep_scale_weekly_3_s012_41284804_60.pkl
6088,53.0,47.706550970952726,abcd-ml,pasleep,scale,weekly,3,s012,41284804,60,out/abcd-ml_pasleep_scale_weekly_3_s012_41284804_60.pkl
6089,46.0,44.360825756404495,abcd-ml,pasleep,scale,weekly,3,s012,41284804,60,out/abcd-ml_pasleep_scale_weekly_3_s012_41284804_60.pkl
6090,39.0,48.0434256179275,abcd-ml,pasleep,scale,weekly,3,s012,41284804,60,out/abcd-ml_pasleep_scale_weekly_3_s012_41284804_60.pkl
6091,40.0,44.31129138507225,abcd-ml,pasleep,scale,weekly,3,s012,41284804,60,out/abcd-ml_pasleep_scale_weekly_3_s012_41284804_60.pkl
6092,39.0,47.86572590266797,abcd-ml,pasleep,scale,weekly,3,s012,41284804,60,out/abcd-ml_pasleep_scale_weekly_3_s012_41284804_60.pkl
6093,40.0,44.264317343923274,abcd-ml,pasleep,scale,weekly,3,s012,41284804,60,out/abcd-ml_pasleep_scale_weekly_3_s012_41284804_60.pkl
6094,39.0,47.787160342184556,abcd-ml,pasleep,scale,weekly,3,s012,41284804,60,out/abcd-ml_pasleep_scale_weekly_3_s012_41284804_60.pkl
6095,40.0,44.351102627589356,abcd-ml,pasleep,scale,weekly,3,s012,41284804,60,out/abcd-ml_pasleep_scale_weekly_3_s012_41284804_60.pkl
6096,39.0,47.82293658837,abcd-ml,pasleep,scale,weekly,3,s012,41284804,60,out/abcd-ml_pasleep_scale_weekly_3_s012_41284804_60.pkl
6097,40.0,44.32049165138267,abcd-ml,pasleep,scale,weekly,3,s012,41284804,60,out/abcd-ml_pasleep_scale_weekly_3_s012_41284804_60.pkl
6098,39.0,47.82064018595603,abcd-ml,pasleep,scale,weekly,3,s012,41284804,60,out/abcd-ml_pasleep_scale_weekly_3_s012_41284804_60.pkl
6099,40.0,44.32254717942379,abcd-ml,pasleep,scale,weekly,3,s012,41284804,60,out/abcd-ml_pasleep_scale_weekly_3_s012_41284804_60.pkl
6100,48.0,46.97721035656679,abcd-ml,pasleep,scale,weekly,3,s012,41284804,60,out/abcd-ml_pasleep_scale_weekly_3_s012_41284804_60.pkl
6101,40.0,44.25062149139043,abcd-ml,pasleep,scale,weekly,3,s012,41284804,60,out/abcd-ml_pasleep_scale_weekly_3_s012_41284804_60.pkl
6102,48.0,47.02678081460582,abcd-ml,pasleep,scale,weekly,3,s012,41284804,60,out/abcd-ml_pasleep_scale_weekly_3_s012_41284804_60.pkl
6103,40.0,44.19596306297004,abcd-ml,pasleep,scale,weekly,3,s012,41284804,60,out/abcd-ml_pasleep_scale_weekly_3_s012_41284804_60.pkl
6104,48.0,47.00139883858998,abcd-ml,pasleep,scale,weekly,3,s012,41284804,60,out/abcd-ml_pasleep_scale_weekly_3_s012_41284804_60.pkl
6105,40.0,44.089542802179245,abcd-ml,pasleep,scale,weekly,3,s012,41284804,60,out/abcd-ml_pasleep_scale_weekly_3_s012_41284804_60.pkl
6106,48.0,47.05251294708008,abcd-ml,pasleep,scale,weekly,3,s012,41284804,60,out/abcd-ml_pasleep_scale_weekly_3_s012_41284804_60.pkl
6107,40.0,44.03314359950127,abcd-ml,pasleep,scale,weekly,3,s012,41284804,60,out/abcd-ml_pasleep_scale_weekly_3_s012_41284804_60.pkl
6108,48.0,47.172451716317894,abcd-ml,pasleep,scale,weekly,3,s012,41284804,60,out/abcd-ml_pasleep_scale_weekly_3_s012_41284804_60.pkl
6109,40.0,44.06057479477444,abcd-ml,pasleep,scale,weekly,3,s012,41284804,60,out/abcd-ml_pasleep_scale_weekly_3_s012_41284804_60.pkl
6110,40.0,48.058760514567794,abcd-ml,pasleep,scale,weekly,3,s012,41284804,60,out/abcd-ml_pasleep_scale_weekly_3_s012_41284804_60.pkl
6111,40.0,44.595590377650836,abcd-ml,pasleep,scale,weekly,3,s012,41284804,60,out/abcd-ml_pasleep_scale_weekly_3_s012_41284804_60.pkl
6112,40.0,47.12849168190903,abcd-ml,pasleep,scale,weekly,3,s012,41284804,60,out/abcd-ml_pasleep_scale_weekly_3_s012_41284804_60.pkl
6113,40.0,44.40312476302263,abcd-ml,pasleep,scale,weekly,3,s012,41284804,60,out/abcd-ml_pasleep_scale_weekly_3_s012_41284804_60.pkl
6114,40.0,47.7845809026516,abcd-ml,pasleep,scale,weekly,3,s012,41284804,60,out/abcd-ml_pasleep_scale_weekly_3_s012_41284804_60.pkl
6115,40.0,44.50216129197468,abcd-ml,pasleep,scale,weekly,3,s012,41284804,60,out/abcd-ml_pasleep_scale_weekly_3_s012_41284804_60.pkl
6116,54.0,48.27138349836401,abcd-ml,pasleep,scale,weekly,3,s012,41284804,60,out/abcd-ml_pasleep_scale_weekly_3_s012_41284804_60.pkl
6117,57.0,44.484596635362976,abcd-ml,pasleep,scale,weekly,3,s012,41284804,60,out/abcd-ml_pasleep_scale_weekly_3_s012_41284804_60.pkl
6118,54.0,48.41454938655589,abcd-ml,pasleep,scale,weekly,3,s012,41284804,60,out/abcd-ml_pasleep_scale_weekly_3_s012_41284804_60.pkl
6119,57.0,44.49562736574036,abcd-ml,pasleep,scale,weekly,3,s012,41284804,60,out/abcd-ml_pasleep_scale_weekly_3_s012_41284804_60.pkl
6120,54.0,48.462671213587356,abcd-ml,pasleep,scale,weekly,3,s012,41284804,60,out/abcd-ml_pasleep_scale_weekly_3_s012_41284804_60.pkl
6121,57.0,44.44237296434548,abcd-ml,pasleep,scale,weekly,3,s012,41284804,60,out/abcd-ml_pasleep_scale_weekly_3_s012_41284804_60.pkl
6122,54.0,47.34349924728187,abcd-ml,pasleep,scale,weekly,3,s012,41284804,60,out/abcd-ml_pasleep_scale_weekly_3_s012_41284804_60.pkl
6123,57.0,44.591616795258005,abcd-ml,pasleep,scale,weekly,3,s012,41284804,60,out/abcd-ml_pasleep_scale_weekly_3_s012_41284804_60.pkl
6124,54.0,47.536048725327866,abcd-ml,pasleep,scale,weekly,3,s012,41284804,60,out/abcd-ml_pasleep_scale_weekly_3_s012_41284804_60.pkl
6125,57.0,44.377951233914985,abcd-ml,pasleep,scale,weekly,3,s012,41284804,60,out/abcd-ml_pasleep_scale_weekly_3_s012_41284804_60.pkl
6126,43.0,47.66622110686397,abcd-ml,pasleep,scale,weekly,3,s012,41284804,60,out/abcd-ml_pasleep_scale_weekly_3_s012_41284804_60.pkl
6127,41.0,44.50618055704261,abcd-ml,pasleep,scale,weekly,3,s012,41284804,60,out/abcd-ml_pasleep_scale_weekly_3_s012_41284804_60.pkl
6128,43.0,47.80558522874503,abcd-ml,pasleep,scale,weekly,3,s012,41284804,60,out/abcd-ml_pasleep_scale_weekly_3_s012_41284804_60.pkl
6129,41.0,44.35240667579341,abcd-ml,pasleep,scale,weekly,3,s012,41284804,60,out/abcd-ml_pasleep_scale_weekly_3_s012_41284804_60.pkl
6130,43.0,47.64479688195872,abcd-ml,pasleep,scale,weekly,3,s012,41284804,60,out/abcd-ml_pasleep_scale_weekly_3_s012_41284804_60.pkl
6131,41.0,44.363083980183454,abcd-ml,pasleep,scale,weekly,3,s012,41284804,60,out/abcd-ml_pasleep_scale_weekly_3_s012_41284804_60.pkl
6132,43.0,47.76742860266326,abcd-ml,pasleep,scale,weekly,3,s012,41284804,60,out/abcd-ml_pasleep_scale_weekly_3_s012_41284804_60.pkl
6133,41.0,44.2278361753368,abcd-ml,pasleep,scale,weekly,3,s012,41284804,60,out/abcd-ml_pasleep_scale_weekly_3_s012_41284804_60.pkl
6134,43.0,47.761916738323436,abcd-ml,pasleep,scale,weekly,3,s012,41284804,60,out/abcd-ml_pasleep_scale_weekly_3_s012_41284804_60.pkl
6135,41.0,44.24935618642965,abcd-ml,pasleep,scale,weekly,3,s012,41284804,60,out/abcd-ml_pasleep_scale_weekly_3_s012_41284804_60.pkl
6136,43.0,47.525116196733215,abcd-ml,pasleep,scale,weekly,3,s012,41284804,60,out/abcd-ml_pasleep_scale_weekly_3_s012_41284804_60.pkl
6137,41.0,44.51142418694965,abcd-ml,pasleep,scale,weekly,3,s012,41284804,60,out/abcd-ml_pasleep_scale_weekly_3_s012_41284804_60.pkl
6138,58.0,48.485538379588334,abcd-ml,pasleep,scale,weekly,3,s012,41284804,60,out/abcd-ml_pasleep_scale_weekly_3_s012_41284804_60.pkl
6139,47.0,44.48365050402347,abcd-ml,pasleep,scale,weekly,3,s012,41284804,60,out/abcd-ml_pasleep_scale_weekly_3_s012_41284804_60.pkl
6140,58.0,48.44837846303774,abcd-ml,pasleep,scale,weekly,3,s012,41284804,60,out/abcd-ml_pasleep_scale_weekly_3_s012_41284804_60.pkl
6141,47.0,44.52493657387558,abcd-ml,pasleep,scale,weekly,3,s012,41284804,60,out/abcd-ml_pasleep_scale_weekly_3_s012_41284804_60.pkl
6142,58.0,48.528955236602506,abcd-ml,pasleep,scale,weekly,3,s012,41284804,60,out/abcd-ml_pasleep_scale_weekly_3_s012_41284804_60.pkl
6143,47.0,44.565789975955994,abcd-ml,pasleep,scale,weekly,3,s012,41284804,60,out/abcd-ml_pasleep_scale_weekly_3_s012_41284804_60.pkl
6144,58.0,48.481309195141925,abcd-ml,pasleep,scale,weekly,3,s012,41284804,60,out/abcd-ml_pasleep_scale_weekly_3_s012_41284804_60.pkl
6145,47.0,44.61872338888932,abcd-ml,pasleep,scale,weekly,3,s012,41284804,60,out/abcd-ml_pasleep_scale_weekly_3_s012_41284804_60.pkl
6146,58.0,48.46015495647775,abcd-ml,pasleep,scale,weekly,3,s012,41284804,60,out/abcd-ml_pasleep_scale_weekly_3_s012_41284804_60.pkl
6147,47.0,44.47547491023301,abcd-ml,pasleep,scale,weekly,3,s012,41284804,60,out/abcd-ml_pasleep_scale_weekly_3_s012_41284804_60.pkl
6148,68.0,48.12475828714151,abcd-ml,pasleep,scale,weekly,3,s012,41284804,60,out/abcd-ml_pasleep_scale_weekly_3_s012_41284804_60.pkl
6149,51.0,44.30349656273632,abcd-ml,pasleep,scale,weekly,3,s012,41284804,60,out/abcd-ml_pasleep_scale_weekly_3_s012_41284804_60.pkl
6150,68.0,47.99270683424875,abcd-ml,pasleep,scale,weekly,3,s012,41284804,60,out/abcd-ml_pasleep_scale_weekly_3_s012_41284804_60.pkl
6151,51.0,44.44975478331236,abcd-ml,pasleep,scale,weekly,3,s012,41284804,60,out/abcd-ml_pasleep_scale_weekly_3_s012_41284804_60.pkl
6152,68.0,47.915400276035164,abcd-ml,pasleep,scale,weekly,3,s012,41284804,60,out/abcd-ml_pasleep_scale_weekly_3_s012_41284804_60.pkl
6153,51.0,44.33092201208861,abcd-ml,pasleep,scale,weekly,3,s012,41284804,60,out/abcd-ml_pasleep_scale_weekly_3_s012_41284804_60.pkl
6154,68.0,47.812378181574346,abcd-ml,pasleep,scale,weekly,3,s012,41284804,60,out/abcd-ml_pasleep_scale_weekly_3_s012_41284804_60.pkl
6155,51.0,44.445753069059485,abcd-ml,pasleep,scale,weekly,3,s012,41284804,60,out/abcd-ml_pasleep_scale_weekly_3_s012_41284804_60.pkl
6156,68.0,47.804065966913655,abcd-ml,pasleep,scale,weekly,3,s012,41284804,60,out/abcd-ml_pasleep_scale_weekly_3_s012_41284804_60.pkl
6157,51.0,44.27784580412361,abcd-ml,pasleep,scale,weekly,3,s012,41284804,60,out/abcd-ml_pasleep_scale_weekly_3_s012_41284804_60.pkl
6158,68.0,47.76322902470073,abcd-ml,pasleep,scale,weekly,3,s012,41284804,60,out/abcd-ml_pasleep_scale_weekly_3_s012_41284804_60.pkl
6159,51.0,44.322736488566974,abcd-ml,pasleep,scale,weekly,3,s012,41284804,60,out/abcd-ml_pasleep_scale_weekly_3_s012_41284804_60.pkl
6160,34.0,48.02913724017517,abcd-ml,pasleep,scale,weekly,3,s012,41284804,60,out/abcd-ml_pasleep_scale_weekly_3_s012_41284804_60.pkl
6161,34.0,44.255780336661,abcd-ml,pasleep,scale,weekly,3,s012,41284804,60,out/abcd-ml_pasleep_scale_weekly_3_s012_41284804_60.pkl
6162,34.0,47.72595524485761,abcd-ml,pasleep,scale,weekly,3,s012,41284804,60,out/abcd-ml_pasleep_scale_weekly_3_s012_41284804_60.pkl
6163,34.0,44.134960387970054,abcd-ml,pasleep,scale,weekly,3,s012,41284804,60,out/abcd-ml_pasleep_scale_weekly_3_s012_41284804_60.pkl
6164,34.0,47.63505332604604,abcd-ml,pasleep,scale,weekly,3,s012,41284804,60,out/abcd-ml_pasleep_scale_weekly_3_s012_41284804_60.pkl
6165,34.0,44.23540387254499,abcd-ml,pasleep,scale,weekly,3,s012,41284804,60,out/abcd-ml_pasleep_scale_weekly_3_s012_41284804_60.pkl
6166,34.0,48.36506068952894,abcd-ml,pasleep,scale,weekly,3,s012,41284804,60,out/abcd-ml_pasleep_scale_weekly_3_s012_41284804_60.pkl
6167,34.0,44.447974244407376,abcd-ml,pasleep,scale,weekly,3,s012,41284804,60,out/abcd-ml_pasleep_scale_weekly_3_s012_41284804_60.pkl
6168,34.0,48.359296421673605,abcd-ml,pasleep,scale,weekly,3,s012,41284804,60,out/abcd-ml_pasleep_scale_weekly_3_s012_41284804_60.pkl
6169,34.0,44.453840115414266,abcd-ml,pasleep,scale,weekly,3,s012,41284804,60,out/abcd-ml_pasleep_scale_weekly_3_s012_41284804_60.pkl
6170,55.0,48.39183693464911,abcd-ml,pasleep,scale,weekly,3,s012,41284804,60,out/abcd-ml_pasleep_scale_weekly_3_s012_41284804_60.pkl
6171,53.0,44.44310057344515,abcd-ml,pasleep,scale,weekly,3,s012,41284804,60,out/abcd-ml_pasleep_scale_weekly_3_s012_41284804_60.pkl
6172,55.0,48.3325375263256,abcd-ml,pasleep,scale,weekly,3,s012,41284804,60,out/abcd-ml_pasleep_scale_weekly_3_s012_41284804_60.pkl
6173,53.0,44.50883202871737,abcd-ml,pasleep,scale,weekly,3,s012,41284804,60,out/abcd-ml_pasleep_scale_weekly_3_s012_41284804_60.pkl
6174,55.0,48.15298463754042,abcd-ml,pasleep,scale,weekly,3,s012,41284804,60,out/abcd-ml_pasleep_scale_weekly_3_s012_41284804_60.pkl
6175,53.0,44.372026042703865,abcd-ml,pasleep,scale,weekly,3,s012,41284804,60,out/abcd-ml_pasleep_scale_weekly_3_s012_41284804_60.pkl
6176,55.0,48.12868237000359,abcd-ml,pasleep,scale,weekly,3,s012,41284804,60,out/abcd-ml_pasleep_scale_weekly_3_s012_41284804_60.pkl
6177,53.0,44.39885748042677,abcd-ml,pasleep,scale,weekly,3,s012,41284804,60,out/abcd-ml_pasleep_scale_weekly_3_s012_41284804_60.pkl
6178,55.0,47.60868524199205,abcd-ml,pasleep,scale,weekly,3,s012,41284804,60,out/abcd-ml_pasleep_scale_weekly_3_s012_41284804_60.pkl
6179,53.0,44.372764199084884,abcd-ml,pasleep,scale,weekly,3,s012,41284804,60,out/abcd-ml_pasleep_scale_weekly_3_s012_41284804_60.pkl
6180,55.0,47.6814334121617,abcd-ml,pasleep,scale,weekly,3,s012,41284804,60,out/abcd-ml_pasleep_scale_weekly_3_s012_41284804_60.pkl
6181,53.0,44.29218216572025,abcd-ml,pasleep,scale,weekly,3,s012,41284804,60,out/abcd-ml_pasleep_scale_weekly_3_s012_41284804_60.pkl
6182,63.0,48.02857902531173,abcd-ml,pasleep,scale,weekly,3,s012,41284804,60,out/abcd-ml_pasleep_scale_weekly_3_s012_41284804_60.pkl
6183,59.0,44.3530508590066,abcd-ml,pasleep,scale,weekly,3,s012,41284804,60,out/abcd-ml_pasleep_scale_weekly_3_s012_41284804_60.pkl
6184,63.0,47.90334743063286,abcd-ml,pasleep,scale,weekly,3,s012,41284804,60,out/abcd-ml_pasleep_scale_weekly_3_s012_41284804_60.pkl
6185,59.0,44.491624044693765,abcd-ml,pasleep,scale,weekly,3,s012,41284804,60,out/abcd-ml_pasleep_scale_weekly_3_s012_41284804_60.pkl
6186,63.0,47.77283921684428,abcd-ml,pasleep,scale,weekly,3,s012,41284804,60,out/abcd-ml_pasleep_scale_weekly_3_s012_41284804_60.pkl
6187,59.0,44.30463210529483,abcd-ml,pasleep,scale,weekly,3,s012,41284804,60,out/abcd-ml_pasleep_scale_weekly_3_s012_41284804_60.pkl
6188,63.0,48.00164990892219,abcd-ml,pasleep,scale,weekly,3,s012,41284804,60,out/abcd-ml_pasleep_scale_weekly_3_s012_41284804_60.pkl
6189,59.0,44.50400891931578,abcd-ml,pasleep,scale,weekly,3,s012,41284804,60,out/abcd-ml_pasleep_scale_weekly_3_s012_41284804_60.pkl
6190,63.0,47.92326663579117,abcd-ml,pasleep,scale,weekly,3,s012,41284804,60,out/abcd-ml_pasleep_scale_weekly_3_s012_41284804_60.pkl
6191,59.0,44.59049678805948,abcd-ml,pasleep,scale,weekly,3,s012,41284804,60,out/abcd-ml_pasleep_scale_weekly_3_s012_41284804_60.pkl
6192,54.0,48.78647412301852,abcd-ml,pasleep,scale,weekly,3,s012,41284804,60,out/abcd-ml_pasleep_scale_weekly_3_s012_41284804_60.pkl
6193,50.0,44.93447641972226,abcd-ml,pasleep,scale,weekly,3,s012,41284804,60,out/abcd-ml_pasleep_scale_weekly_3_s012_41284804_60.pkl
6194,54.0,47.74274177720539,abcd-ml,pasleep,scale,weekly,3,s012,41284804,60,out/abcd-ml_pasleep_scale_weekly_3_s012_41284804_60.pkl
6195,50.0,44.51513888199456,abcd-ml,pasleep,scale,weekly,3,s012,41284804,60,out/abcd-ml_pasleep_scale_weekly_3_s012_41284804_60.pkl
6196,54.0,47.70587423482475,abcd-ml,pasleep,scale,weekly,3,s012,41284804,60,out/abcd-ml_pasleep_scale_weekly_3_s012_41284804_60.pkl
6197,50.0,44.474373533454326,abcd-ml,pasleep,scale,weekly,3,s012,41284804,60,out/abcd-ml_pasleep_scale_weekly_3_s012_41284804_60.pkl
6198,54.0,47.70201607457874,abcd-ml,pasleep,scale,weekly,3,s012,41284804,60,out/abcd-ml_pasleep_scale_weekly_3_s012_41284804_60.pkl
6199,50.0,44.512733143529196,abcd-ml,pasleep,scale,weekly,3,s012,41284804,60,out/abcd-ml_pasleep_scale_weekly_3_s012_41284804_60.pkl
6200,34.0,47.3840513353964,abcd-ml,pasleep,scale,weekly,3,s012,41284804,60,out/abcd-ml_pasleep_scale_weekly_3_s012_41284804_60.pkl
6201,34.0,44.355740863870324,abcd-ml,pasleep,scale,weekly,3,s012,41284804,60,out/abcd-ml_pasleep_scale_weekly_3_s012_41284804_60.pkl
6202,34.0,47.90919162215423,abcd-ml,pasleep,scale,weekly,3,s012,41284804,60,out/abcd-ml_pasleep_scale_weekly_3_s012_41284804_60.pkl
6203,34.0,44.331712253775535,abcd-ml,pasleep,scale,weekly,3,s012,41284804,60,out/abcd-ml_pasleep_scale_weekly_3_s012_41284804_60.pkl
6204,34.0,47.33690024914049,abcd-ml,pasleep,scale,weekly,3,s012,41284804,60,out/abcd-ml_pasleep_scale_weekly_3_s012_41284804_60.pkl
6205,34.0,44.4076081360309,abcd-ml,pasleep,scale,weekly,3,s012,41284804,60,out/abcd-ml_pasleep_scale_weekly_3_s012_41284804_60.pkl
6206,34.0,47.49209016639501,abcd-ml,pasleep,scale,weekly,3,s012,41284804,60,out/abcd-ml_pasleep_scale_weekly_3_s012_41284804_60.pkl
6207,34.0,44.20126380731162,abcd-ml,pasleep,scale,weekly,3,s012,41284804,60,out/abcd-ml_pasleep_scale_weekly_3_s012_41284804_60.pkl
6208,34.0,47.4874519301813,abcd-ml,pasleep,scale,weekly,3,s012,41284804,60,out/abcd-ml_pasleep_scale_weekly_3_s012_41284804_60.pkl
6209,34.0,44.20588506851303,abcd-ml,pasleep,scale,weekly,3,s012,41284804,60,out/abcd-ml_pasleep_scale_weekly_3_s012_41284804_60.pkl
6210,34.0,47.11668233250819,abcd-ml,pasleep,scale,weekly,3,s012,41284804,60,out/abcd-ml_pasleep_scale_weekly_3_s012_41284804_60.pkl
6211,34.0,44.04289192467979,abcd-ml,pasleep,scale,weekly,3,s012,41284804,60,out/abcd-ml_pasleep_scale_weekly_3_s012_41284804_60.pkl
6212,34.0,47.03749070954801,abcd-ml,pasleep,scale,weekly,3,s012,41284804,60,out/abcd-ml_pasleep_scale_weekly_3_s012_41284804_60.pkl
6213,34.0,44.1302717294747,abcd-ml,pasleep,scale,weekly,3,s012,41284804,60,out/abcd-ml_pasleep_scale_weekly_3_s012_41284804_60.pkl
6214,54.0,48.05376416452869,abcd-ml,pasleep,scale,weekly,3,s012,41284804,60,out/abcd-ml_pasleep_scale_weekly_3_s012_41284804_60.pkl
6215,40.0,44.336778388631,abcd-ml,pasleep,scale,weekly,3,s012,41284804,60,out/abcd-ml_pasleep_scale_weekly_3_s012_41284804_60.pkl
6216,54.0,48.008082436804116,abcd-ml,pasleep,scale,weekly,3,s012,41284804,60,out/abcd-ml_pasleep_scale_weekly_3_s012_41284804_60.pkl
6217,40.0,44.386984746030166,abcd-ml,pasleep,scale,weekly,3,s012,41284804,60,out/abcd-ml_pasleep_scale_weekly_3_s012_41284804_60.pkl
6218,54.0,47.48720296913879,abcd-ml,pasleep,scale,weekly,3,s012,41284804,60,out/abcd-ml_pasleep_scale_weekly_3_s012_41284804_60.pkl
6219,40.0,44.20200882301924,abcd-ml,pasleep,scale,weekly,3,s012,41284804,60,out/abcd-ml_pasleep_scale_weekly_3_s012_41284804_60.pkl
6220,54.0,47.53494748279869,abcd-ml,pasleep,scale,weekly,3,s012,41284804,60,out/abcd-ml_pasleep_scale_weekly_3_s012_41284804_60.pkl
6221,40.0,44.14956125422556,abcd-ml,pasleep,scale,weekly,3,s012,41284804,60,out/abcd-ml_pasleep_scale_weekly_3_s012_41284804_60.pkl
6222,54.0,48.13582104357664,abcd-ml,pasleep,scale,weekly,3,s012,41284804,60,out/abcd-ml_pasleep_scale_weekly_3_s012_41284804_60.pkl
6223,40.0,44.16477644687592,abcd-ml,pasleep,scale,weekly,3,s012,41284804,60,out/abcd-ml_pasleep_scale_weekly_3_s012_41284804_60.pkl
6224,54.0,47.97952786908593,abcd-ml,pasleep,scale,weekly,3,s012,41284804,60,out/abcd-ml_pasleep_scale_weekly_3_s012_41284804_60.pkl
6225,40.0,44.33772517314144,abcd-ml,pasleep,scale,weekly,3,s012,41284804,60,out/abcd-ml_pasleep_scale_weekly_3_s012_41284804_60.pkl
6226,48.0,46.41461289148221,abcd-ml,pasleep,scale,weekly,3,s012,41284804,60,out/abcd-ml_pasleep_scale_weekly_3_s012_41284804_60.pkl
6227,48.0,44.056986280072636,abcd-ml,pasleep,scale,weekly,3,s012,41284804,60,out/abcd-ml_pasleep_scale_weekly_3_s012_41284804_60.pkl
6228,48.0,46.37377785435408,abcd-ml,pasleep,scale,weekly,3,s012,41284804,60,out/abcd-ml_pasleep_scale_weekly_3_s012_41284804_60.pkl
6229,48.0,44.10243842819787,abcd-ml,pasleep,scale,weekly,3,s012,41284804,60,out/abcd-ml_pasleep_scale_weekly_3_s012_41284804_60.pkl
6230,48.0,45.97271618127992,abcd-ml,pasleep,scale,weekly,3,s012,41284804,60,out/abcd-ml_pasleep_scale_weekly_3_s012_41284804_60.pkl
6231,48.0,43.81161456793875,abcd-ml,pasleep,scale,weekly,3,s012,41284804,60,out/abcd-ml_pasleep_scale_weekly_3_s012_41284804_60.pkl
6232,48.0,45.73815097308304,abcd-ml,pasleep,scale,weekly,3,s012,41284804,60,out/abcd-ml_pasleep_scale_weekly_3_s012_41284804_60.pkl
6233,48.0,43.499662791653265,abcd-ml,pasleep,scale,weekly,3,s012,41284804,60,out/abcd-ml_pasleep_scale_weekly_3_s012_41284804_60.pkl
6234,48.0,45.65546184831511,abcd-ml,pasleep,scale,weekly,3,s012,41284804,60,out/abcd-ml_pasleep_scale_weekly_3_s012_41284804_60.pkl
6235,48.0,43.591506712039234,abcd-ml,pasleep,scale,weekly,3,s012,41284804,60,out/abcd-ml_pasleep_scale_weekly_3_s012_41284804_60.pkl
6236,44.0,46.77601502975905,abcd-ml,pasleep,scale,weekly,3,s012,41284804,60,out/abcd-ml_pasleep_scale_weekly_3_s012_41284804_60.pkl
6237,54.0,44.156778348319406,abcd-ml,pasleep,scale,weekly,3,s012,41284804,60,out/abcd-ml_pasleep_scale_weekly_3_s012_41284804_60.pkl
6238,44.0,46.86163971196875,abcd-ml,pasleep,scale,weekly,3,s012,41284804,60,out/abcd-ml_pasleep_scale_weekly_3_s012_41284804_60.pkl
6239,54.0,44.062699361566004,abcd-ml,pasleep,scale,weekly,3,s012,41284804,60,out/abcd-ml_pasleep_scale_weekly_3_s012_41284804_60.pkl
6240,44.0,47.23439805303945,abcd-ml,pasleep,scale,weekly,3,s012,41284804,60,out/abcd-ml_pasleep_scale_weekly_3_s012_41284804_60.pkl
6241,54.0,44.243772501192,abcd-ml,pasleep,scale,weekly,3,s012,41284804,60,out/abcd-ml_pasleep_scale_weekly_3_s012_41284804_60.pkl
6242,44.0,46.87880784426517,abcd-ml,pasleep,scale,weekly,3,s012,41284804,60,out/abcd-ml_pasleep_scale_weekly_3_s012_41284804_60.pkl
6243,54.0,44.63768074210178,abcd-ml,pasleep,scale,weekly,3,s012,41284804,60,out/abcd-ml_pasleep_scale_weekly_3_s012_41284804_60.pkl
6244,44.0,47.26599836604143,abcd-ml,pasleep,scale,weekly,3,s012,41284804,60,out/abcd-ml_pasleep_scale_weekly_3_s012_41284804_60.pkl
6245,54.0,44.397151824121465,abcd-ml,pasleep,scale,weekly,3,s012,41284804,60,out/abcd-ml_pasleep_scale_weekly_3_s012_41284804_60.pkl
6246,34.0,48.861824690471856,abcd-ml,pasleep,scale,weekly,3,s012,41284804,60,out/abcd-ml_pasleep_scale_weekly_3_s012_41284804_60.pkl
6247,34.0,44.85096951711475,abcd-ml,pasleep,scale,weekly,3,s012,41284804,60,out/abcd-ml_pasleep_scale_weekly_3_s012_41284804_60.pkl
6248,34.0,47.81809234465873,abcd-ml,pasleep,scale,weekly,3,s012,41284804,60,out/abcd-ml_pasleep_scale_weekly_3_s012_41284804_60.pkl
6249,34.0,44.43163197938704,abcd-ml,pasleep,scale,weekly,3,s012,41284804,60,out/abcd-ml_pasleep_scale_weekly_3_s012_41284804_60.pkl
6250,34.0,47.764140699469394,abcd-ml,pasleep,scale,weekly,3,s012,41284804,60,out/abcd-ml_pasleep_scale_weekly_3_s012_41284804_60.pkl
6251,34.0,44.491579928893685,abcd-ml,pasleep,scale,weekly,3,s012,41284804,60,out/abcd-ml_pasleep_scale_weekly_3_s012_41284804_60.pkl
6252,34.0,48.02450305362095,abcd-ml,pasleep,scale,weekly,3,s012,41284804,60,out/abcd-ml_pasleep_scale_weekly_3_s012_41284804_60.pkl
6253,34.0,44.51631717053891,abcd-ml,pasleep,scale,weekly,3,s012,41284804,60,out/abcd-ml_pasleep_scale_weekly_3_s012_41284804_60.pkl
6254,34.0,47.92660321719201,abcd-ml,pasleep,scale,weekly,3,s012,41284804,60,out/abcd-ml_pasleep_scale_weekly_3_s012_41284804_60.pkl
6255,34.0,44.62431757349649,abcd-ml,pasleep,scale,weekly,3,s012,41284804,60,out/abcd-ml_pasleep_scale_weekly_3_s012_41284804_60.pkl
6256,34.0,47.667544630067155,abcd-ml,pasleep,scale,weekly,3,s012,41284804,60,out/abcd-ml_pasleep_scale_weekly_3_s012_41284804_60.pkl
6257,34.0,44.33480497840539,abcd-ml,pasleep,scale,weekly,3,s012,41284804,60,out/abcd-ml_pasleep_scale_weekly_3_s012_41284804_60.pkl
6258,71.0,47.99354545141602,abcd-ml,pasleep,scale,weekly,3,s012,41284804,60,out/abcd-ml_pasleep_scale_weekly_3_s012_41284804_60.pkl
6259,71.0,44.232977122656585,abcd-ml,pasleep,scale,weekly,3,s012,41284804,60,out/abcd-ml_pasleep_scale_weekly_3_s012_41284804_60.pkl
6260,71.0,47.904930260763656,abcd-ml,pasleep,scale,weekly,3,s012,41284804,60,out/abcd-ml_pasleep_scale_weekly_3_s012_41284804_60.pkl
6261,71.0,44.33058197694346,abcd-ml,pasleep,scale,weekly,3,s012,41284804,60,out/abcd-ml_pasleep_scale_weekly_3_s012_41284804_60.pkl
6262,71.0,47.43945989747547,abcd-ml,pasleep,scale,weekly,3,s012,41284804,60,out/abcd-ml_pasleep_scale_weekly_3_s012_41284804_60.pkl
6263,71.0,44.24638182028703,abcd-ml,pasleep,scale,weekly,3,s012,41284804,60,out/abcd-ml_pasleep_scale_weekly_3_s012_41284804_60.pkl
6264,71.0,47.42396444436575,abcd-ml,pasleep,scale,weekly,3,s012,41284804,60,out/abcd-ml_pasleep_scale_weekly_3_s012_41284804_60.pkl
6265,71.0,44.26443218168127,abcd-ml,pasleep,scale,weekly,3,s012,41284804,60,out/abcd-ml_pasleep_scale_weekly_3_s012_41284804_60.pkl
6266,71.0,47.78046175660317,abcd-ml,pasleep,scale,weekly,3,s012,41284804,60,out/abcd-ml_pasleep_scale_weekly_3_s012_41284804_60.pkl
6267,71.0,44.180646386242,abcd-ml,pasleep,scale,weekly,3,s012,41284804,60,out/abcd-ml_pasleep_scale_weekly_3_s012_41284804_60.pkl
6268,71.0,47.67452369510852,abcd-ml,pasleep,scale,weekly,3,s012,41284804,60,out/abcd-ml_pasleep_scale_weekly_3_s012_41284804_60.pkl
6269,71.0,44.297402413710955,abcd-ml,pasleep,scale,weekly,3,s012,41284804,60,out/abcd-ml_pasleep_scale_weekly_3_s012_41284804_60.pkl
6270,57.0,48.27039613878785,abcd-ml,pasleep,scale,weekly,3,s012,41284804,60,out/abcd-ml_pasleep_scale_weekly_3_s012_41284804_60.pkl
6271,53.0,44.4830354537544,abcd-ml,pasleep,scale,weekly,3,s012,41284804,60,out/abcd-ml_pasleep_scale_weekly_3_s012_41284804_60.pkl
6272,57.0,48.19629241713736,abcd-ml,pasleep,scale,weekly,3,s012,41284804,60,out/abcd-ml_pasleep_scale_weekly_3_s012_41284804_60.pkl
6273,53.0,44.565125745088494,abcd-ml,pasleep,scale,weekly,3,s012,41284804,60,out/abcd-ml_pasleep_scale_weekly_3_s012_41284804_60.pkl
6274,57.0,47.957528480335455,abcd-ml,pasleep,scale,weekly,3,s012,41284804,60,out/abcd-ml_pasleep_scale_weekly_3_s012_41284804_60.pkl
6275,53.0,44.3531151557181,abcd-ml,pasleep,scale,weekly,3,s012,41284804,60,out/abcd-ml_pasleep_scale_weekly_3_s012_41284804_60.pkl
6276,57.0,47.75398937375802,abcd-ml,pasleep,scale,weekly,3,s012,41284804,60,out/abcd-ml_pasleep_scale_weekly_3_s012_41284804_60.pkl
6277,53.0,44.34984396325964,abcd-ml,pasleep,scale,weekly,3,s012,41284804,60,out/abcd-ml_pasleep_scale_weekly_3_s012_41284804_60.pkl
6278,57.0,47.790966622986105,abcd-ml,pasleep,scale,weekly,3,s012,41284804,60,out/abcd-ml_pasleep_scale_weekly_3_s012_41284804_60.pkl
6279,53.0,44.308509492101564,abcd-ml,pasleep,scale,weekly,3,s012,41284804,60,out/abcd-ml_pasleep_scale_weekly_3_s012_41284804_60.pkl
6280,41.0,47.034066313390696,abcd-ml,pasleep,scale,weekly,3,s012,41284804,60,out/abcd-ml_pasleep_scale_weekly_3_s012_41284804_60.pkl
6281,40.0,44.531176994059635,abcd-ml,pasleep,scale,weekly,3,s012,41284804,60,out/abcd-ml_pasleep_scale_weekly_3_s012_41284804_60.pkl
6282,41.0,47.14178322896171,abcd-ml,pasleep,scale,weekly,3,s012,41284804,60,out/abcd-ml_pasleep_scale_weekly_3_s012_41284804_60.pkl
6283,40.0,44.41081535315134,abcd-ml,pasleep,scale,weekly,3,s012,41284804,60,out/abcd-ml_pasleep_scale_weekly_3_s012_41284804_60.pkl
6284,33.0,48.244834898284395,abcd-ml,pasleep,scale,weekly,3,s012,41284804,60,out/abcd-ml_pasleep_scale_weekly_3_s012_41284804_60.pkl
6285,34.0,44.41101634572952,abcd-ml,pasleep,scale,weekly,3,s012,41284804,60,out/abcd-ml_pasleep_scale_weekly_3_s012_41284804_60.pkl
6286,33.0,48.038849723376835,abcd-ml,pasleep,scale,weekly,3,s012,41284804,60,out/abcd-ml_pasleep_scale_weekly_3_s012_41284804_60.pkl
6287,34.0,44.30745820319369,abcd-ml,pasleep,scale,weekly,3,s012,41284804,60,out/abcd-ml_pasleep_scale_weekly_3_s012_41284804_60.pkl
6288,33.0,47.91061583715583,abcd-ml,pasleep,scale,weekly,3,s012,41284804,60,out/abcd-ml_pasleep_scale_weekly_3_s012_41284804_60.pkl
6289,34.0,44.30431434850796,abcd-ml,pasleep,scale,weekly,3,s012,41284804,60,out/abcd-ml_pasleep_scale_weekly_3_s012_41284804_60.pkl
6290,45.0,48.26824233144513,abcd-ml,pasleep,scale,weekly,3,s012,41284804,60,out/abcd-ml_pasleep_scale_weekly_3_s012_41284804_60.pkl
6291,34.0,44.635221877299536,abcd-ml,pasleep,scale,weekly,3,s012,41284804,60,out/abcd-ml_pasleep_scale_weekly_3_s012_41284804_60.pkl
6292,45.0,48.38781734088355,abcd-ml,pasleep,scale,weekly,3,s012,41284804,60,out/abcd-ml_pasleep_scale_weekly_3_s012_41284804_60.pkl
6293,34.0,44.50328345782037,abcd-ml,pasleep,scale,weekly,3,s012,41284804,60,out/abcd-ml_pasleep_scale_weekly_3_s012_41284804_60.pkl
6294,45.0,48.57138042871319,abcd-ml,pasleep,scale,weekly,3,s012,41284804,60,out/abcd-ml_pasleep_scale_weekly_3_s012_41284804_60.pkl
6295,34.0,44.597077409513055,abcd-ml,pasleep,scale,weekly,3,s012,41284804,60,out/abcd-ml_pasleep_scale_weekly_3_s012_41284804_60.pkl
6296,45.0,48.721095562112865,abcd-ml,pasleep,scale,weekly,3,s012,41284804,60,out/abcd-ml_pasleep_scale_weekly_3_s012_41284804_60.pkl
6297,34.0,44.66929570817538,abcd-ml,pasleep,scale,weekly,3,s012,41284804,60,out/abcd-ml_pasleep_scale_weekly_3_s012_41284804_60.pkl
6298,52.0,47.679146694915374,abcd-ml,pasleep,scale,weekly,3,s012,41284804,60,out/abcd-ml_pasleep_scale_weekly_3_s012_41284804_60.pkl
6299,33.0,44.36452544141365,abcd-ml,pasleep,scale,weekly,3,s012,41284804,60,out/abcd-ml_pasleep_scale_weekly_3_s012_41284804_60.pkl
6300,52.0,47.68997484733279,abcd-ml,pasleep,scale,weekly,3,s012,41284804,60,out/abcd-ml_pasleep_scale_weekly_3_s012_41284804_60.pkl
6301,33.0,44.35257801249534,abcd-ml,pasleep,scale,weekly,3,s012,41284804,60,out/abcd-ml_pasleep_scale_weekly_3_s012_41284804_60.pkl
6302,52.0,47.19204980829368,abcd-ml,pasleep,scale,weekly,3,s012,41284804,60,out/abcd-ml_pasleep_scale_weekly_3_s012_41284804_60.pkl
6303,33.0,44.2509453946815,abcd-ml,pasleep,scale,weekly,3,s012,41284804,60,out/abcd-ml_pasleep_scale_weekly_3_s012_41284804_60.pkl
6304,52.0,47.19127933787391,abcd-ml,pasleep,scale,weekly,3,s012,41284804,60,out/abcd-ml_pasleep_scale_weekly_3_s012_41284804_60.pkl
6305,33.0,44.2517954534337,abcd-ml,pasleep,scale,weekly,3,s012,41284804,60,out/abcd-ml_pasleep_scale_weekly_3_s012_41284804_60.pkl
6306,43.0,48.128124140819864,abcd-ml,pasleep,scale,weekly,3,s012,41284804,60,out/abcd-ml_pasleep_scale_weekly_3_s012_41284804_60.pkl
6307,34.0,44.348182456252665,abcd-ml,pasleep,scale,weekly,3,s012,41284804,60,out/abcd-ml_pasleep_scale_weekly_3_s012_41284804_60.pkl
6308,43.0,48.092953517773964,abcd-ml,pasleep,scale,weekly,3,s012,41284804,60,out/abcd-ml_pasleep_scale_weekly_3_s012_41284804_60.pkl
6309,34.0,44.38679823610789,abcd-ml,pasleep,scale,weekly,3,s012,41284804,60,out/abcd-ml_pasleep_scale_weekly_3_s012_41284804_60.pkl
6310,43.0,48.20441319154146,abcd-ml,pasleep,scale,weekly,3,s012,41284804,60,out/abcd-ml_pasleep_scale_weekly_3_s012_41284804_60.pkl
6311,34.0,44.456887493975245,abcd-ml,pasleep,scale,weekly,3,s012,41284804,60,out/abcd-ml_pasleep_scale_weekly_3_s012_41284804_60.pkl
6312,43.0,48.19499963549952,abcd-ml,pasleep,scale,weekly,3,s012,41284804,60,out/abcd-ml_pasleep_scale_weekly_3_s012_41284804_60.pkl
6313,34.0,44.46782384024501,abcd-ml,pasleep,scale,weekly,3,s012,41284804,60,out/abcd-ml_pasleep_scale_weekly_3_s012_41284804_60.pkl
6314,43.0,48.171194503870154,abcd-ml,pasleep,scale,weekly,3,s012,41284804,60,out/abcd-ml_pasleep_scale_weekly_3_s012_41284804_60.pkl
6315,34.0,44.47531081847311,abcd-ml,pasleep,scale,weekly,3,s012,41284804,60,out/abcd-ml_pasleep_scale_weekly_3_s012_41284804_60.pkl
6316,43.0,48.16230301933449,abcd-ml,pasleep,scale,weekly,3,s012,41284804,60,out/abcd-ml_pasleep_scale_weekly_3_s012_41284804_60.pkl
6317,34.0,44.48571667660901,abcd-ml,pasleep,scale,weekly,3,s012,41284804,60,out/abcd-ml_pasleep_scale_weekly_3_s012_41284804_60.pkl
6318,52.0,47.71598948331218,abcd-ml,pasleep,scale,weekly,3,s012,41284804,60,out/abcd-ml_pasleep_scale_weekly_3_s012_41284804_60.pkl
6319,55.0,44.41078261083938,abcd-ml,pasleep,scale,weekly,3,s012,41284804,60,out/abcd-ml_pasleep_scale_weekly_3_s012_41284804_60.pkl
6320,52.0,47.83319607192382,abcd-ml,pasleep,scale,weekly,3,s012,41284804,60,out/abcd-ml_pasleep_scale_weekly_3_s012_41284804_60.pkl
6321,55.0,44.53693453800592,abcd-ml,pasleep,scale,weekly,3,s012,41284804,60,out/abcd-ml_pasleep_scale_weekly_3_s012_41284804_60.pkl
6322,52.0,47.964457406852645,abcd-ml,pasleep,scale,weekly,3,s012,41284804,60,out/abcd-ml_pasleep_scale_weekly_3_s012_41284804_60.pkl
6323,55.0,44.39161171086175,abcd-ml,pasleep,scale,weekly,3,s012,41284804,60,out/abcd-ml_pasleep_scale_weekly_3_s012_41284804_60.pkl
6324,52.0,47.78910823868535,abcd-ml,pasleep,scale,weekly,3,s012,41284804,60,out/abcd-ml_pasleep_scale_weekly_3_s012_41284804_60.pkl
6325,55.0,44.21903093905064,abcd-ml,pasleep,scale,weekly,3,s012,41284804,60,out/abcd-ml_pasleep_scale_weekly_3_s012_41284804_60.pkl
6326,52.0,47.708999385541546,abcd-ml,pasleep,scale,weekly,3,s012,41284804,60,out/abcd-ml_pasleep_scale_weekly_3_s012_41284804_60.pkl
6327,55.0,44.30760085841219,abcd-ml,pasleep,scale,weekly,3,s012,41284804,60,out/abcd-ml_pasleep_scale_weekly_3_s012_41284804_60.pkl
6328,33.0,48.34380257079091,abcd-ml,pasleep,scale,weekly,3,s012,41284804,60,out/abcd-ml_pasleep_scale_weekly_3_s012_41284804_60.pkl
6329,34.0,44.50072473614085,abcd-ml,pasleep,scale,weekly,3,s012,41284804,60,out/abcd-ml_pasleep_scale_weekly_3_s012_41284804_60.pkl
6330,33.0,48.424057688562186,abcd-ml,pasleep,scale,weekly,3,s012,41284804,60,out/abcd-ml_pasleep_scale_weekly_3_s012_41284804_60.pkl
6331,34.0,44.46312704615431,abcd-ml,pasleep,scale,weekly,3,s012,41284804,60,out/abcd-ml_pasleep_scale_weekly_3_s012_41284804_60.pkl
6332,33.0,48.34362597054611,abcd-ml,pasleep,scale,weekly,3,s012,41284804,60,out/abcd-ml_pasleep_scale_weekly_3_s012_41284804_60.pkl
6333,34.0,44.552448177790154,abcd-ml,pasleep,scale,weekly,3,s012,41284804,60,out/abcd-ml_pasleep_scale_weekly_3_s012_41284804_60.pkl
6334,33.0,48.36739993757857,abcd-ml,pasleep,scale,weekly,3,s012,41284804,60,out/abcd-ml_pasleep_scale_weekly_3_s012_41284804_60.pkl
6335,34.0,44.54036739376639,abcd-ml,pasleep,scale,weekly,3,s012,41284804,60,out/abcd-ml_pasleep_scale_weekly_3_s012_41284804_60.pkl
6336,33.0,48.22101016506104,abcd-ml,pasleep,scale,weekly,3,s012,41284804,60,out/abcd-ml_pasleep_scale_weekly_3_s012_41284804_60.pkl
6337,34.0,44.70296732563119,abcd-ml,pasleep,scale,weekly,3,s012,41284804,60,out/abcd-ml_pasleep_scale_weekly_3_s012_41284804_60.pkl
6338,54.0,47.86601495665081,abcd-ml,pasleep,scale,weekly,3,s012,41284804,60,out/abcd-ml_pasleep_scale_weekly_3_s012_41284804_60.pkl
6339,40.0,44.580587944960655,abcd-ml,pasleep,scale,weekly,3,s012,41284804,60,out/abcd-ml_pasleep_scale_weekly_3_s012_41284804_60.pkl
6340,54.0,47.791729001849575,abcd-ml,pasleep,scale,weekly,3,s012,41284804,60,out/abcd-ml_pasleep_scale_weekly_3_s012_41284804_60.pkl
6341,40.0,44.662555061529865,abcd-ml,pasleep,scale,weekly,3,s012,41284804,60,out/abcd-ml_pasleep_scale_weekly_3_s012_41284804_60.pkl
6342,54.0,47.77901005051839,abcd-ml,pasleep,scale,weekly,3,s012,41284804,60,out/abcd-ml_pasleep_scale_weekly_3_s012_41284804_60.pkl
6343,40.0,44.44290560005721,abcd-ml,pasleep,scale,weekly,3,s012,41284804,60,out/abcd-ml_pasleep_scale_weekly_3_s012_41284804_60.pkl
6344,54.0,47.63306599189012,abcd-ml,pasleep,scale,weekly,3,s012,41284804,60,out/abcd-ml_pasleep_scale_weekly_3_s012_41284804_60.pkl
6345,40.0,44.28557544539653,abcd-ml,pasleep,scale,weekly,3,s012,41284804,60,out/abcd-ml_pasleep_scale_weekly_3_s012_41284804_60.pkl
6346,70.0,48.99925980628859,abcd-ml,pasleep,scale,weekly,3,s012,41284804,60,out/abcd-ml_pasleep_scale_weekly_3_s012_41284804_60.pkl
6347,58.0,44.698496439333645,abcd-ml,pasleep,scale,weekly,3,s012,41284804,60,out/abcd-ml_pasleep_scale_weekly_3_s012_41284804_60.pkl
6348,70.0,47.95552746047546,abcd-ml,pasleep,scale,weekly,3,s012,41284804,60,out/abcd-ml_pasleep_scale_weekly_3_s012_41284804_60.pkl
6349,58.0,44.27915890160594,abcd-ml,pasleep,scale,weekly,3,s012,41284804,60,out/abcd-ml_pasleep_scale_weekly_3_s012_41284804_60.pkl
6350,70.0,48.37705339871789,abcd-ml,pasleep,scale,weekly,3,s012,41284804,60,out/abcd-ml_pasleep_scale_weekly_3_s012_41284804_60.pkl
6351,58.0,44.56311087772143,abcd-ml,pasleep,scale,weekly,3,s012,41284804,60,out/abcd-ml_pasleep_scale_weekly_3_s012_41284804_60.pkl
6352,70.0,48.088000114437264,abcd-ml,pasleep,scale,weekly,3,s012,41284804,60,out/abcd-ml_pasleep_scale_weekly_3_s012_41284804_60.pkl
6353,58.0,44.88354013616217,abcd-ml,pasleep,scale,weekly,3,s012,41284804,60,out/abcd-ml_pasleep_scale_weekly_3_s012_41284804_60.pkl
6354,70.0,48.160127634025066,abcd-ml,pasleep,scale,weekly,3,s012,41284804,60,out/abcd-ml_pasleep_scale_weekly_3_s012_41284804_60.pkl
6355,58.0,44.40086549707105,abcd-ml,pasleep,scale,weekly,3,s012,41284804,60,out/abcd-ml_pasleep_scale_weekly_3_s012_41284804_60.pkl
6356,70.0,48.08762153343133,abcd-ml,pasleep,scale,weekly,3,s012,41284804,60,out/abcd-ml_pasleep_scale_weekly_3_s012_41284804_60.pkl
6357,58.0,44.48086847691904,abcd-ml,pasleep,scale,weekly,3,s012,41284804,60,out/abcd-ml_pasleep_scale_weekly_3_s012_41284804_60.pkl
6358,52.0,47.42941501826747,abcd-ml,pasleep,scale,weekly,3,s012,41284804,60,out/abcd-ml_pasleep_scale_weekly_3_s012_41284804_60.pkl
6359,41.0,44.22603495596338,abcd-ml,pasleep,scale,weekly,3,s012,41284804,60,out/abcd-ml_pasleep_scale_weekly_3_s012_41284804_60.pkl
6360,52.0,47.455109404076424,abcd-ml,pasleep,scale,weekly,3,s012,41284804,60,out/abcd-ml_pasleep_scale_weekly_3_s012_41284804_60.pkl
6361,41.0,44.198043571467636,abcd-ml,pasleep,scale,weekly,3,s012,41284804,60,out/abcd-ml_pasleep_scale_weekly_3_s012_41284804_60.pkl
6362,52.0,46.470213565117035,abcd-ml,pasleep,scale,weekly,3,s012,41284804,60,out/abcd-ml_pasleep_scale_weekly_3_s012_41284804_60.pkl
6363,41.0,43.897470694816136,abcd-ml,pasleep,scale,weekly,3,s012,41284804,60,out/abcd-ml_pasleep_scale_weekly_3_s012_41284804_60.pkl
6364,52.0,46.4534238679942,abcd-ml,pasleep,scale,weekly,3,s012,41284804,60,out/abcd-ml_pasleep_scale_weekly_3_s012_41284804_60.pkl
6365,41.0,43.9156177609233,abcd-ml,pasleep,scale,weekly,3,s012,41284804,60,out/abcd-ml_pasleep_scale_weekly_3_s012_41284804_60.pkl
6366,52.0,47.45730953470139,abcd-ml,pasleep,scale,weekly,3,s012,41284804,60,out/abcd-ml_pasleep_scale_weekly_3_s012_41284804_60.pkl
6367,41.0,44.26080064648193,abcd-ml,pasleep,scale,weekly,3,s012,41284804,60,out/abcd-ml_pasleep_scale_weekly_3_s012_41284804_60.pkl
6368,43.0,48.58814796285422,abcd-ml,pasleep,scale,weekly,3,s012,41284804,60,out/abcd-ml_pasleep_scale_weekly_3_s012_41284804_60.pkl
6369,34.0,44.36602343774032,abcd-ml,pasleep,scale,weekly,3,s012,41284804,60,out/abcd-ml_pasleep_scale_weekly_3_s012_41284804_60.pkl
6370,43.0,48.49116774703461,abcd-ml,pasleep,scale,weekly,3,s012,41284804,60,out/abcd-ml_pasleep_scale_weekly_3_s012_41284804_60.pkl
6371,34.0,44.32222598312108,abcd-ml,pasleep,scale,weekly,3,s012,41284804,60,out/abcd-ml_pasleep_scale_weekly_3_s012_41284804_60.pkl
6372,43.0,48.57936678838418,abcd-ml,pasleep,scale,weekly,3,s012,41284804,60,out/abcd-ml_pasleep_scale_weekly_3_s012_41284804_60.pkl
6373,34.0,44.332523626895096,abcd-ml,pasleep,scale,weekly,3,s012,41284804,60,out/abcd-ml_pasleep_scale_weekly_3_s012_41284804_60.pkl
6374,43.0,48.41644691167407,abcd-ml,pasleep,scale,weekly,3,s012,41284804,60,out/abcd-ml_pasleep_scale_weekly_3_s012_41284804_60.pkl
6375,34.0,44.51261197659666,abcd-ml,pasleep,scale,weekly,3,s012,41284804,60,out/abcd-ml_pasleep_scale_weekly_3_s012_41284804_60.pkl
6376,39.0,47.6746494079577,abcd-ml,pasleep,scale,weekly,3,s012,41284804,60,out/abcd-ml_pasleep_scale_weekly_3_s012_41284804_60.pkl
6377,34.0,44.438914421493806,abcd-ml,pasleep,scale,weekly,3,s012,41284804,60,out/abcd-ml_pasleep_scale_weekly_3_s012_41284804_60.pkl
6378,39.0,47.94531139832874,abcd-ml,pasleep,scale,weekly,3,s012,41284804,60,out/abcd-ml_pasleep_scale_weekly_3_s012_41284804_60.pkl
6379,34.0,44.29157689270026,abcd-ml,pasleep,scale,weekly,3,s012,41284804,60,out/abcd-ml_pasleep_scale_weekly_3_s012_41284804_60.pkl
6380,39.0,47.73059555558891,abcd-ml,pasleep,scale,weekly,3,s012,41284804,60,out/abcd-ml_pasleep_scale_weekly_3_s012_41284804_60.pkl
6381,34.0,44.27842537064558,abcd-ml,pasleep,scale,weekly,3,s012,41284804,60,out/abcd-ml_pasleep_scale_weekly_3_s012_41284804_60.pkl
6382,39.0,47.646815584813716,abcd-ml,pasleep,scale,weekly,3,s012,41284804,60,out/abcd-ml_pasleep_scale_weekly_3_s012_41284804_60.pkl
6383,34.0,44.371958845357184,abcd-ml,pasleep,scale,weekly,3,s012,41284804,60,out/abcd-ml_pasleep_scale_weekly_3_s012_41284804_60.pkl
6384,39.0,47.50682114540987,abcd-ml,pasleep,scale,weekly,3,s012,41284804,60,out/abcd-ml_pasleep_scale_weekly_3_s012_41284804_60.pkl
6385,34.0,44.238295432489586,abcd-ml,pasleep,scale,weekly,3,s012,41284804,60,out/abcd-ml_pasleep_scale_weekly_3_s012_41284804_60.pkl
6386,39.0,47.467435367162985,abcd-ml,pasleep,scale,weekly,3,s012,41284804,60,out/abcd-ml_pasleep_scale_weekly_3_s012_41284804_60.pkl
6387,34.0,44.28258085761953,abcd-ml,pasleep,scale,weekly,3,s012,41284804,60,out/abcd-ml_pasleep_scale_weekly_3_s012_41284804_60.pkl
6388,34.0,48.315180667119925,abcd-ml,pasleep,scale,weekly,3,s012,41284804,60,out/abcd-ml_pasleep_scale_weekly_3_s012_41284804_60.pkl
6389,44.0,44.3457593297942,abcd-ml,pasleep,scale,weekly,3,s012,41284804,60,out/abcd-ml_pasleep_scale_weekly_3_s012_41284804_60.pkl
6390,34.0,48.201001680160296,abcd-ml,pasleep,scale,weekly,3,s012,41284804,60,out/abcd-ml_pasleep_scale_weekly_3_s012_41284804_60.pkl
6391,44.0,44.472375669979144,abcd-ml,pasleep,scale,weekly,3,s012,41284804,60,out/abcd-ml_pasleep_scale_weekly_3_s012_41284804_60.pkl
6392,34.0,47.468915779838866,abcd-ml,pasleep,scale,weekly,3,s012,41284804,60,out/abcd-ml_pasleep_scale_weekly_3_s012_41284804_60.pkl
6393,44.0,44.252791133519295,abcd-ml,pasleep,scale,weekly,3,s012,41284804,60,out/abcd-ml_pasleep_scale_weekly_3_s012_41284804_60.pkl
6394,34.0,47.389424309738544,abcd-ml,pasleep,scale,weekly,3,s012,41284804,60,out/abcd-ml_pasleep_scale_weekly_3_s012_41284804_60.pkl
6395,44.0,44.340852723212606,abcd-ml,pasleep,scale,weekly,3,s012,41284804,60,out/abcd-ml_pasleep_scale_weekly_3_s012_41284804_60.pkl
6396,34.0,47.59948031191939,abcd-ml,pasleep,scale,weekly,3,s012,41284804,60,out/abcd-ml_pasleep_scale_weekly_3_s012_41284804_60.pkl
6397,44.0,44.246475879665155,abcd-ml,pasleep,scale,weekly,3,s012,41284804,60,out/abcd-ml_pasleep_scale_weekly_3_s012_41284804_60.pkl
6398,34.0,47.61650190243739,abcd-ml,pasleep,scale,weekly,3,s012,41284804,60,out/abcd-ml_pasleep_scale_weekly_3_s012_41284804_60.pkl
6399,44.0,44.22732853072469,abcd-ml,pasleep,scale,weekly,3,s012,41284804,60,out/abcd-ml_pasleep_scale_weekly_3_s012_41284804_60.pkl
6400,50.0,46.45373780461219,abcd-ml,pasleep,scale,weekly,3,s012,41284804,60,out/abcd-ml_pasleep_scale_weekly_3_s012_41284804_60.pkl
6401,33.0,43.98381578224109,abcd-ml,pasleep,scale,weekly,3,s012,41284804,60,out/abcd-ml_pasleep_scale_weekly_3_s012_41284804_60.pkl
6402,50.0,46.424122874720354,abcd-ml,pasleep,scale,weekly,3,s012,41284804,60,out/abcd-ml_pasleep_scale_weekly_3_s012_41284804_60.pkl
6403,33.0,44.01684692810436,abcd-ml,pasleep,scale,weekly,3,s012,41284804,60,out/abcd-ml_pasleep_scale_weekly_3_s012_41284804_60.pkl
6404,50.0,46.8134480278525,abcd-ml,pasleep,scale,weekly,3,s012,41284804,60,out/abcd-ml_pasleep_scale_weekly_3_s012_41284804_60.pkl
6405,33.0,43.989951676772066,abcd-ml,pasleep,scale,weekly,3,s012,41284804,60,out/abcd-ml_pasleep_scale_weekly_3_s012_41284804_60.pkl
6406,50.0,46.877414463971974,abcd-ml,pasleep,scale,weekly,3,s012,41284804,60,out/abcd-ml_pasleep_scale_weekly_3_s012_41284804_60.pkl
6407,33.0,44.053430670979324,abcd-ml,pasleep,scale,weekly,3,s012,41284804,60,out/abcd-ml_pasleep_scale_weekly_3_s012_41284804_60.pkl
6408,50.0,46.8423158131443,abcd-ml,pasleep,scale,weekly,3,s012,41284804,60,out/abcd-ml_pasleep_scale_weekly_3_s012_41284804_60.pkl
6409,33.0,44.09246886218449,abcd-ml,pasleep,scale,weekly,3,s012,41284804,60,out/abcd-ml_pasleep_scale_weekly_3_s012_41284804_60.pkl
6410,54.0,48.425228511931174,abcd-ml,pasleep,scale,weekly,3,s012,41284804,60,out/abcd-ml_pasleep_scale_weekly_3_s012_41284804_60.pkl
6411,44.0,44.401202928980666,abcd-ml,pasleep,scale,weekly,3,s012,41284804,60,out/abcd-ml_pasleep_scale_weekly_3_s012_41284804_60.pkl
6412,54.0,47.97400967874094,abcd-ml,pasleep,scale,weekly,3,s012,41284804,60,out/abcd-ml_pasleep_scale_weekly_3_s012_41284804_60.pkl
6413,44.0,44.263867135865326,abcd-ml,pasleep,scale,weekly,3,s012,41284804,60,out/abcd-ml_pasleep_scale_weekly_3_s012_41284804_60.pkl
6414,54.0,47.81638371569927,abcd-ml,pasleep,scale,weekly,3,s012,41284804,60,out/abcd-ml_pasleep_scale_weekly_3_s012_41284804_60.pkl
6415,44.0,44.43804975075229,abcd-ml,pasleep,scale,weekly,3,s012,41284804,60,out/abcd-ml_pasleep_scale_weekly_3_s012_41284804_60.pkl
6416,54.0,47.8800666072144,abcd-ml,pasleep,scale,weekly,3,s012,41284804,60,out/abcd-ml_pasleep_scale_weekly_3_s012_41284804_60.pkl
6417,44.0,44.50377572249779,abcd-ml,pasleep,scale,weekly,3,s012,41284804,60,out/abcd-ml_pasleep_scale_weekly_3_s012_41284804_60.pkl
6418,54.0,47.811620972004576,abcd-ml,pasleep,scale,weekly,3,s012,41284804,60,out/abcd-ml_pasleep_scale_weekly_3_s012_41284804_60.pkl
6419,44.0,44.578898281612645,abcd-ml,pasleep,scale,weekly,3,s012,41284804,60,out/abcd-ml_pasleep_scale_weekly_3_s012_41284804_60.pkl
6420,34.0,48.006518327881516,abcd-ml,pasleep,scale,weekly,3,s012,41284804,60,out/abcd-ml_pasleep_scale_weekly_3_s012_41284804_60.pkl
6421,33.0,44.25628621736264,abcd-ml,pasleep,scale,weekly,3,s012,41284804,60,out/abcd-ml_pasleep_scale_weekly_3_s012_41284804_60.pkl
6422,34.0,48.016172507122086,abcd-ml,pasleep,scale,weekly,3,s012,41284804,60,out/abcd-ml_pasleep_scale_weekly_3_s012_41284804_60.pkl
6423,33.0,44.491436478473105,abcd-ml,pasleep,scale,weekly,3,s012,41284804,60,out/abcd-ml_pasleep_scale_weekly_3_s012_41284804_60.pkl
6424,34.0,48.0621732699895,abcd-ml,pasleep,scale,weekly,3,s012,41284804,60,out/abcd-ml_pasleep_scale_weekly_3_s012_41284804_60.pkl
6425,33.0,44.43983998826316,abcd-ml,pasleep,scale,weekly,3,s012,41284804,60,out/abcd-ml_pasleep_scale_weekly_3_s012_41284804_60.pkl
6426,34.0,48.09102274843735,abcd-ml,pasleep,scale,weekly,3,s012,41284804,60,out/abcd-ml_pasleep_scale_weekly_3_s012_41284804_60.pkl
6427,33.0,44.24766912247546,abcd-ml,pasleep,scale,weekly,3,s012,41284804,60,out/abcd-ml_pasleep_scale_weekly_3_s012_41284804_60.pkl
6428,34.0,47.93671023974997,abcd-ml,pasleep,scale,weekly,3,s012,41284804,60,out/abcd-ml_pasleep_scale_weekly_3_s012_41284804_60.pkl
6429,33.0,44.4184591172806,abcd-ml,pasleep,scale,weekly,3,s012,41284804,60,out/abcd-ml_pasleep_scale_weekly_3_s012_41284804_60.pkl
6430,34.0,47.825879838647595,abcd-ml,pasleep,scale,weekly,3,s012,41284804,60,out/abcd-ml_pasleep_scale_weekly_3_s012_41284804_60.pkl
6431,46.0,44.42753793555249,abcd-ml,pasleep,scale,weekly,3,s012,41284804,60,out/abcd-ml_pasleep_scale_weekly_3_s012_41284804_60.pkl
6432,34.0,47.526570004174935,abcd-ml,pasleep,scale,weekly,3,s012,41284804,60,out/abcd-ml_pasleep_scale_weekly_3_s012_41284804_60.pkl
6433,46.0,44.481510521914316,abcd-ml,pasleep,scale,weekly,3,s012,41284804,60,out/abcd-ml_pasleep_scale_weekly_3_s012_41284804_60.pkl
6434,34.0,47.38217358494987,abcd-ml,pasleep,scale,weekly,3,s012,41284804,60,out/abcd-ml_pasleep_scale_weekly_3_s012_41284804_60.pkl
6435,46.0,44.22199835450388,abcd-ml,pasleep,scale,weekly,3,s012,41284804,60,out/abcd-ml_pasleep_scale_weekly_3_s012_41284804_60.pkl
6436,55.0,47.67840619411974,abcd-ml,pasleep,scale,weekly,3,s012,41284804,60,out/abcd-ml_pasleep_scale_weekly_3_s012_41284804_60.pkl
6437,44.0,44.29653551176542,abcd-ml,pasleep,scale,weekly,3,s012,41284804,60,out/abcd-ml_pasleep_scale_weekly_3_s012_41284804_60.pkl
6438,55.0,47.66395279348249,abcd-ml,pasleep,scale,weekly,3,s012,41284804,60,out/abcd-ml_pasleep_scale_weekly_3_s012_41284804_60.pkl
6439,44.0,44.311951143454706,abcd-ml,pasleep,scale,weekly,3,s012,41284804,60,out/abcd-ml_pasleep_scale_weekly_3_s012_41284804_60.pkl
6440,55.0,47.86177242746695,abcd-ml,pasleep,scale,weekly,3,s012,41284804,60,out/abcd-ml_pasleep_scale_weekly_3_s012_41284804_60.pkl
6441,44.0,44.147171464746975,abcd-ml,pasleep,scale,weekly,3,s012,41284804,60,out/abcd-ml_pasleep_scale_weekly_3_s012_41284804_60.pkl
6442,55.0,47.72856423729266,abcd-ml,pasleep,scale,weekly,3,s012,41284804,60,out/abcd-ml_pasleep_scale_weekly_3_s012_41284804_60.pkl
6443,44.0,44.29441052541159,abcd-ml,pasleep,scale,weekly,3,s012,41284804,60,out/abcd-ml_pasleep_scale_weekly_3_s012_41284804_60.pkl
6444,55.0,47.84779227754206,abcd-ml,pasleep,scale,weekly,3,s012,41284804,60,out/abcd-ml_pasleep_scale_weekly_3_s012_41284804_60.pkl
6445,44.0,44.161280362824485,abcd-ml,pasleep,scale,weekly,3,s012,41284804,60,out/abcd-ml_pasleep_scale_weekly_3_s012_41284804_60.pkl
6446,45.0,48.091700541391276,abcd-ml,pasleep,scale,weekly,3,s012,41284804,60,out/abcd-ml_pasleep_scale_weekly_3_s012_41284804_60.pkl
6447,44.0,44.62138595406577,abcd-ml,pasleep,scale,weekly,3,s012,41284804,60,out/abcd-ml_pasleep_scale_weekly_3_s012_41284804_60.pkl
6448,45.0,48.21823800188053,abcd-ml,pasleep,scale,weekly,3,s012,41284804,60,out/abcd-ml_pasleep_scale_weekly_3_s012_41284804_60.pkl
6449,44.0,44.48199196813921,abcd-ml,pasleep,scale,weekly,3,s012,41284804,60,out/abcd-ml_pasleep_scale_weekly_3_s012_41284804_60.pkl
6450,45.0,47.812671984804915,abcd-ml,pasleep,scale,weekly,3,s012,41284804,60,out/abcd-ml_pasleep_scale_weekly_3_s012_41284804_60.pkl
6451,44.0,44.471007167507295,abcd-ml,pasleep,scale,weekly,3,s012,41284804,60,out/abcd-ml_pasleep_scale_weekly_3_s012_41284804_60.pkl
6452,45.0,47.94891510945095,abcd-ml,pasleep,scale,weekly,3,s012,41284804,60,out/abcd-ml_pasleep_scale_weekly_3_s012_41284804_60.pkl
6453,44.0,44.320790026004246,abcd-ml,pasleep,scale,weekly,3,s012,41284804,60,out/abcd-ml_pasleep_scale_weekly_3_s012_41284804_60.pkl
6454,45.0,47.41721244723303,abcd-ml,pasleep,scale,weekly,3,s012,41284804,60,out/abcd-ml_pasleep_scale_weekly_3_s012_41284804_60.pkl
6455,44.0,44.41799383961586,abcd-ml,pasleep,scale,weekly,3,s012,41284804,60,out/abcd-ml_pasleep_scale_weekly_3_s012_41284804_60.pkl
6456,45.0,47.59060407351648,abcd-ml,pasleep,scale,weekly,3,s012,41284804,60,out/abcd-ml_pasleep_scale_weekly_3_s012_41284804_60.pkl
6457,44.0,44.2264890464572,abcd-ml,pasleep,scale,weekly,3,s012,41284804,60,out/abcd-ml_pasleep_scale_weekly_3_s012_41284804_60.pkl
6458,50.0,48.11551883082444,abcd-ml,pasleep,scale,weekly,3,s012,41284804,60,out/abcd-ml_pasleep_scale_weekly_3_s012_41284804_60.pkl
6459,44.0,44.43742553178977,abcd-ml,pasleep,scale,weekly,3,s012,41284804,60,out/abcd-ml_pasleep_scale_weekly_3_s012_41284804_60.pkl
6460,50.0,48.111178562489606,abcd-ml,pasleep,scale,weekly,3,s012,41284804,60,out/abcd-ml_pasleep_scale_weekly_3_s012_41284804_60.pkl
6461,44.0,44.44288728071417,abcd-ml,pasleep,scale,weekly,3,s012,41284804,60,out/abcd-ml_pasleep_scale_weekly_3_s012_41284804_60.pkl
6462,50.0,48.01705012597437,abcd-ml,pasleep,scale,weekly,3,s012,41284804,60,out/abcd-ml_pasleep_scale_weekly_3_s012_41284804_60.pkl
6463,44.0,44.403416668973556,abcd-ml,pasleep,scale,weekly,3,s012,41284804,60,out/abcd-ml_pasleep_scale_weekly_3_s012_41284804_60.pkl
6464,50.0,47.896676597054025,abcd-ml,pasleep,scale,weekly,3,s012,41284804,60,out/abcd-ml_pasleep_scale_weekly_3_s012_41284804_60.pkl
6465,44.0,44.536486733663054,abcd-ml,pasleep,scale,weekly,3,s012,41284804,60,out/abcd-ml_pasleep_scale_weekly_3_s012_41284804_60.pkl
6466,50.0,47.87873783952111,abcd-ml,pasleep,scale,weekly,3,s012,41284804,60,out/abcd-ml_pasleep_scale_weekly_3_s012_41284804_60.pkl
6467,44.0,44.3524973844943,abcd-ml,pasleep,scale,weekly,3,s012,41284804,60,out/abcd-ml_pasleep_scale_weekly_3_s012_41284804_60.pkl
6468,50.0,47.908536015259045,abcd-ml,pasleep,scale,weekly,3,s012,41284804,60,out/abcd-ml_pasleep_scale_weekly_3_s012_41284804_60.pkl
6469,44.0,44.31996585710232,abcd-ml,pasleep,scale,weekly,3,s012,41284804,60,out/abcd-ml_pasleep_scale_weekly_3_s012_41284804_60.pkl
6470,45.0,47.93447875894801,abcd-ml,pasleep,scale,weekly,3,s012,41284804,60,out/abcd-ml_pasleep_scale_weekly_3_s012_41284804_60.pkl
6471,49.0,44.48550390808206,abcd-ml,pasleep,scale,weekly,3,s012,41284804,60,out/abcd-ml_pasleep_scale_weekly_3_s012_41284804_60.pkl
6472,45.0,48.38299863126418,abcd-ml,pasleep,scale,weekly,3,s012,41284804,60,out/abcd-ml_pasleep_scale_weekly_3_s012_41284804_60.pkl
6473,49.0,44.494992935487744,abcd-ml,pasleep,scale,weekly,3,s012,41284804,60,out/abcd-ml_pasleep_scale_weekly_3_s012_41284804_60.pkl
6474,45.0,48.38129213413062,abcd-ml,pasleep,scale,weekly,3,s012,41284804,60,out/abcd-ml_pasleep_scale_weekly_3_s012_41284804_60.pkl
6475,49.0,44.49670442877988,abcd-ml,pasleep,scale,weekly,3,s012,41284804,60,out/abcd-ml_pasleep_scale_weekly_3_s012_41284804_60.pkl
6476,45.0,48.20039241429838,abcd-ml,pasleep,scale,weekly,3,s012,41284804,60,out/abcd-ml_pasleep_scale_weekly_3_s012_41284804_60.pkl
6477,49.0,44.43625730613572,abcd-ml,pasleep,scale,weekly,3,s012,41284804,60,out/abcd-ml_pasleep_scale_weekly_3_s012_41284804_60.pkl
6478,45.0,48.154618188051444,abcd-ml,pasleep,scale,weekly,3,s012,41284804,60,out/abcd-ml_pasleep_scale_weekly_3_s012_41284804_60.pkl
6479,49.0,44.48685825823319,abcd-ml,pasleep,scale,weekly,3,s012,41284804,60,out/abcd-ml_pasleep_scale_weekly_3_s012_41284804_60.pkl
6480,34.0,48.05423589475785,abcd-ml,pasleep,scale,weekly,3,s012,41284804,60,out/abcd-ml_pasleep_scale_weekly_3_s012_41284804_60.pkl
6481,40.0,44.282868532921704,abcd-ml,pasleep,scale,weekly,3,s012,41284804,60,out/abcd-ml_pasleep_scale_weekly_3_s012_41284804_60.pkl
6482,34.0,47.98653299670285,abcd-ml,pasleep,scale,weekly,3,s012,41284804,60,out/abcd-ml_pasleep_scale_weekly_3_s012_41284804_60.pkl
6483,40.0,44.35757177381646,abcd-ml,pasleep,scale,weekly,3,s012,41284804,60,out/abcd-ml_pasleep_scale_weekly_3_s012_41284804_60.pkl
6484,34.0,49.15960486743917,abcd-ml,pasleep,scale,weekly,3,s012,41284804,60,out/abcd-ml_pasleep_scale_weekly_3_s012_41284804_60.pkl
6485,40.0,44.6961428196411,abcd-ml,pasleep,scale,weekly,3,s012,41284804,60,out/abcd-ml_pasleep_scale_weekly_3_s012_41284804_60.pkl
6486,34.0,47.5821267073992,abcd-ml,pasleep,scale,weekly,3,s012,41284804,60,out/abcd-ml_pasleep_scale_weekly_3_s012_41284804_60.pkl
6487,40.0,44.327020118451536,abcd-ml,pasleep,scale,weekly,3,s012,41284804,60,out/abcd-ml_pasleep_scale_weekly_3_s012_41284804_60.pkl
6488,34.0,47.66473728307356,abcd-ml,pasleep,scale,weekly,3,s012,41284804,60,out/abcd-ml_pasleep_scale_weekly_3_s012_41284804_60.pkl
6489,40.0,44.23586780653691,abcd-ml,pasleep,scale,weekly,3,s012,41284804,60,out/abcd-ml_pasleep_scale_weekly_3_s012_41284804_60.pkl
6490,41.0,48.06853432511964,abcd-ml,pasleep,scale,weekly,3,s012,41284804,60,out/abcd-ml_pasleep_scale_weekly_3_s012_41284804_60.pkl
6491,46.0,44.39554034457849,abcd-ml,pasleep,scale,weekly,3,s012,41284804,60,out/abcd-ml_pasleep_scale_weekly_3_s012_41284804_60.pkl
6492,41.0,47.873956967084496,abcd-ml,pasleep,scale,weekly,3,s012,41284804,60,out/abcd-ml_pasleep_scale_weekly_3_s012_41284804_60.pkl
6493,46.0,44.25820837083208,abcd-ml,pasleep,scale,weekly,3,s012,41284804,60,out/abcd-ml_pasleep_scale_weekly_3_s012_41284804_60.pkl
6494,41.0,47.781281248076944,abcd-ml,pasleep,scale,weekly,3,s012,41284804,60,out/abcd-ml_pasleep_scale_weekly_3_s012_41284804_60.pkl
6495,46.0,44.360789303118764,abcd-ml,pasleep,scale,weekly,3,s012,41284804,60,out/abcd-ml_pasleep_scale_weekly_3_s012_41284804_60.pkl
6496,41.0,47.966743139672,abcd-ml,pasleep,scale,weekly,3,s012,41284804,60,out/abcd-ml_pasleep_scale_weekly_3_s012_41284804_60.pkl
6497,46.0,44.40132630670765,abcd-ml,pasleep,scale,weekly,3,s012,41284804,60,out/abcd-ml_pasleep_scale_weekly_3_s012_41284804_60.pkl
6498,41.0,48.03282728101523,abcd-ml,pasleep,scale,weekly,3,s012,41284804,60,out/abcd-ml_pasleep_scale_weekly_3_s012_41284804_60.pkl
6499,46.0,44.327579972242546,abcd-ml,pasleep,scale,weekly,3,s012,41284804,60,out/abcd-ml_pasleep_scale_weekly_3_s012_41284804_60.pkl
6500,40.0,47.51193049484553,abcd-ml,pasleep,scale,weekly,3,s012,41284804,60,out/abcd-ml_pasleep_scale_weekly_3_s012_41284804_60.pkl
6501,40.0,44.28488728662921,abcd-ml,pasleep,scale,weekly,3,s012,41284804,60,out/abcd-ml_pasleep_scale_weekly_3_s012_41284804_60.pkl
6502,40.0,47.4818494704158,abcd-ml,pasleep,scale,weekly,3,s012,41284804,60,out/abcd-ml_pasleep_scale_weekly_3_s012_41284804_60.pkl
6503,40.0,44.31798782464634,abcd-ml,pasleep,scale,weekly,3,s012,41284804,60,out/abcd-ml_pasleep_scale_weekly_3_s012_41284804_60.pkl
6504,40.0,47.45942570707735,abcd-ml,pasleep,scale,weekly,3,s012,41284804,60,out/abcd-ml_pasleep_scale_weekly_3_s012_41284804_60.pkl
6505,40.0,44.34713065989771,abcd-ml,pasleep,scale,weekly,3,s012,41284804,60,out/abcd-ml_pasleep_scale_weekly_3_s012_41284804_60.pkl
6506,40.0,47.509744524817044,abcd-ml,pasleep,scale,weekly,3,s012,41284804,60,out/abcd-ml_pasleep_scale_weekly_3_s012_41284804_60.pkl
6507,40.0,44.29160908749675,abcd-ml,pasleep,scale,weekly,3,s012,41284804,60,out/abcd-ml_pasleep_scale_weekly_3_s012_41284804_60.pkl
6508,40.0,48.2931222275859,abcd-ml,pasleep,scale,weekly,3,s012,41284804,60,out/abcd-ml_pasleep_scale_weekly_3_s012_41284804_60.pkl
6509,40.0,44.5770030327886,abcd-ml,pasleep,scale,weekly,3,s012,41284804,60,out/abcd-ml_pasleep_scale_weekly_3_s012_41284804_60.pkl
6510,40.0,48.142674170446384,abcd-ml,pasleep,scale,weekly,3,s012,41284804,60,out/abcd-ml_pasleep_scale_weekly_3_s012_41284804_60.pkl
6511,40.0,44.74444918210733,abcd-ml,pasleep,scale,weekly,3,s012,41284804,60,out/abcd-ml_pasleep_scale_weekly_3_s012_41284804_60.pkl
6512,50.0,47.8846485437455,abcd-ml,pasleep,scale,weekly,3,s012,41284804,60,out/abcd-ml_pasleep_scale_weekly_3_s012_41284804_60.pkl
6513,34.0,44.158356803290005,abcd-ml,pasleep,scale,weekly,3,s012,41284804,60,out/abcd-ml_pasleep_scale_weekly_3_s012_41284804_60.pkl
6514,50.0,47.826354737178455,abcd-ml,pasleep,scale,weekly,3,s012,41284804,60,out/abcd-ml_pasleep_scale_weekly_3_s012_41284804_60.pkl
6515,34.0,44.30967384533864,abcd-ml,pasleep,scale,weekly,3,s012,41284804,60,out/abcd-ml_pasleep_scale_weekly_3_s012_41284804_60.pkl
6516,50.0,47.69329668309872,abcd-ml,pasleep,scale,weekly,3,s012,41284804,60,out/abcd-ml_pasleep_scale_weekly_3_s012_41284804_60.pkl
6517,34.0,44.456616546067714,abcd-ml,pasleep,scale,weekly,3,s012,41284804,60,out/abcd-ml_pasleep_scale_weekly_3_s012_41284804_60.pkl
6518,50.0,47.61071544211528,abcd-ml,pasleep,scale,weekly,3,s012,41284804,60,out/abcd-ml_pasleep_scale_weekly_3_s012_41284804_60.pkl
6519,34.0,44.27716009909733,abcd-ml,pasleep,scale,weekly,3,s012,41284804,60,out/abcd-ml_pasleep_scale_weekly_3_s012_41284804_60.pkl
6520,50.0,47.70232347451834,abcd-ml,pasleep,scale,weekly,3,s012,41284804,60,out/abcd-ml_pasleep_scale_weekly_3_s012_41284804_60.pkl
6521,34.0,44.176286623068776,abcd-ml,pasleep,scale,weekly,3,s012,41284804,60,out/abcd-ml_pasleep_scale_weekly_3_s012_41284804_60.pkl
6522,45.0,48.6499827415255,abcd-ml,pasleep,scale,weekly,3,s012,41284804,60,out/abcd-ml_pasleep_scale_weekly_3_s012_41284804_60.pkl
6523,34.0,44.45513118005657,abcd-ml,pasleep,scale,weekly,3,s012,41284804,60,out/abcd-ml_pasleep_scale_weekly_3_s012_41284804_60.pkl
6524,45.0,48.58269042255223,abcd-ml,pasleep,scale,weekly,3,s012,41284804,60,out/abcd-ml_pasleep_scale_weekly_3_s012_41284804_60.pkl
6525,34.0,44.528901208223076,abcd-ml,pasleep,scale,weekly,3,s012,41284804,60,out/abcd-ml_pasleep_scale_weekly_3_s012_41284804_60.pkl
6526,45.0,48.6195684765186,abcd-ml,pasleep,scale,weekly,3,s012,41284804,60,out/abcd-ml_pasleep_scale_weekly_3_s012_41284804_60.pkl
6527,34.0,44.560531556100486,abcd-ml,pasleep,scale,weekly,3,s012,41284804,60,out/abcd-ml_pasleep_scale_weekly_3_s012_41284804_60.pkl
6528,45.0,48.68800723917736,abcd-ml,pasleep,scale,weekly,3,s012,41284804,60,out/abcd-ml_pasleep_scale_weekly_3_s012_41284804_60.pkl
6529,34.0,44.48554291053573,abcd-ml,pasleep,scale,weekly,3,s012,41284804,60,out/abcd-ml_pasleep_scale_weekly_3_s012_41284804_60.pkl
6530,45.0,48.42368094683813,abcd-ml,pasleep,scale,weekly,3,s012,41284804,60,out/abcd-ml_pasleep_scale_weekly_3_s012_41284804_60.pkl
6531,34.0,44.249376786670425,abcd-ml,pasleep,scale,weekly,3,s012,41284804,60,out/abcd-ml_pasleep_scale_weekly_3_s012_41284804_60.pkl
6532,45.0,48.20519588522235,abcd-ml,pasleep,scale,weekly,3,s012,41284804,60,out/abcd-ml_pasleep_scale_weekly_3_s012_41284804_60.pkl
6533,34.0,44.49095025011312,abcd-ml,pasleep,scale,weekly,3,s012,41284804,60,out/abcd-ml_pasleep_scale_weekly_3_s012_41284804_60.pkl
6534,45.0,48.997055753491864,abcd-ml,pasleep,scale,weekly,3,s012,41284804,60,out/abcd-ml_pasleep_scale_weekly_3_s012_41284804_60.pkl
6535,34.0,44.701501931587615,abcd-ml,pasleep,scale,weekly,3,s012,41284804,60,out/abcd-ml_pasleep_scale_weekly_3_s012_41284804_60.pkl
6536,45.0,47.95332340767874,abcd-ml,pasleep,scale,weekly,3,s012,41284804,60,out/abcd-ml_pasleep_scale_weekly_3_s012_41284804_60.pkl
6537,34.0,44.28216439385991,abcd-ml,pasleep,scale,weekly,3,s012,41284804,60,out/abcd-ml_pasleep_scale_weekly_3_s012_41284804_60.pkl
6538,45.0,47.8800254238896,abcd-ml,pasleep,scale,weekly,3,s012,41284804,60,out/abcd-ml_pasleep_scale_weekly_3_s012_41284804_60.pkl
6539,34.0,44.36360078759928,abcd-ml,pasleep,scale,weekly,3,s012,41284804,60,out/abcd-ml_pasleep_scale_weekly_3_s012_41284804_60.pkl
6540,45.0,48.85516809613301,abcd-ml,pasleep,scale,weekly,3,s012,41284804,60,out/abcd-ml_pasleep_scale_weekly_3_s012_41284804_60.pkl
6541,34.0,44.61127531027053,abcd-ml,pasleep,scale,weekly,3,s012,41284804,60,out/abcd-ml_pasleep_scale_weekly_3_s012_41284804_60.pkl
6542,45.0,48.83718320814173,abcd-ml,pasleep,scale,weekly,3,s012,41284804,60,out/abcd-ml_pasleep_scale_weekly_3_s012_41284804_60.pkl
6543,34.0,44.631254048607346,abcd-ml,pasleep,scale,weekly,3,s012,41284804,60,out/abcd-ml_pasleep_scale_weekly_3_s012_41284804_60.pkl
6544,45.0,48.88308732890361,abcd-ml,pasleep,scale,weekly,3,s012,41284804,60,out/abcd-ml_pasleep_scale_weekly_3_s012_41284804_60.pkl
6545,34.0,44.589682119305806,abcd-ml,pasleep,scale,weekly,3,s012,41284804,60,out/abcd-ml_pasleep_scale_weekly_3_s012_41284804_60.pkl
6546,65.0,48.49176045687553,abcd-ml,pasleep,scale,weekly,3,s012,41284804,60,out/abcd-ml_pasleep_scale_weekly_3_s012_41284804_60.pkl
6547,66.0,44.53378779517993,abcd-ml,pasleep,scale,weekly,3,s012,41284804,60,out/abcd-ml_pasleep_scale_weekly_3_s012_41284804_60.pkl
6548,65.0,48.50462637269216,abcd-ml,pasleep,scale,weekly,3,s012,41284804,60,out/abcd-ml_pasleep_scale_weekly_3_s012_41284804_60.pkl
6549,66.0,44.51995356807712,abcd-ml,pasleep,scale,weekly,3,s012,41284804,60,out/abcd-ml_pasleep_scale_weekly_3_s012_41284804_60.pkl
6550,65.0,48.05222250132341,abcd-ml,pasleep,scale,weekly,3,s012,41284804,60,out/abcd-ml_pasleep_scale_weekly_3_s012_41284804_60.pkl
6551,66.0,44.378458387895776,abcd-ml,pasleep,scale,weekly,3,s012,41284804,60,out/abcd-ml_pasleep_scale_weekly_3_s012_41284804_60.pkl
6552,65.0,47.82714765947851,abcd-ml,pasleep,scale,weekly,3,s012,41284804,60,out/abcd-ml_pasleep_scale_weekly_3_s012_41284804_60.pkl
6553,66.0,44.65109971822619,abcd-ml,pasleep,scale,weekly,3,s012,41284804,60,out/abcd-ml_pasleep_scale_weekly_3_s012_41284804_60.pkl
6554,65.0,48.00405551968207,abcd-ml,pasleep,scale,weekly,3,s012,41284804,60,out/abcd-ml_pasleep_scale_weekly_3_s012_41284804_60.pkl
6555,66.0,44.455033167518394,abcd-ml,pasleep,scale,weekly,3,s012,41284804,60,out/abcd-ml_pasleep_scale_weekly_3_s012_41284804_60.pkl
6556,52.0,47.75787273084235,abcd-ml,pasleep,scale,weekly,3,s012,41284804,60,out/abcd-ml_pasleep_scale_weekly_3_s012_41284804_60.pkl
6557,46.0,44.47155572619103,abcd-ml,pasleep,scale,weekly,3,s012,41284804,60,out/abcd-ml_pasleep_scale_weekly_3_s012_41284804_60.pkl
6558,52.0,47.75699710170564,abcd-ml,pasleep,scale,weekly,3,s012,41284804,60,out/abcd-ml_pasleep_scale_weekly_3_s012_41284804_60.pkl
6559,46.0,44.47252216007112,abcd-ml,pasleep,scale,weekly,3,s012,41284804,60,out/abcd-ml_pasleep_scale_weekly_3_s012_41284804_60.pkl
6560,41.0,47.76504738812379,abcd-ml,pasleep,scale,weekly,3,s012,41284804,60,out/abcd-ml_pasleep_scale_weekly_3_s012_41284804_60.pkl
6561,33.0,44.61196951917409,abcd-ml,pasleep,scale,weekly,3,s012,41284804,60,out/abcd-ml_pasleep_scale_weekly_3_s012_41284804_60.pkl
6562,41.0,47.76576632057521,abcd-ml,pasleep,scale,weekly,3,s012,41284804,60,out/abcd-ml_pasleep_scale_weekly_3_s012_41284804_60.pkl
6563,33.0,44.48963817433048,abcd-ml,pasleep,scale,weekly,3,s012,41284804,60,out/abcd-ml_pasleep_scale_weekly_3_s012_41284804_60.pkl
6564,41.0,47.70104045568807,abcd-ml,pasleep,scale,weekly,3,s012,41284804,60,out/abcd-ml_pasleep_scale_weekly_3_s012_41284804_60.pkl
6565,33.0,44.49013304753664,abcd-ml,pasleep,scale,weekly,3,s012,41284804,60,out/abcd-ml_pasleep_scale_weekly_3_s012_41284804_60.pkl
6566,41.0,47.83667138353205,abcd-ml,pasleep,scale,weekly,3,s012,41284804,60,out/abcd-ml_pasleep_scale_weekly_3_s012_41284804_60.pkl
6567,33.0,44.34033303264367,abcd-ml,pasleep,scale,weekly,3,s012,41284804,60,out/abcd-ml_pasleep_scale_weekly_3_s012_41284804_60.pkl
6568,41.0,47.84243497212992,abcd-ml,pasleep,scale,weekly,3,s012,41284804,60,out/abcd-ml_pasleep_scale_weekly_3_s012_41284804_60.pkl
6569,33.0,44.37637134599438,abcd-ml,pasleep,scale,weekly,3,s012,41284804,60,out/abcd-ml_pasleep_scale_weekly_3_s012_41284804_60.pkl
6570,41.0,47.62138235653647,abcd-ml,pasleep,scale,weekly,3,s012,41284804,60,out/abcd-ml_pasleep_scale_weekly_3_s012_41284804_60.pkl
6571,33.0,44.621080249401686,abcd-ml,pasleep,scale,weekly,3,s012,41284804,60,out/abcd-ml_pasleep_scale_weekly_3_s012_41284804_60.pkl
6572,34.0,47.66321331447487,abcd-ml,pasleep,scale,weekly,3,s012,41284804,60,out/abcd-ml_pasleep_scale_weekly_3_s012_41284804_60.pkl
6573,33.0,44.63980106070119,abcd-ml,pasleep,scale,weekly,3,s012,41284804,60,out/abcd-ml_pasleep_scale_weekly_3_s012_41284804_60.pkl
6574,34.0,47.7707070995326,abcd-ml,pasleep,scale,weekly,3,s012,41284804,60,out/abcd-ml_pasleep_scale_weekly_3_s012_41284804_60.pkl
6575,33.0,44.51651851405477,abcd-ml,pasleep,scale,weekly,3,s012,41284804,60,out/abcd-ml_pasleep_scale_weekly_3_s012_41284804_60.pkl
6576,34.0,47.58731750934868,abcd-ml,pasleep,scale,weekly,3,s012,41284804,60,out/abcd-ml_pasleep_scale_weekly_3_s012_41284804_60.pkl
6577,33.0,44.44786651909707,abcd-ml,pasleep,scale,weekly,3,s012,41284804,60,out/abcd-ml_pasleep_scale_weekly_3_s012_41284804_60.pkl
6578,39.0,48.015103932670186,abcd-ml,pasleep,scale,weekly,3,s012,41284804,60,out/abcd-ml_pasleep_scale_weekly_3_s012_41284804_60.pkl
6579,34.0,44.339580595343946,abcd-ml,pasleep,scale,weekly,3,s012,41284804,60,out/abcd-ml_pasleep_scale_weekly_3_s012_41284804_60.pkl
6580,39.0,47.93725021432297,abcd-ml,pasleep,scale,weekly,3,s012,41284804,60,out/abcd-ml_pasleep_scale_weekly_3_s012_41284804_60.pkl
6581,34.0,44.425789835418925,abcd-ml,pasleep,scale,weekly,3,s012,41284804,60,out/abcd-ml_pasleep_scale_weekly_3_s012_41284804_60.pkl
6582,39.0,48.10670328016191,abcd-ml,pasleep,scale,weekly,3,s012,41284804,60,out/abcd-ml_pasleep_scale_weekly_3_s012_41284804_60.pkl
6583,34.0,44.33437851477768,abcd-ml,pasleep,scale,weekly,3,s012,41284804,60,out/abcd-ml_pasleep_scale_weekly_3_s012_41284804_60.pkl
6584,39.0,48.01706525517283,abcd-ml,pasleep,scale,weekly,3,s012,41284804,60,out/abcd-ml_pasleep_scale_weekly_3_s012_41284804_60.pkl
6585,34.0,44.2540119525918,abcd-ml,pasleep,scale,weekly,3,s012,41284804,60,out/abcd-ml_pasleep_scale_weekly_3_s012_41284804_60.pkl
6586,34.0,47.86868726900946,abcd-ml,pasleep,scale,weekly,3,s012,41284804,60,out/abcd-ml_pasleep_scale_weekly_3_s012_41284804_60.pkl
6587,40.0,44.300799556137875,abcd-ml,pasleep,scale,weekly,3,s012,41284804,60,out/abcd-ml_pasleep_scale_weekly_3_s012_41284804_60.pkl
6588,34.0,47.77878489336151,abcd-ml,pasleep,scale,weekly,3,s012,41284804,60,out/abcd-ml_pasleep_scale_weekly_3_s012_41284804_60.pkl
6589,40.0,44.400406918130585,abcd-ml,pasleep,scale,weekly,3,s012,41284804,60,out/abcd-ml_pasleep_scale_weekly_3_s012_41284804_60.pkl
6590,34.0,47.55337480622967,abcd-ml,pasleep,scale,weekly,3,s012,41284804,60,out/abcd-ml_pasleep_scale_weekly_3_s012_41284804_60.pkl
6591,40.0,44.062724258534914,abcd-ml,pasleep,scale,weekly,3,s012,41284804,60,out/abcd-ml_pasleep_scale_weekly_3_s012_41284804_60.pkl
6592,34.0,47.45620731208824,abcd-ml,pasleep,scale,weekly,3,s012,41284804,60,out/abcd-ml_pasleep_scale_weekly_3_s012_41284804_60.pkl
6593,40.0,44.170358482180376,abcd-ml,pasleep,scale,weekly,3,s012,41284804,60,out/abcd-ml_pasleep_scale_weekly_3_s012_41284804_60.pkl
6594,34.0,47.87690589349764,abcd-ml,pasleep,scale,weekly,3,s012,41284804,60,out/abcd-ml_pasleep_scale_weekly_3_s012_41284804_60.pkl
6595,40.0,44.09012177540259,abcd-ml,pasleep,scale,weekly,3,s012,41284804,60,out/abcd-ml_pasleep_scale_weekly_3_s012_41284804_60.pkl
6596,34.0,47.73924429106623,abcd-ml,pasleep,scale,weekly,3,s012,41284804,60,out/abcd-ml_pasleep_scale_weekly_3_s012_41284804_60.pkl
6597,40.0,44.24267511967949,abcd-ml,pasleep,scale,weekly,3,s012,41284804,60,out/abcd-ml_pasleep_scale_weekly_3_s012_41284804_60.pkl
6598,50.0,47.78378817421027,abcd-ml,pasleep,scale,weekly,3,s012,41284804,60,out/abcd-ml_pasleep_scale_weekly_3_s012_41284804_60.pkl
6599,40.0,44.638360874290605,abcd-ml,pasleep,scale,weekly,3,s012,41284804,60,out/abcd-ml_pasleep_scale_weekly_3_s012_41284804_60.pkl
6600,50.0,47.825770221095524,abcd-ml,pasleep,scale,weekly,3,s012,41284804,60,out/abcd-ml_pasleep_scale_weekly_3_s012_41284804_60.pkl
6601,40.0,44.59154422843547,abcd-ml,pasleep,scale,weekly,3,s012,41284804,60,out/abcd-ml_pasleep_scale_weekly_3_s012_41284804_60.pkl
6602,50.0,47.404571412575784,abcd-ml,pasleep,scale,weekly,3,s012,41284804,60,out/abcd-ml_pasleep_scale_weekly_3_s012_41284804_60.pkl
6603,40.0,44.16791061457622,abcd-ml,pasleep,scale,weekly,3,s012,41284804,60,out/abcd-ml_pasleep_scale_weekly_3_s012_41284804_60.pkl
6604,50.0,47.362524865221815,abcd-ml,pasleep,scale,weekly,3,s012,41284804,60,out/abcd-ml_pasleep_scale_weekly_3_s012_41284804_60.pkl
6605,40.0,44.21436051579311,abcd-ml,pasleep,scale,weekly,3,s012,41284804,60,out/abcd-ml_pasleep_scale_weekly_3_s012_41284804_60.pkl
6606,50.0,47.61509343225674,abcd-ml,pasleep,scale,weekly,3,s012,41284804,60,out/abcd-ml_pasleep_scale_weekly_3_s012_41284804_60.pkl
6607,40.0,44.37705774636043,abcd-ml,pasleep,scale,weekly,3,s012,41284804,60,out/abcd-ml_pasleep_scale_weekly_3_s012_41284804_60.pkl
6608,40.0,48.099058386670926,abcd-ml,pasleep,scale,weekly,3,s012,41284804,60,out/abcd-ml_pasleep_scale_weekly_3_s012_41284804_60.pkl
6609,34.0,44.27155692838224,abcd-ml,pasleep,scale,weekly,3,s012,41284804,60,out/abcd-ml_pasleep_scale_weekly_3_s012_41284804_60.pkl
6610,40.0,47.99346605139374,abcd-ml,pasleep,scale,weekly,3,s012,41284804,60,out/abcd-ml_pasleep_scale_weekly_3_s012_41284804_60.pkl
6611,34.0,44.38964602719804,abcd-ml,pasleep,scale,weekly,3,s012,41284804,60,out/abcd-ml_pasleep_scale_weekly_3_s012_41284804_60.pkl
6612,40.0,47.8516704118785,abcd-ml,pasleep,scale,weekly,3,s012,41284804,60,out/abcd-ml_pasleep_scale_weekly_3_s012_41284804_60.pkl
6613,34.0,44.54329405694992,abcd-ml,pasleep,scale,weekly,3,s012,41284804,60,out/abcd-ml_pasleep_scale_weekly_3_s012_41284804_60.pkl
6614,40.0,47.7260589301238,abcd-ml,pasleep,scale,weekly,3,s012,41284804,60,out/abcd-ml_pasleep_scale_weekly_3_s012_41284804_60.pkl
6615,34.0,44.47160986634624,abcd-ml,pasleep,scale,weekly,3,s012,41284804,60,out/abcd-ml_pasleep_scale_weekly_3_s012_41284804_60.pkl
6616,40.0,47.618043853561566,abcd-ml,pasleep,scale,weekly,3,s012,41284804,60,out/abcd-ml_pasleep_scale_weekly_3_s012_41284804_60.pkl
6617,34.0,44.59079332020144,abcd-ml,pasleep,scale,weekly,3,s012,41284804,60,out/abcd-ml_pasleep_scale_weekly_3_s012_41284804_60.pkl
6618,52.0,48.4311116297697,abcd-ml,pasleep,scale,weekly,3,s012,41284804,60,out/abcd-ml_pasleep_scale_weekly_3_s012_41284804_60.pkl
6619,34.0,44.54268451570323,abcd-ml,pasleep,scale,weekly,3,s012,41284804,60,out/abcd-ml_pasleep_scale_weekly_3_s012_41284804_60.pkl
6620,52.0,48.464276529228556,abcd-ml,pasleep,scale,weekly,3,s012,41284804,60,out/abcd-ml_pasleep_scale_weekly_3_s012_41284804_60.pkl
6621,34.0,44.505917033873075,abcd-ml,pasleep,scale,weekly,3,s012,41284804,60,out/abcd-ml_pasleep_scale_weekly_3_s012_41284804_60.pkl
6622,52.0,48.122871063591234,abcd-ml,pasleep,scale,weekly,3,s012,41284804,60,out/abcd-ml_pasleep_scale_weekly_3_s012_41284804_60.pkl
6623,34.0,44.41273606877843,abcd-ml,pasleep,scale,weekly,3,s012,41284804,60,out/abcd-ml_pasleep_scale_weekly_3_s012_41284804_60.pkl
6624,52.0,48.09175521926644,abcd-ml,pasleep,scale,weekly,3,s012,41284804,60,out/abcd-ml_pasleep_scale_weekly_3_s012_41284804_60.pkl
6625,34.0,44.44727484344065,abcd-ml,pasleep,scale,weekly,3,s012,41284804,60,out/abcd-ml_pasleep_scale_weekly_3_s012_41284804_60.pkl
6626,52.0,48.25813493182159,abcd-ml,pasleep,scale,weekly,3,s012,41284804,60,out/abcd-ml_pasleep_scale_weekly_3_s012_41284804_60.pkl
6627,34.0,44.33207405123787,abcd-ml,pasleep,scale,weekly,3,s012,41284804,60,out/abcd-ml_pasleep_scale_weekly_3_s012_41284804_60.pkl
6628,52.0,48.15938735295309,abcd-ml,pasleep,scale,weekly,3,s012,41284804,60,out/abcd-ml_pasleep_scale_weekly_3_s012_41284804_60.pkl
6629,34.0,44.44170497423377,abcd-ml,pasleep,scale,weekly,3,s012,41284804,60,out/abcd-ml_pasleep_scale_weekly_3_s012_41284804_60.pkl
6630,43.0,47.625746537049054,abcd-ml,pasleep,scale,weekly,3,s012,41284804,60,out/abcd-ml_pasleep_scale_weekly_3_s012_41284804_60.pkl
6631,34.0,44.50447932319497,abcd-ml,pasleep,scale,weekly,3,s012,41284804,60,out/abcd-ml_pasleep_scale_weekly_3_s012_41284804_60.pkl
6632,43.0,47.79222599493745,abcd-ml,pasleep,scale,weekly,3,s012,41284804,60,out/abcd-ml_pasleep_scale_weekly_3_s012_41284804_60.pkl
6633,34.0,44.460488599799184,abcd-ml,pasleep,scale,weekly,3,s012,41284804,60,out/abcd-ml_pasleep_scale_weekly_3_s012_41284804_60.pkl
6634,43.0,47.57990650996628,abcd-ml,pasleep,scale,weekly,3,s012,41284804,60,out/abcd-ml_pasleep_scale_weekly_3_s012_41284804_60.pkl
6635,34.0,44.22510234911812,abcd-ml,pasleep,scale,weekly,3,s012,41284804,60,out/abcd-ml_pasleep_scale_weekly_3_s012_41284804_60.pkl
6636,43.0,47.5882818068879,abcd-ml,pasleep,scale,weekly,3,s012,41284804,60,out/abcd-ml_pasleep_scale_weekly_3_s012_41284804_60.pkl
6637,34.0,44.21637605909055,abcd-ml,pasleep,scale,weekly,3,s012,41284804,60,out/abcd-ml_pasleep_scale_weekly_3_s012_41284804_60.pkl
6638,43.0,47.58296311538301,abcd-ml,pasleep,scale,weekly,3,s012,41284804,60,out/abcd-ml_pasleep_scale_weekly_3_s012_41284804_60.pkl
6639,34.0,44.55505990842289,abcd-ml,pasleep,scale,weekly,3,s012,41284804,60,out/abcd-ml_pasleep_scale_weekly_3_s012_41284804_60.pkl
6640,43.0,47.78200387353414,abcd-ml,pasleep,scale,weekly,3,s012,41284804,60,out/abcd-ml_pasleep_scale_weekly_3_s012_41284804_60.pkl
6641,34.0,44.33457908906014,abcd-ml,pasleep,scale,weekly,3,s012,41284804,60,out/abcd-ml_pasleep_scale_weekly_3_s012_41284804_60.pkl
6642,50.0,47.55500515071961,abcd-ml,pasleep,scale,weekly,3,s012,41284804,60,out/abcd-ml_pasleep_scale_weekly_3_s012_41284804_60.pkl
6643,54.0,44.23122888169139,abcd-ml,pasleep,scale,weekly,3,s012,41284804,60,out/abcd-ml_pasleep_scale_weekly_3_s012_41284804_60.pkl
6644,50.0,47.485561919978096,abcd-ml,pasleep,scale,weekly,3,s012,41284804,60,out/abcd-ml_pasleep_scale_weekly_3_s012_41284804_60.pkl
6645,54.0,44.308179888768215,abcd-ml,pasleep,scale,weekly,3,s012,41284804,60,out/abcd-ml_pasleep_scale_weekly_3_s012_41284804_60.pkl
6646,50.0,47.172250139656214,abcd-ml,pasleep,scale,weekly,3,s012,41284804,60,out/abcd-ml_pasleep_scale_weekly_3_s012_41284804_60.pkl
6647,54.0,44.010534202919445,abcd-ml,pasleep,scale,weekly,3,s012,41284804,60,out/abcd-ml_pasleep_scale_weekly_3_s012_41284804_60.pkl
6648,50.0,47.1263896960019,abcd-ml,pasleep,scale,weekly,3,s012,41284804,60,out/abcd-ml_pasleep_scale_weekly_3_s012_41284804_60.pkl
6649,54.0,44.0612581474213,abcd-ml,pasleep,scale,weekly,3,s012,41284804,60,out/abcd-ml_pasleep_scale_weekly_3_s012_41284804_60.pkl
6650,50.0,47.36715565962607,abcd-ml,pasleep,scale,weekly,3,s012,41284804,60,out/abcd-ml_pasleep_scale_weekly_3_s012_41284804_60.pkl
6651,54.0,44.28324756002184,abcd-ml,pasleep,scale,weekly,3,s012,41284804,60,out/abcd-ml_pasleep_scale_weekly_3_s012_41284804_60.pkl
6652,50.0,47.40178523386984,abcd-ml,pasleep,scale,weekly,3,s012,41284804,60,out/abcd-ml_pasleep_scale_weekly_3_s012_41284804_60.pkl
6653,54.0,44.24455472908507,abcd-ml,pasleep,scale,weekly,3,s012,41284804,60,out/abcd-ml_pasleep_scale_weekly_3_s012_41284804_60.pkl
6654,55.0,47.86939068328032,abcd-ml,pasleep,scale,weekly,3,s012,41284804,60,out/abcd-ml_pasleep_scale_weekly_3_s012_41284804_60.pkl
6655,46.0,44.556681095412785,abcd-ml,pasleep,scale,weekly,3,s012,41284804,60,out/abcd-ml_pasleep_scale_weekly_3_s012_41284804_60.pkl
6656,55.0,47.99866738846265,abcd-ml,pasleep,scale,weekly,3,s012,41284804,60,out/abcd-ml_pasleep_scale_weekly_3_s012_41284804_60.pkl
6657,46.0,44.4132446021945,abcd-ml,pasleep,scale,weekly,3,s012,41284804,60,out/abcd-ml_pasleep_scale_weekly_3_s012_41284804_60.pkl
6658,55.0,47.56150361282762,abcd-ml,pasleep,scale,weekly,3,s012,41284804,60,out/abcd-ml_pasleep_scale_weekly_3_s012_41284804_60.pkl
6659,46.0,44.55351476793079,abcd-ml,pasleep,scale,weekly,3,s012,41284804,60,out/abcd-ml_pasleep_scale_weekly_3_s012_41284804_60.pkl
6660,55.0,47.74842555884187,abcd-ml,pasleep,scale,weekly,3,s012,41284804,60,out/abcd-ml_pasleep_scale_weekly_3_s012_41284804_60.pkl
6661,46.0,44.346028600790305,abcd-ml,pasleep,scale,weekly,3,s012,41284804,60,out/abcd-ml_pasleep_scale_weekly_3_s012_41284804_60.pkl
6662,39.0,49.02358323546736,abcd-ml,pasleep,scale,weekly,3,s012,41284804,60,out/abcd-ml_pasleep_scale_weekly_3_s012_41284804_60.pkl
6663,44.0,44.84622855940488,abcd-ml,pasleep,scale,weekly,3,s012,41284804,60,out/abcd-ml_pasleep_scale_weekly_3_s012_41284804_60.pkl
6664,39.0,49.15960486743917,abcd-ml,pasleep,scale,weekly,3,s012,41284804,60,out/abcd-ml_pasleep_scale_weekly_3_s012_41284804_60.pkl
6665,44.0,44.6961428196411,abcd-ml,pasleep,scale,weekly,3,s012,41284804,60,out/abcd-ml_pasleep_scale_weekly_3_s012_41284804_60.pkl
6666,39.0,47.73107823115319,abcd-ml,pasleep,scale,weekly,3,s012,41284804,60,out/abcd-ml_pasleep_scale_weekly_3_s012_41284804_60.pkl
6667,44.0,44.43010784270844,abcd-ml,pasleep,scale,weekly,3,s012,41284804,60,out/abcd-ml_pasleep_scale_weekly_3_s012_41284804_60.pkl
6668,34.0,48.20154023097905,abcd-ml,pasleep,scale,weekly,3,s012,41284804,60,out/abcd-ml_pasleep_scale_weekly_3_s012_41284804_60.pkl
6669,33.0,44.54233347595261,abcd-ml,pasleep,scale,weekly,3,s012,41284804,60,out/abcd-ml_pasleep_scale_weekly_3_s012_41284804_60.pkl
6670,34.0,48.27097734057323,abcd-ml,pasleep,scale,weekly,3,s012,41284804,60,out/abcd-ml_pasleep_scale_weekly_3_s012_41284804_60.pkl
6671,33.0,44.46586845537982,abcd-ml,pasleep,scale,weekly,3,s012,41284804,60,out/abcd-ml_pasleep_scale_weekly_3_s012_41284804_60.pkl
6672,34.0,47.88206074909098,abcd-ml,pasleep,scale,weekly,3,s012,41284804,60,out/abcd-ml_pasleep_scale_weekly_3_s012_41284804_60.pkl
6673,33.0,44.435366646370206,abcd-ml,pasleep,scale,weekly,3,s012,41284804,60,out/abcd-ml_pasleep_scale_weekly_3_s012_41284804_60.pkl
6674,34.0,47.6652294853527,abcd-ml,pasleep,scale,weekly,3,s012,41284804,60,out/abcd-ml_pasleep_scale_weekly_3_s012_41284804_60.pkl
6675,33.0,44.43931150566698,abcd-ml,pasleep,scale,weekly,3,s012,41284804,60,out/abcd-ml_pasleep_scale_weekly_3_s012_41284804_60.pkl
6676,34.0,48.83234831832775,abcd-ml,pasleep,scale,weekly,3,s012,41284804,60,out/abcd-ml_pasleep_scale_weekly_3_s012_41284804_60.pkl
6677,40.0,44.88325626612914,abcd-ml,pasleep,scale,weekly,3,s012,41284804,60,out/abcd-ml_pasleep_scale_weekly_3_s012_41284804_60.pkl
6678,34.0,47.78861597251463,abcd-ml,pasleep,scale,weekly,3,s012,41284804,60,out/abcd-ml_pasleep_scale_weekly_3_s012_41284804_60.pkl
6679,40.0,44.46391872840144,abcd-ml,pasleep,scale,weekly,3,s012,41284804,60,out/abcd-ml_pasleep_scale_weekly_3_s012_41284804_60.pkl
6680,34.0,48.09273894534268,abcd-ml,pasleep,scale,weekly,3,s012,41284804,60,out/abcd-ml_pasleep_scale_weekly_3_s012_41284804_60.pkl
6681,40.0,44.61403580411314,abcd-ml,pasleep,scale,weekly,3,s012,41284804,60,out/abcd-ml_pasleep_scale_weekly_3_s012_41284804_60.pkl
6682,34.0,47.697957009641996,abcd-ml,pasleep,scale,weekly,3,s012,41284804,60,out/abcd-ml_pasleep_scale_weekly_3_s012_41284804_60.pkl
6683,40.0,44.56462882143395,abcd-ml,pasleep,scale,weekly,3,s012,41284804,60,out/abcd-ml_pasleep_scale_weekly_3_s012_41284804_60.pkl
6684,34.0,47.338792799769294,abcd-ml,pasleep,scale,weekly,3,s012,41284804,60,out/abcd-ml_pasleep_scale_weekly_3_s012_41284804_60.pkl
6685,40.0,44.65499799647408,abcd-ml,pasleep,scale,weekly,3,s012,41284804,60,out/abcd-ml_pasleep_scale_weekly_3_s012_41284804_60.pkl
6686,34.0,47.586968084291996,abcd-ml,pasleep,scale,weekly,3,s012,41284804,60,out/abcd-ml_pasleep_scale_weekly_3_s012_41284804_60.pkl
6687,40.0,44.687908369020136,abcd-ml,pasleep,scale,weekly,3,s012,41284804,60,out/abcd-ml_pasleep_scale_weekly_3_s012_41284804_60.pkl
6688,34.0,47.61386525137562,abcd-ml,pasleep,scale,weekly,3,s012,41284804,60,out/abcd-ml_pasleep_scale_weekly_3_s012_41284804_60.pkl
6689,40.0,44.35066915339005,abcd-ml,pasleep,scale,weekly,3,s012,41284804,60,out/abcd-ml_pasleep_scale_weekly_3_s012_41284804_60.pkl
6690,52.0,48.33774425314131,abcd-ml,pasleep,scale,weekly,3,s012,41284804,60,out/abcd-ml_pasleep_scale_weekly_3_s012_41284804_60.pkl
6691,34.0,44.27156470761753,abcd-ml,pasleep,scale,weekly,3,s012,41284804,60,out/abcd-ml_pasleep_scale_weekly_3_s012_41284804_60.pkl
6692,52.0,48.19496911814474,abcd-ml,pasleep,scale,weekly,3,s012,41284804,60,out/abcd-ml_pasleep_scale_weekly_3_s012_41284804_60.pkl
6693,34.0,44.429102166824975,abcd-ml,pasleep,scale,weekly,3,s012,41284804,60,out/abcd-ml_pasleep_scale_weekly_3_s012_41284804_60.pkl
6694,52.0,48.05517802060903,abcd-ml,pasleep,scale,weekly,3,s012,41284804,60,out/abcd-ml_pasleep_scale_weekly_3_s012_41284804_60.pkl
6695,34.0,44.32544865934127,abcd-ml,pasleep,scale,weekly,3,s012,41284804,60,out/abcd-ml_pasleep_scale_weekly_3_s012_41284804_60.pkl
6696,52.0,48.0288158644961,abcd-ml,pasleep,scale,weekly,3,s012,41284804,60,out/abcd-ml_pasleep_scale_weekly_3_s012_41284804_60.pkl
6697,34.0,44.220720638087215,abcd-ml,pasleep,scale,weekly,3,s012,41284804,60,out/abcd-ml_pasleep_scale_weekly_3_s012_41284804_60.pkl
6698,52.0,47.95580862032761,abcd-ml,pasleep,scale,weekly,3,s012,41284804,60,out/abcd-ml_pasleep_scale_weekly_3_s012_41284804_60.pkl
6699,34.0,44.30069427772473,abcd-ml,pasleep,scale,weekly,3,s012,41284804,60,out/abcd-ml_pasleep_scale_weekly_3_s012_41284804_60.pkl
6700,34.0,48.579697379733865,abcd-ml,pasleep,scale,weekly,3,s012,41284804,60,out/abcd-ml_pasleep_scale_weekly_3_s012_41284804_60.pkl
6701,46.0,44.32082639990679,abcd-ml,pasleep,scale,weekly,3,s012,41284804,60,out/abcd-ml_pasleep_scale_weekly_3_s012_41284804_60.pkl
6702,34.0,48.360918981034544,abcd-ml,pasleep,scale,weekly,3,s012,41284804,60,out/abcd-ml_pasleep_scale_weekly_3_s012_41284804_60.pkl
6703,46.0,44.562729068416004,abcd-ml,pasleep,scale,weekly,3,s012,41284804,60,out/abcd-ml_pasleep_scale_weekly_3_s012_41284804_60.pkl
6704,34.0,47.59138142218198,abcd-ml,pasleep,scale,weekly,3,s012,41284804,60,out/abcd-ml_pasleep_scale_weekly_3_s012_41284804_60.pkl
6705,46.0,44.210257723127135,abcd-ml,pasleep,scale,weekly,3,s012,41284804,60,out/abcd-ml_pasleep_scale_weekly_3_s012_41284804_60.pkl
6706,34.0,47.55616036542451,abcd-ml,pasleep,scale,weekly,3,s012,41284804,60,out/abcd-ml_pasleep_scale_weekly_3_s012_41284804_60.pkl
6707,46.0,44.24829616890496,abcd-ml,pasleep,scale,weekly,3,s012,41284804,60,out/abcd-ml_pasleep_scale_weekly_3_s012_41284804_60.pkl
6708,34.0,47.44317257024489,abcd-ml,pasleep,scale,weekly,3,s012,41284804,60,out/abcd-ml_pasleep_scale_weekly_3_s012_41284804_60.pkl
6709,46.0,44.21434919801011,abcd-ml,pasleep,scale,weekly,3,s012,41284804,60,out/abcd-ml_pasleep_scale_weekly_3_s012_41284804_60.pkl
6710,34.0,47.39130768023276,abcd-ml,pasleep,scale,weekly,3,s012,41284804,60,out/abcd-ml_pasleep_scale_weekly_3_s012_41284804_60.pkl
6711,46.0,44.273067555115205,abcd-ml,pasleep,scale,weekly,3,s012,41284804,60,out/abcd-ml_pasleep_scale_weekly_3_s012_41284804_60.pkl
6712,33.0,48.07532376115496,abcd-ml,pasleep,scale,weekly,3,s012,41284804,60,out/abcd-ml_pasleep_scale_weekly_3_s012_41284804_60.pkl
6713,41.0,44.259855115455935,abcd-ml,pasleep,scale,weekly,3,s012,41284804,60,out/abcd-ml_pasleep_scale_weekly_3_s012_41284804_60.pkl
6714,33.0,47.95814657773088,abcd-ml,pasleep,scale,weekly,3,s012,41284804,60,out/abcd-ml_pasleep_scale_weekly_3_s012_41284804_60.pkl
6715,41.0,44.3891479656358,abcd-ml,pasleep,scale,weekly,3,s012,41284804,60,out/abcd-ml_pasleep_scale_weekly_3_s012_41284804_60.pkl
6716,33.0,47.98443766217197,abcd-ml,pasleep,scale,weekly,3,s012,41284804,60,out/abcd-ml_pasleep_scale_weekly_3_s012_41284804_60.pkl
6717,41.0,44.36677130847498,abcd-ml,pasleep,scale,weekly,3,s012,41284804,60,out/abcd-ml_pasleep_scale_weekly_3_s012_41284804_60.pkl
6718,33.0,47.70342617696781,abcd-ml,pasleep,scale,weekly,3,s012,41284804,60,out/abcd-ml_pasleep_scale_weekly_3_s012_41284804_60.pkl
6719,41.0,44.30326124185244,abcd-ml,pasleep,scale,weekly,3,s012,41284804,60,out/abcd-ml_pasleep_scale_weekly_3_s012_41284804_60.pkl
6720,33.0,47.974132745254686,abcd-ml,pasleep,scale,weekly,3,s012,41284804,60,out/abcd-ml_pasleep_scale_weekly_3_s012_41284804_60.pkl
6721,34.0,44.360699514281144,abcd-ml,pasleep,scale,weekly,3,s012,41284804,60,out/abcd-ml_pasleep_scale_weekly_3_s012_41284804_60.pkl
6722,33.0,47.908442397228775,abcd-ml,pasleep,scale,weekly,3,s012,41284804,60,out/abcd-ml_pasleep_scale_weekly_3_s012_41284804_60.pkl
6723,34.0,44.433223447772946,abcd-ml,pasleep,scale,weekly,3,s012,41284804,60,out/abcd-ml_pasleep_scale_weekly_3_s012_41284804_60.pkl
6724,33.0,47.66281191043113,abcd-ml,pasleep,scale,weekly,3,s012,41284804,60,out/abcd-ml_pasleep_scale_weekly_3_s012_41284804_60.pkl
6725,34.0,44.31404738909825,abcd-ml,pasleep,scale,weekly,3,s012,41284804,60,out/abcd-ml_pasleep_scale_weekly_3_s012_41284804_60.pkl
6726,33.0,47.99725975681136,abcd-ml,pasleep,scale,weekly,3,s012,41284804,60,out/abcd-ml_pasleep_scale_weekly_3_s012_41284804_60.pkl
6727,34.0,44.338779340635,abcd-ml,pasleep,scale,weekly,3,s012,41284804,60,out/abcd-ml_pasleep_scale_weekly_3_s012_41284804_60.pkl
6728,33.0,47.927965687820375,abcd-ml,pasleep,scale,weekly,3,s012,41284804,60,out/abcd-ml_pasleep_scale_weekly_3_s012_41284804_60.pkl
6729,34.0,44.415238155208854,abcd-ml,pasleep,scale,weekly,3,s012,41284804,60,out/abcd-ml_pasleep_scale_weekly_3_s012_41284804_60.pkl
6730,71.0,48.401245073537275,abcd-ml,pasleep,scale,weekly,3,s012,41284804,60,out/abcd-ml_pasleep_scale_weekly_3_s012_41284804_60.pkl
6731,44.0,44.44366760021347,abcd-ml,pasleep,scale,weekly,3,s012,41284804,60,out/abcd-ml_pasleep_scale_weekly_3_s012_41284804_60.pkl
6732,71.0,47.80611650594391,abcd-ml,pasleep,scale,weekly,3,s012,41284804,60,out/abcd-ml_pasleep_scale_weekly_3_s012_41284804_60.pkl
6733,44.0,44.222906817252436,abcd-ml,pasleep,scale,weekly,3,s012,41284804,60,out/abcd-ml_pasleep_scale_weekly_3_s012_41284804_60.pkl
6734,71.0,48.04940300707669,abcd-ml,pasleep,scale,weekly,3,s012,41284804,60,out/abcd-ml_pasleep_scale_weekly_3_s012_41284804_60.pkl
6735,44.0,44.23674015847812,abcd-ml,pasleep,scale,weekly,3,s012,41284804,60,out/abcd-ml_pasleep_scale_weekly_3_s012_41284804_60.pkl
6736,60.0,47.85858469678615,abcd-ml,pasleep,scale,weekly,3,s012,41284804,60,out/abcd-ml_pasleep_scale_weekly_3_s012_41284804_60.pkl
6737,51.0,44.64233982814109,abcd-ml,pasleep,scale,weekly,3,s012,41284804,60,out/abcd-ml_pasleep_scale_weekly_3_s012_41284804_60.pkl
6738,60.0,48.02264825046157,abcd-ml,pasleep,scale,weekly,3,s012,41284804,60,out/abcd-ml_pasleep_scale_weekly_3_s012_41284804_60.pkl
6739,51.0,44.46119543313574,abcd-ml,pasleep,scale,weekly,3,s012,41284804,60,out/abcd-ml_pasleep_scale_weekly_3_s012_41284804_60.pkl
6740,60.0,47.69066006399983,abcd-ml,pasleep,scale,weekly,3,s012,41284804,60,out/abcd-ml_pasleep_scale_weekly_3_s012_41284804_60.pkl
6741,51.0,44.3451659341457,abcd-ml,pasleep,scale,weekly,3,s012,41284804,60,out/abcd-ml_pasleep_scale_weekly_3_s012_41284804_60.pkl
6742,60.0,47.431693075416376,abcd-ml,pasleep,scale,weekly,3,s012,41284804,60,out/abcd-ml_pasleep_scale_weekly_3_s012_41284804_60.pkl
6743,51.0,44.631749602904975,abcd-ml,pasleep,scale,weekly,3,s012,41284804,60,out/abcd-ml_pasleep_scale_weekly_3_s012_41284804_60.pkl
6744,60.0,47.32616487528227,abcd-ml,pasleep,scale,weekly,3,s012,41284804,60,out/abcd-ml_pasleep_scale_weekly_3_s012_41284804_60.pkl
6745,51.0,44.257522115119464,abcd-ml,pasleep,scale,weekly,3,s012,41284804,60,out/abcd-ml_pasleep_scale_weekly_3_s012_41284804_60.pkl
6746,60.0,47.08705734875858,abcd-ml,pasleep,scale,weekly,3,s012,41284804,60,out/abcd-ml_pasleep_scale_weekly_3_s012_41284804_60.pkl
6747,51.0,44.52207925276907,abcd-ml,pasleep,scale,weekly,3,s012,41284804,60,out/abcd-ml_pasleep_scale_weekly_3_s012_41284804_60.pkl
6748,50.0,48.848661114416444,abcd-ml,pasleep,scale,weekly,3,s012,41284804,60,out/abcd-ml_pasleep_scale_weekly_3_s012_41284804_60.pkl
6749,34.0,44.86682275068182,abcd-ml,pasleep,scale,weekly,3,s012,41284804,60,out/abcd-ml_pasleep_scale_weekly_3_s012_41284804_60.pkl
6750,50.0,47.80492876860331,abcd-ml,pasleep,scale,weekly,3,s012,41284804,60,out/abcd-ml_pasleep_scale_weekly_3_s012_41284804_60.pkl
6751,34.0,44.447485212954106,abcd-ml,pasleep,scale,weekly,3,s012,41284804,60,out/abcd-ml_pasleep_scale_weekly_3_s012_41284804_60.pkl
6752,50.0,48.08519195747061,abcd-ml,pasleep,scale,weekly,3,s012,41284804,60,out/abcd-ml_pasleep_scale_weekly_3_s012_41284804_60.pkl
6753,34.0,44.502897212475375,abcd-ml,pasleep,scale,weekly,3,s012,41284804,60,out/abcd-ml_pasleep_scale_weekly_3_s012_41284804_60.pkl
6754,50.0,48.16358895986609,abcd-ml,pasleep,scale,weekly,3,s012,41284804,60,out/abcd-ml_pasleep_scale_weekly_3_s012_41284804_60.pkl
6755,34.0,44.41639420334623,abcd-ml,pasleep,scale,weekly,3,s012,41284804,60,out/abcd-ml_pasleep_scale_weekly_3_s012_41284804_60.pkl
6756,50.0,47.99814616919443,abcd-ml,pasleep,scale,weekly,3,s012,41284804,60,out/abcd-ml_pasleep_scale_weekly_3_s012_41284804_60.pkl
6757,34.0,44.39524554027156,abcd-ml,pasleep,scale,weekly,3,s012,41284804,60,out/abcd-ml_pasleep_scale_weekly_3_s012_41284804_60.pkl
6758,50.0,47.98327514030744,abcd-ml,pasleep,scale,weekly,3,s012,41284804,60,out/abcd-ml_pasleep_scale_weekly_3_s012_41284804_60.pkl
6759,34.0,44.41118868874965,abcd-ml,pasleep,scale,weekly,3,s012,41284804,60,out/abcd-ml_pasleep_scale_weekly_3_s012_41284804_60.pkl
6760,54.0,47.54573148182615,abcd-ml,pasleep,scale,weekly,3,s012,41284804,60,out/abcd-ml_pasleep_scale_weekly_3_s012_41284804_60.pkl
6761,47.0,44.75854811349967,abcd-ml,pasleep,scale,weekly,3,s012,41284804,60,out/abcd-ml_pasleep_scale_weekly_3_s012_41284804_60.pkl
6762,54.0,47.83746026195767,abcd-ml,pasleep,scale,weekly,3,s012,41284804,60,out/abcd-ml_pasleep_scale_weekly_3_s012_41284804_60.pkl
6763,47.0,44.43520027091415,abcd-ml,pasleep,scale,weekly,3,s012,41284804,60,out/abcd-ml_pasleep_scale_weekly_3_s012_41284804_60.pkl
6764,54.0,48.195256456392606,abcd-ml,pasleep,scale,weekly,3,s012,41284804,60,out/abcd-ml_pasleep_scale_weekly_3_s012_41284804_60.pkl
6765,47.0,44.5647658259507,abcd-ml,pasleep,scale,weekly,3,s012,41284804,60,out/abcd-ml_pasleep_scale_weekly_3_s012_41284804_60.pkl
6766,54.0,48.11773586650668,abcd-ml,pasleep,scale,weekly,3,s012,41284804,60,out/abcd-ml_pasleep_scale_weekly_3_s012_41284804_60.pkl
6767,47.0,44.650301762447214,abcd-ml,pasleep,scale,weekly,3,s012,41284804,60,out/abcd-ml_pasleep_scale_weekly_3_s012_41284804_60.pkl
6768,54.0,47.837634641039024,abcd-ml,pasleep,scale,weekly,3,s012,41284804,60,out/abcd-ml_pasleep_scale_weekly_3_s012_41284804_60.pkl
6769,47.0,44.40396759080144,abcd-ml,pasleep,scale,weekly,3,s012,41284804,60,out/abcd-ml_pasleep_scale_weekly_3_s012_41284804_60.pkl
6770,52.0,47.310945248735884,abcd-ml,pasleep,scale,weekly,3,s012,41284804,60,out/abcd-ml_pasleep_scale_weekly_3_s012_41284804_60.pkl
6771,53.0,44.49924801189934,abcd-ml,pasleep,scale,weekly,3,s012,41284804,60,out/abcd-ml_pasleep_scale_weekly_3_s012_41284804_60.pkl
6772,52.0,47.35271999725354,abcd-ml,pasleep,scale,weekly,3,s012,41284804,60,out/abcd-ml_pasleep_scale_weekly_3_s012_41284804_60.pkl
6773,53.0,44.45234451070474,abcd-ml,pasleep,scale,weekly,3,s012,41284804,60,out/abcd-ml_pasleep_scale_weekly_3_s012_41284804_60.pkl
6774,52.0,46.89532093523581,abcd-ml,pasleep,scale,weekly,3,s012,41284804,60,out/abcd-ml_pasleep_scale_weekly_3_s012_41284804_60.pkl
6775,53.0,44.15324886974044,abcd-ml,pasleep,scale,weekly,3,s012,41284804,60,out/abcd-ml_pasleep_scale_weekly_3_s012_41284804_60.pkl
6776,52.0,46.819104832392576,abcd-ml,pasleep,scale,weekly,3,s012,41284804,60,out/abcd-ml_pasleep_scale_weekly_3_s012_41284804_60.pkl
6777,53.0,44.238458585807436,abcd-ml,pasleep,scale,weekly,3,s012,41284804,60,out/abcd-ml_pasleep_scale_weekly_3_s012_41284804_60.pkl
6778,52.0,47.616384185869066,abcd-ml,pasleep,scale,weekly,3,s012,41284804,60,out/abcd-ml_pasleep_scale_weekly_3_s012_41284804_60.pkl
6779,53.0,44.11061161271115,abcd-ml,pasleep,scale,weekly,3,s012,41284804,60,out/abcd-ml_pasleep_scale_weekly_3_s012_41284804_60.pkl
6780,52.0,47.533052297298944,abcd-ml,pasleep,scale,weekly,3,s012,41284804,60,out/abcd-ml_pasleep_scale_weekly_3_s012_41284804_60.pkl
6781,53.0,44.20255984242661,abcd-ml,pasleep,scale,weekly,3,s012,41284804,60,out/abcd-ml_pasleep_scale_weekly_3_s012_41284804_60.pkl
6782,48.0,47.665870343334,abcd-ml,pasleep,scale,weekly,3,s012,41284804,60,out/abcd-ml_pasleep_scale_weekly_3_s012_41284804_60.pkl
6783,33.0,44.234522386163306,abcd-ml,pasleep,scale,weekly,3,s012,41284804,60,out/abcd-ml_pasleep_scale_weekly_3_s012_41284804_60.pkl
6784,48.0,47.55585050607352,abcd-ml,pasleep,scale,weekly,3,s012,41284804,60,out/abcd-ml_pasleep_scale_weekly_3_s012_41284804_60.pkl
6785,33.0,44.356212043164795,abcd-ml,pasleep,scale,weekly,3,s012,41284804,60,out/abcd-ml_pasleep_scale_weekly_3_s012_41284804_60.pkl
6786,48.0,47.377319551236425,abcd-ml,pasleep,scale,weekly,3,s012,41284804,60,out/abcd-ml_pasleep_scale_weekly_3_s012_41284804_60.pkl
6787,33.0,44.170035405101416,abcd-ml,pasleep,scale,weekly,3,s012,41284804,60,out/abcd-ml_pasleep_scale_weekly_3_s012_41284804_60.pkl
6788,48.0,47.32426059221601,abcd-ml,pasleep,scale,weekly,3,s012,41284804,60,out/abcd-ml_pasleep_scale_weekly_3_s012_41284804_60.pkl
6789,33.0,44.228435937481386,abcd-ml,pasleep,scale,weekly,3,s012,41284804,60,out/abcd-ml_pasleep_scale_weekly_3_s012_41284804_60.pkl
6790,48.0,47.595263761460735,abcd-ml,pasleep,scale,weekly,3,s012,41284804,60,out/abcd-ml_pasleep_scale_weekly_3_s012_41284804_60.pkl
6791,33.0,44.30631844567844,abcd-ml,pasleep,scale,weekly,3,s012,41284804,60,out/abcd-ml_pasleep_scale_weekly_3_s012_41284804_60.pkl
6792,48.0,47.65910101221915,abcd-ml,pasleep,scale,weekly,3,s012,41284804,60,out/abcd-ml_pasleep_scale_weekly_3_s012_41284804_60.pkl
6793,33.0,44.23599924535846,abcd-ml,pasleep,scale,weekly,3,s012,41284804,60,out/abcd-ml_pasleep_scale_weekly_3_s012_41284804_60.pkl
6794,58.0,48.192127529067044,abcd-ml,pasleep,scale,weekly,3,s012,41284804,60,out/abcd-ml_pasleep_scale_weekly_3_s012_41284804_60.pkl
6795,50.0,44.525811232077295,abcd-ml,pasleep,scale,weekly,3,s012,41284804,60,out/abcd-ml_pasleep_scale_weekly_3_s012_41284804_60.pkl
6796,58.0,48.261144908103844,abcd-ml,pasleep,scale,weekly,3,s012,41284804,60,out/abcd-ml_pasleep_scale_weekly_3_s012_41284804_60.pkl
6797,50.0,44.4497853200338,abcd-ml,pasleep,scale,weekly,3,s012,41284804,60,out/abcd-ml_pasleep_scale_weekly_3_s012_41284804_60.pkl
6798,58.0,47.9153652633033,abcd-ml,pasleep,scale,weekly,3,s012,41284804,60,out/abcd-ml_pasleep_scale_weekly_3_s012_41284804_60.pkl
6799,50.0,44.35040137810981,abcd-ml,pasleep,scale,weekly,3,s012,41284804,60,out/abcd-ml_pasleep_scale_weekly_3_s012_41284804_60.pkl
6800,58.0,47.943054027474226,abcd-ml,pasleep,scale,weekly,3,s012,41284804,60,out/abcd-ml_pasleep_scale_weekly_3_s012_41284804_60.pkl
6801,50.0,44.320232342740454,abcd-ml,pasleep,scale,weekly,3,s012,41284804,60,out/abcd-ml_pasleep_scale_weekly_3_s012_41284804_60.pkl
6802,58.0,48.104120874383774,abcd-ml,pasleep,scale,weekly,3,s012,41284804,60,out/abcd-ml_pasleep_scale_weekly_3_s012_41284804_60.pkl
6803,50.0,44.44058778362146,abcd-ml,pasleep,scale,weekly,3,s012,41284804,60,out/abcd-ml_pasleep_scale_weekly_3_s012_41284804_60.pkl
6804,33.0,47.68529899675218,abcd-ml,pasleep,scale,weekly,3,s012,41284804,60,out/abcd-ml_pasleep_scale_weekly_3_s012_41284804_60.pkl
6805,34.0,44.276739695546866,abcd-ml,pasleep,scale,weekly,3,s012,41284804,60,out/abcd-ml_pasleep_scale_weekly_3_s012_41284804_60.pkl
6806,33.0,47.65675109574399,abcd-ml,pasleep,scale,weekly,3,s012,41284804,60,out/abcd-ml_pasleep_scale_weekly_3_s012_41284804_60.pkl
6807,34.0,44.30890431392207,abcd-ml,pasleep,scale,weekly,3,s012,41284804,60,out/abcd-ml_pasleep_scale_weekly_3_s012_41284804_60.pkl
6808,33.0,47.88376051012497,abcd-ml,pasleep,scale,weekly,3,s012,41284804,60,out/abcd-ml_pasleep_scale_weekly_3_s012_41284804_60.pkl
6809,34.0,44.101912160415694,abcd-ml,pasleep,scale,weekly,3,s012,41284804,60,out/abcd-ml_pasleep_scale_weekly_3_s012_41284804_60.pkl
6810,33.0,47.75877815646096,abcd-ml,pasleep,scale,weekly,3,s012,41284804,60,out/abcd-ml_pasleep_scale_weekly_3_s012_41284804_60.pkl
6811,34.0,44.241113119151905,abcd-ml,pasleep,scale,weekly,3,s012,41284804,60,out/abcd-ml_pasleep_scale_weekly_3_s012_41284804_60.pkl
6812,33.0,47.01554133597824,abcd-ml,pasleep,scale,weekly,3,s012,41284804,60,out/abcd-ml_pasleep_scale_weekly_3_s012_41284804_60.pkl
6813,34.0,44.31758051092507,abcd-ml,pasleep,scale,weekly,3,s012,41284804,60,out/abcd-ml_pasleep_scale_weekly_3_s012_41284804_60.pkl
6814,33.0,47.15222611406377,abcd-ml,pasleep,scale,weekly,3,s012,41284804,60,out/abcd-ml_pasleep_scale_weekly_3_s012_41284804_60.pkl
6815,34.0,44.16618494277553,abcd-ml,pasleep,scale,weekly,3,s012,41284804,60,out/abcd-ml_pasleep_scale_weekly_3_s012_41284804_60.pkl
6816,71.0,48.55066576831185,abcd-ml,pasleep,scale,weekly,3,s012,41284804,60,out/abcd-ml_pasleep_scale_weekly_3_s012_41284804_60.pkl
6817,62.0,44.400141965710084,abcd-ml,pasleep,scale,weekly,3,s012,41284804,60,out/abcd-ml_pasleep_scale_weekly_3_s012_41284804_60.pkl
6818,71.0,48.45190498039857,abcd-ml,pasleep,scale,weekly,3,s012,41284804,60,out/abcd-ml_pasleep_scale_weekly_3_s012_41284804_60.pkl
6819,62.0,44.509444918854925,abcd-ml,pasleep,scale,weekly,3,s012,41284804,60,out/abcd-ml_pasleep_scale_weekly_3_s012_41284804_60.pkl
6820,71.0,48.08310018551188,abcd-ml,pasleep,scale,weekly,3,s012,41284804,60,out/abcd-ml_pasleep_scale_weekly_3_s012_41284804_60.pkl
6821,62.0,44.52830124380536,abcd-ml,pasleep,scale,weekly,3,s012,41284804,60,out/abcd-ml_pasleep_scale_weekly_3_s012_41284804_60.pkl
6822,71.0,48.14214329949703,abcd-ml,pasleep,scale,weekly,3,s012,41284804,60,out/abcd-ml_pasleep_scale_weekly_3_s012_41284804_60.pkl
6823,62.0,44.46233832671003,abcd-ml,pasleep,scale,weekly,3,s012,41284804,60,out/abcd-ml_pasleep_scale_weekly_3_s012_41284804_60.pkl
6824,71.0,48.35851744814943,abcd-ml,pasleep,scale,weekly,3,s012,41284804,60,out/abcd-ml_pasleep_scale_weekly_3_s012_41284804_60.pkl
6825,62.0,44.37773149839613,abcd-ml,pasleep,scale,weekly,3,s012,41284804,60,out/abcd-ml_pasleep_scale_weekly_3_s012_41284804_60.pkl
6826,71.0,48.25150398448967,abcd-ml,pasleep,scale,weekly,3,s012,41284804,60,out/abcd-ml_pasleep_scale_weekly_3_s012_41284804_60.pkl
6827,62.0,44.49611987464359,abcd-ml,pasleep,scale,weekly,3,s012,41284804,60,out/abcd-ml_pasleep_scale_weekly_3_s012_41284804_60.pkl
6828,45.0,48.16693972369583,abcd-ml,pasleep,scale,weekly,3,s012,41284804,60,out/abcd-ml_pasleep_scale_weekly_3_s012_41284804_60.pkl
6829,40.0,44.694939718908415,abcd-ml,pasleep,scale,weekly,3,s012,41284804,60,out/abcd-ml_pasleep_scale_weekly_3_s012_41284804_60.pkl
6830,45.0,48.35814748143295,abcd-ml,pasleep,scale,weekly,3,s012,41284804,60,out/abcd-ml_pasleep_scale_weekly_3_s012_41284804_60.pkl
6831,40.0,44.483796568391455,abcd-ml,pasleep,scale,weekly,3,s012,41284804,60,out/abcd-ml_pasleep_scale_weekly_3_s012_41284804_60.pkl
6832,45.0,48.49342328653901,abcd-ml,pasleep,scale,weekly,3,s012,41284804,60,out/abcd-ml_pasleep_scale_weekly_3_s012_41284804_60.pkl
6833,40.0,44.56321869741191,abcd-ml,pasleep,scale,weekly,3,s012,41284804,60,out/abcd-ml_pasleep_scale_weekly_3_s012_41284804_60.pkl
6834,45.0,48.12981293852482,abcd-ml,pasleep,scale,weekly,3,s012,41284804,60,out/abcd-ml_pasleep_scale_weekly_3_s012_41284804_60.pkl
6835,40.0,44.9658412335785,abcd-ml,pasleep,scale,weekly,3,s012,41284804,60,out/abcd-ml_pasleep_scale_weekly_3_s012_41284804_60.pkl
6836,45.0,48.25808037816316,abcd-ml,pasleep,scale,weekly,3,s012,41284804,60,out/abcd-ml_pasleep_scale_weekly_3_s012_41284804_60.pkl
6837,40.0,44.50005831221937,abcd-ml,pasleep,scale,weekly,3,s012,41284804,60,out/abcd-ml_pasleep_scale_weekly_3_s012_41284804_60.pkl
6838,45.0,48.10930553089771,abcd-ml,pasleep,scale,weekly,3,s012,41284804,60,out/abcd-ml_pasleep_scale_weekly_3_s012_41284804_60.pkl
6839,40.0,44.664170418836235,abcd-ml,pasleep,scale,weekly,3,s012,41284804,60,out/abcd-ml_pasleep_scale_weekly_3_s012_41284804_60.pkl
6840,48.0,47.66968825000406,abcd-ml,pasleep,scale,weekly,3,s012,41284804,60,out/abcd-ml_pasleep_scale_weekly_3_s012_41284804_60.pkl
6841,40.0,44.33675407435947,abcd-ml,pasleep,scale,weekly,3,s012,41284804,60,out/abcd-ml_pasleep_scale_weekly_3_s012_41284804_60.pkl
6842,48.0,47.7745993931339,abcd-ml,pasleep,scale,weekly,3,s012,41284804,60,out/abcd-ml_pasleep_scale_weekly_3_s012_41284804_60.pkl
6843,40.0,44.22115310381996,abcd-ml,pasleep,scale,weekly,3,s012,41284804,60,out/abcd-ml_pasleep_scale_weekly_3_s012_41284804_60.pkl
6844,48.0,47.54811715810548,abcd-ml,pasleep,scale,weekly,3,s012,41284804,60,out/abcd-ml_pasleep_scale_weekly_3_s012_41284804_60.pkl
6845,40.0,44.348678858738715,abcd-ml,pasleep,scale,weekly,3,s012,41284804,60,out/abcd-ml_pasleep_scale_weekly_3_s012_41284804_60.pkl
6846,48.0,47.57915306991576,abcd-ml,pasleep,scale,weekly,3,s012,41284804,60,out/abcd-ml_pasleep_scale_weekly_3_s012_41284804_60.pkl
6847,40.0,44.31507091593709,abcd-ml,pasleep,scale,weekly,3,s012,41284804,60,out/abcd-ml_pasleep_scale_weekly_3_s012_41284804_60.pkl
6848,48.0,47.06111119413663,abcd-ml,pasleep,scale,weekly,3,s012,41284804,60,out/abcd-ml_pasleep_scale_weekly_3_s012_41284804_60.pkl
6849,40.0,44.20377653788776,abcd-ml,pasleep,scale,weekly,3,s012,41284804,60,out/abcd-ml_pasleep_scale_weekly_3_s012_41284804_60.pkl
6850,48.0,46.8850106424652,abcd-ml,pasleep,scale,weekly,3,s012,41284804,60,out/abcd-ml_pasleep_scale_weekly_3_s012_41284804_60.pkl
6851,40.0,44.39851294496008,abcd-ml,pasleep,scale,weekly,3,s012,41284804,60,out/abcd-ml_pasleep_scale_weekly_3_s012_41284804_60.pkl
6852,43.0,47.56051681298103,abcd-ml,pasleep,scale,weekly,3,s012,41284804,60,out/abcd-ml_pasleep_scale_weekly_3_s012_41284804_60.pkl
6853,40.0,44.31130678688278,abcd-ml,pasleep,scale,weekly,3,s012,41284804,60,out/abcd-ml_pasleep_scale_weekly_3_s012_41284804_60.pkl
6854,43.0,47.57094290122981,abcd-ml,pasleep,scale,weekly,3,s012,41284804,60,out/abcd-ml_pasleep_scale_weekly_3_s012_41284804_60.pkl
6855,40.0,44.29966728754189,abcd-ml,pasleep,scale,weekly,3,s012,41284804,60,out/abcd-ml_pasleep_scale_weekly_3_s012_41284804_60.pkl
6856,43.0,47.689565807124396,abcd-ml,pasleep,scale,weekly,3,s012,41284804,60,out/abcd-ml_pasleep_scale_weekly_3_s012_41284804_60.pkl
6857,40.0,44.11260208710254,abcd-ml,pasleep,scale,weekly,3,s012,41284804,60,out/abcd-ml_pasleep_scale_weekly_3_s012_41284804_60.pkl
6858,43.0,47.637072932504736,abcd-ml,pasleep,scale,weekly,3,s012,41284804,60,out/abcd-ml_pasleep_scale_weekly_3_s012_41284804_60.pkl
6859,40.0,44.17078396378447,abcd-ml,pasleep,scale,weekly,3,s012,41284804,60,out/abcd-ml_pasleep_scale_weekly_3_s012_41284804_60.pkl
6860,43.0,47.892877283714526,abcd-ml,pasleep,scale,weekly,3,s012,41284804,60,out/abcd-ml_pasleep_scale_weekly_3_s012_41284804_60.pkl
6861,40.0,44.19968065582094,abcd-ml,pasleep,scale,weekly,3,s012,41284804,60,out/abcd-ml_pasleep_scale_weekly_3_s012_41284804_60.pkl
6862,43.0,47.82576760552533,abcd-ml,pasleep,scale,weekly,3,s012,41284804,60,out/abcd-ml_pasleep_scale_weekly_3_s012_41284804_60.pkl
6863,40.0,44.274055426019245,abcd-ml,pasleep,scale,weekly,3,s012,41284804,60,out/abcd-ml_pasleep_scale_weekly_3_s012_41284804_60.pkl
6864,70.0,47.60744860044845,abcd-ml,pasleep,scale,weekly,3,s012,41284804,60,out/abcd-ml_pasleep_scale_weekly_3_s012_41284804_60.pkl
6865,62.0,44.3345210535838,abcd-ml,pasleep,scale,weekly,3,s012,41284804,60,out/abcd-ml_pasleep_scale_weekly_3_s012_41284804_60.pkl
6866,70.0,47.62350119235529,abcd-ml,pasleep,scale,weekly,3,s012,41284804,60,out/abcd-ml_pasleep_scale_weekly_3_s012_41284804_60.pkl
6867,62.0,44.31666498298962,abcd-ml,pasleep,scale,weekly,3,s012,41284804,60,out/abcd-ml_pasleep_scale_weekly_3_s012_41284804_60.pkl
6868,70.0,48.245099333063315,abcd-ml,pasleep,scale,weekly,3,s012,41284804,60,out/abcd-ml_pasleep_scale_weekly_3_s012_41284804_60.pkl
6869,62.0,44.566506808645336,abcd-ml,pasleep,scale,weekly,3,s012,41284804,60,out/abcd-ml_pasleep_scale_weekly_3_s012_41284804_60.pkl
6870,70.0,48.35168451268471,abcd-ml,pasleep,scale,weekly,3,s012,41284804,60,out/abcd-ml_pasleep_scale_weekly_3_s012_41284804_60.pkl
6871,62.0,44.448082380914045,abcd-ml,pasleep,scale,weekly,3,s012,41284804,60,out/abcd-ml_pasleep_scale_weekly_3_s012_41284804_60.pkl
6872,70.0,47.7022539507605,abcd-ml,pasleep,scale,weekly,3,s012,41284804,60,out/abcd-ml_pasleep_scale_weekly_3_s012_41284804_60.pkl
6873,62.0,44.273817903534564,abcd-ml,pasleep,scale,weekly,3,s012,41284804,60,out/abcd-ml_pasleep_scale_weekly_3_s012_41284804_60.pkl
6874,44.0,48.29979903295853,abcd-ml,pasleep,scale,weekly,3,s012,41284804,60,out/abcd-ml_pasleep_scale_weekly_3_s012_41284804_60.pkl
6875,34.0,44.21967920617793,abcd-ml,pasleep,scale,weekly,3,s012,41284804,60,out/abcd-ml_pasleep_scale_weekly_3_s012_41284804_60.pkl
6876,44.0,48.113338960585054,abcd-ml,pasleep,scale,weekly,3,s012,41284804,60,out/abcd-ml_pasleep_scale_weekly_3_s012_41284804_60.pkl
6877,34.0,44.425785238677776,abcd-ml,pasleep,scale,weekly,3,s012,41284804,60,out/abcd-ml_pasleep_scale_weekly_3_s012_41284804_60.pkl
6878,44.0,48.23757335618201,abcd-ml,pasleep,scale,weekly,3,s012,41284804,60,out/abcd-ml_pasleep_scale_weekly_3_s012_41284804_60.pkl
6879,34.0,44.22326386170459,abcd-ml,pasleep,scale,weekly,3,s012,41284804,60,out/abcd-ml_pasleep_scale_weekly_3_s012_41284804_60.pkl
6880,44.0,48.135134055848184,abcd-ml,pasleep,scale,weekly,3,s012,41284804,60,out/abcd-ml_pasleep_scale_weekly_3_s012_41284804_60.pkl
6881,34.0,44.559667467420375,abcd-ml,pasleep,scale,weekly,3,s012,41284804,60,out/abcd-ml_pasleep_scale_weekly_3_s012_41284804_60.pkl
6882,44.0,48.16289536403417,abcd-ml,pasleep,scale,weekly,3,s012,41284804,60,out/abcd-ml_pasleep_scale_weekly_3_s012_41284804_60.pkl
6883,34.0,44.52782191355077,abcd-ml,pasleep,scale,weekly,3,s012,41284804,60,out/abcd-ml_pasleep_scale_weekly_3_s012_41284804_60.pkl
6884,48.0,48.38558971617866,abcd-ml,pasleep,scale,weekly,3,s012,41284804,60,out/abcd-ml_pasleep_scale_weekly_3_s012_41284804_60.pkl
6885,52.0,44.48444891236677,abcd-ml,pasleep,scale,weekly,3,s012,41284804,60,out/abcd-ml_pasleep_scale_weekly_3_s012_41284804_60.pkl
6886,48.0,48.339073228741334,abcd-ml,pasleep,scale,weekly,3,s012,41284804,60,out/abcd-ml_pasleep_scale_weekly_3_s012_41284804_60.pkl
6887,52.0,44.53614959577121,abcd-ml,pasleep,scale,weekly,3,s012,41284804,60,out/abcd-ml_pasleep_scale_weekly_3_s012_41284804_60.pkl
6888,48.0,48.45262002848558,abcd-ml,pasleep,scale,weekly,3,s012,41284804,60,out/abcd-ml_pasleep_scale_weekly_3_s012_41284804_60.pkl
6889,52.0,44.55438399473503,abcd-ml,pasleep,scale,weekly,3,s012,41284804,60,out/abcd-ml_pasleep_scale_weekly_3_s012_41284804_60.pkl
6890,48.0,48.59939381583452,abcd-ml,pasleep,scale,weekly,3,s012,41284804,60,out/abcd-ml_pasleep_scale_weekly_3_s012_41284804_60.pkl
6891,52.0,44.714307191637126,abcd-ml,pasleep,scale,weekly,3,s012,41284804,60,out/abcd-ml_pasleep_scale_weekly_3_s012_41284804_60.pkl
6892,48.0,48.70657594260809,abcd-ml,pasleep,scale,weekly,3,s012,41284804,60,out/abcd-ml_pasleep_scale_weekly_3_s012_41284804_60.pkl
6893,52.0,44.59526014825467,abcd-ml,pasleep,scale,weekly,3,s012,41284804,60,out/abcd-ml_pasleep_scale_weekly_3_s012_41284804_60.pkl
6894,57.0,48.33261811205558,abcd-ml,pasleep,scale,weekly,3,s012,41284804,60,out/abcd-ml_pasleep_scale_weekly_3_s012_41284804_60.pkl
6895,54.0,44.67455705257609,abcd-ml,pasleep,scale,weekly,3,s012,41284804,60,out/abcd-ml_pasleep_scale_weekly_3_s012_41284804_60.pkl
6896,57.0,48.3934083691355,abcd-ml,pasleep,scale,weekly,3,s012,41284804,60,out/abcd-ml_pasleep_scale_weekly_3_s012_41284804_60.pkl
6897,54.0,44.60740011502321,abcd-ml,pasleep,scale,weekly,3,s012,41284804,60,out/abcd-ml_pasleep_scale_weekly_3_s012_41284804_60.pkl
6898,57.0,48.90577288171145,abcd-ml,pasleep,scale,weekly,3,s012,41284804,60,out/abcd-ml_pasleep_scale_weekly_3_s012_41284804_60.pkl
6899,54.0,44.80291706366381,abcd-ml,pasleep,scale,weekly,3,s012,41284804,60,out/abcd-ml_pasleep_scale_weekly_3_s012_41284804_60.pkl
6900,64.0,48.36478163261401,abcd-ml,pasleep,scale,weekly,3,s012,41284804,60,out/abcd-ml_pasleep_scale_weekly_3_s012_41284804_60.pkl
6901,56.0,44.35707089780749,abcd-ml,pasleep,scale,weekly,3,s012,41284804,60,out/abcd-ml_pasleep_scale_weekly_3_s012_41284804_60.pkl
6902,64.0,48.25790450362409,abcd-ml,pasleep,scale,weekly,3,s012,41284804,60,out/abcd-ml_pasleep_scale_weekly_3_s012_41284804_60.pkl
6903,56.0,44.47525870937794,abcd-ml,pasleep,scale,weekly,3,s012,41284804,60,out/abcd-ml_pasleep_scale_weekly_3_s012_41284804_60.pkl
6904,64.0,48.66212362657859,abcd-ml,pasleep,scale,weekly,3,s012,41284804,60,out/abcd-ml_pasleep_scale_weekly_3_s012_41284804_60.pkl
6905,56.0,44.68754707852396,abcd-ml,pasleep,scale,weekly,3,s012,41284804,60,out/abcd-ml_pasleep_scale_weekly_3_s012_41284804_60.pkl
6906,64.0,47.81882272086247,abcd-ml,pasleep,scale,weekly,3,s012,41284804,60,out/abcd-ml_pasleep_scale_weekly_3_s012_41284804_60.pkl
6907,56.0,44.454788492917345,abcd-ml,pasleep,scale,weekly,3,s012,41284804,60,out/abcd-ml_pasleep_scale_weekly_3_s012_41284804_60.pkl
6908,64.0,47.90209868828725,abcd-ml,pasleep,scale,weekly,3,s012,41284804,60,out/abcd-ml_pasleep_scale_weekly_3_s012_41284804_60.pkl
6909,56.0,44.36290222051227,abcd-ml,pasleep,scale,weekly,3,s012,41284804,60,out/abcd-ml_pasleep_scale_weekly_3_s012_41284804_60.pkl
6910,63.0,47.63286909172693,abcd-ml,pasleep,scale,weekly,3,s012,41284804,60,out/abcd-ml_pasleep_scale_weekly_3_s012_41284804_60.pkl
6911,50.0,44.19496160726733,abcd-ml,pasleep,scale,weekly,3,s012,41284804,60,out/abcd-ml_pasleep_scale_weekly_3_s012_41284804_60.pkl
6912,63.0,47.49309399919949,abcd-ml,pasleep,scale,weekly,3,s012,41284804,60,out/abcd-ml_pasleep_scale_weekly_3_s012_41284804_60.pkl
6913,50.0,44.3492362191883,abcd-ml,pasleep,scale,weekly,3,s012,41284804,60,out/abcd-ml_pasleep_scale_weekly_3_s012_41284804_60.pkl
6914,63.0,47.5144670527485,abcd-ml,pasleep,scale,weekly,3,s012,41284804,60,out/abcd-ml_pasleep_scale_weekly_3_s012_41284804_60.pkl
6915,50.0,44.23270956154916,abcd-ml,pasleep,scale,weekly,3,s012,41284804,60,out/abcd-ml_pasleep_scale_weekly_3_s012_41284804_60.pkl
6916,63.0,47.65469973296726,abcd-ml,pasleep,scale,weekly,3,s012,41284804,60,out/abcd-ml_pasleep_scale_weekly_3_s012_41284804_60.pkl
6917,50.0,44.07797744498903,abcd-ml,pasleep,scale,weekly,3,s012,41284804,60,out/abcd-ml_pasleep_scale_weekly_3_s012_41284804_60.pkl
6918,63.0,47.99255167470736,abcd-ml,pasleep,scale,weekly,3,s012,41284804,60,out/abcd-ml_pasleep_scale_weekly_3_s012_41284804_60.pkl
6919,50.0,44.3891925599886,abcd-ml,pasleep,scale,weekly,3,s012,41284804,60,out/abcd-ml_pasleep_scale_weekly_3_s012_41284804_60.pkl
6920,50.0,47.57476022233247,abcd-ml,pasleep,scale,weekly,3,s012,41284804,60,out/abcd-ml_pasleep_scale_weekly_3_s012_41284804_60.pkl
6921,40.0,44.10775187481888,abcd-ml,pasleep,scale,weekly,3,s012,41284804,60,out/abcd-ml_pasleep_scale_weekly_3_s012_41284804_60.pkl
6922,50.0,47.423040921295254,abcd-ml,pasleep,scale,weekly,3,s012,41284804,60,out/abcd-ml_pasleep_scale_weekly_3_s012_41284804_60.pkl
6923,40.0,44.2757674663754,abcd-ml,pasleep,scale,weekly,3,s012,41284804,60,out/abcd-ml_pasleep_scale_weekly_3_s012_41284804_60.pkl
6924,50.0,47.47875013694713,abcd-ml,pasleep,scale,weekly,3,s012,41284804,60,out/abcd-ml_pasleep_scale_weekly_3_s012_41284804_60.pkl
6925,40.0,44.1086469004517,abcd-ml,pasleep,scale,weekly,3,s012,41284804,60,out/abcd-ml_pasleep_scale_weekly_3_s012_41284804_60.pkl
6926,50.0,47.38907097267828,abcd-ml,pasleep,scale,weekly,3,s012,41284804,60,out/abcd-ml_pasleep_scale_weekly_3_s012_41284804_60.pkl
6927,40.0,44.20772862943185,abcd-ml,pasleep,scale,weekly,3,s012,41284804,60,out/abcd-ml_pasleep_scale_weekly_3_s012_41284804_60.pkl
6928,50.0,47.46585231360113,abcd-ml,pasleep,scale,weekly,3,s012,41284804,60,out/abcd-ml_pasleep_scale_weekly_3_s012_41284804_60.pkl
6929,40.0,44.225662681936896,abcd-ml,pasleep,scale,weekly,3,s012,41284804,60,out/abcd-ml_pasleep_scale_weekly_3_s012_41284804_60.pkl
6930,50.0,47.54171407189952,abcd-ml,pasleep,scale,weekly,3,s012,41284804,60,out/abcd-ml_pasleep_scale_weekly_3_s012_41284804_60.pkl
6931,40.0,44.14195707916351,abcd-ml,pasleep,scale,weekly,3,s012,41284804,60,out/abcd-ml_pasleep_scale_weekly_3_s012_41284804_60.pkl
6932,45.0,47.58889179042995,abcd-ml,pasleep,scale,weekly,3,s012,41284804,60,out/abcd-ml_pasleep_scale_weekly_3_s012_41284804_60.pkl
6933,34.0,44.25251549678016,abcd-ml,pasleep,scale,weekly,3,s012,41284804,60,out/abcd-ml_pasleep_scale_weekly_3_s012_41284804_60.pkl
6934,45.0,47.54866360693307,abcd-ml,pasleep,scale,weekly,3,s012,41284804,60,out/abcd-ml_pasleep_scale_weekly_3_s012_41284804_60.pkl
6935,34.0,44.296707027039375,abcd-ml,pasleep,scale,weekly,3,s012,41284804,60,out/abcd-ml_pasleep_scale_weekly_3_s012_41284804_60.pkl
6936,45.0,47.21552953686082,abcd-ml,pasleep,scale,weekly,3,s012,41284804,60,out/abcd-ml_pasleep_scale_weekly_3_s012_41284804_60.pkl
6937,34.0,44.12898375298993,abcd-ml,pasleep,scale,weekly,3,s012,41284804,60,out/abcd-ml_pasleep_scale_weekly_3_s012_41284804_60.pkl
6938,45.0,47.38053355314864,abcd-ml,pasleep,scale,weekly,3,s012,41284804,60,out/abcd-ml_pasleep_scale_weekly_3_s012_41284804_60.pkl
6939,34.0,44.286943245123425,abcd-ml,pasleep,scale,weekly,3,s012,41284804,60,out/abcd-ml_pasleep_scale_weekly_3_s012_41284804_60.pkl
6940,45.0,47.32152782806322,abcd-ml,pasleep,scale,weekly,3,s012,41284804,60,out/abcd-ml_pasleep_scale_weekly_3_s012_41284804_60.pkl
6941,34.0,44.3519030448695,abcd-ml,pasleep,scale,weekly,3,s012,41284804,60,out/abcd-ml_pasleep_scale_weekly_3_s012_41284804_60.pkl
6942,52.0,47.773014563649014,abcd-ml,pasleep,scale,weekly,3,s012,41284804,60,out/abcd-ml_pasleep_scale_weekly_3_s012_41284804_60.pkl
6943,48.0,44.24635734306554,abcd-ml,pasleep,scale,weekly,3,s012,41284804,60,out/abcd-ml_pasleep_scale_weekly_3_s012_41284804_60.pkl
6944,52.0,47.6982054922652,abcd-ml,pasleep,scale,weekly,3,s012,41284804,60,out/abcd-ml_pasleep_scale_weekly_3_s012_41284804_60.pkl
6945,48.0,44.3283279463931,abcd-ml,pasleep,scale,weekly,3,s012,41284804,60,out/abcd-ml_pasleep_scale_weekly_3_s012_41284804_60.pkl
6946,52.0,47.34375839914901,abcd-ml,pasleep,scale,weekly,3,s012,41284804,60,out/abcd-ml_pasleep_scale_weekly_3_s012_41284804_60.pkl
6947,48.0,44.23057574327302,abcd-ml,pasleep,scale,weekly,3,s012,41284804,60,out/abcd-ml_pasleep_scale_weekly_3_s012_41284804_60.pkl
6948,52.0,47.5845180638465,abcd-ml,pasleep,scale,weekly,3,s012,41284804,60,out/abcd-ml_pasleep_scale_weekly_3_s012_41284804_60.pkl
6949,48.0,44.17849378640822,abcd-ml,pasleep,scale,weekly,3,s012,41284804,60,out/abcd-ml_pasleep_scale_weekly_3_s012_41284804_60.pkl
6950,52.0,47.75200507479212,abcd-ml,pasleep,scale,weekly,3,s012,41284804,60,out/abcd-ml_pasleep_scale_weekly_3_s012_41284804_60.pkl
6951,48.0,43.993689098626064,abcd-ml,pasleep,scale,weekly,3,s012,41284804,60,out/abcd-ml_pasleep_scale_weekly_3_s012_41284804_60.pkl
6952,47.0,47.38464046392074,abcd-ml,pasleep,scale,weekly,3,s012,41284804,60,out/abcd-ml_pasleep_scale_weekly_3_s012_41284804_60.pkl
6953,40.0,44.44600030932805,abcd-ml,pasleep,scale,weekly,3,s012,41284804,60,out/abcd-ml_pasleep_scale_weekly_3_s012_41284804_60.pkl
6954,47.0,47.590845959756,abcd-ml,pasleep,scale,weekly,3,s012,41284804,60,out/abcd-ml_pasleep_scale_weekly_3_s012_41284804_60.pkl
6955,40.0,44.218290661124755,abcd-ml,pasleep,scale,weekly,3,s012,41284804,60,out/abcd-ml_pasleep_scale_weekly_3_s012_41284804_60.pkl
6956,47.0,47.0625383613128,abcd-ml,pasleep,scale,weekly,3,s012,41284804,60,out/abcd-ml_pasleep_scale_weekly_3_s012_41284804_60.pkl
6957,40.0,44.5265631910262,abcd-ml,pasleep,scale,weekly,3,s012,41284804,60,out/abcd-ml_pasleep_scale_weekly_3_s012_41284804_60.pkl
6958,47.0,47.26909141018278,abcd-ml,pasleep,scale,weekly,3,s012,41284804,60,out/abcd-ml_pasleep_scale_weekly_3_s012_41284804_60.pkl
6959,40.0,44.29842670429453,abcd-ml,pasleep,scale,weekly,3,s012,41284804,60,out/abcd-ml_pasleep_scale_weekly_3_s012_41284804_60.pkl
6960,47.0,47.645518976401874,abcd-ml,pasleep,scale,weekly,3,s012,41284804,60,out/abcd-ml_pasleep_scale_weekly_3_s012_41284804_60.pkl
6961,40.0,44.49001945301892,abcd-ml,pasleep,scale,weekly,3,s012,41284804,60,out/abcd-ml_pasleep_scale_weekly_3_s012_41284804_60.pkl
6962,54.0,48.123018246889885,abcd-ml,pasleep,scale,weekly,3,s012,41284804,60,out/abcd-ml_pasleep_scale_weekly_3_s012_41284804_60.pkl
6963,34.0,44.55605526868115,abcd-ml,pasleep,scale,weekly,3,s012,41284804,60,out/abcd-ml_pasleep_scale_weekly_3_s012_41284804_60.pkl
6964,54.0,48.187953298885375,abcd-ml,pasleep,scale,weekly,3,s012,41284804,60,out/abcd-ml_pasleep_scale_weekly_3_s012_41284804_60.pkl
6965,34.0,44.483895782660426,abcd-ml,pasleep,scale,weekly,3,s012,41284804,60,out/abcd-ml_pasleep_scale_weekly_3_s012_41284804_60.pkl
6966,54.0,48.366743562722654,abcd-ml,pasleep,scale,weekly,3,s012,41284804,60,out/abcd-ml_pasleep_scale_weekly_3_s012_41284804_60.pkl
6967,34.0,44.63093371057672,abcd-ml,pasleep,scale,weekly,3,s012,41284804,60,out/abcd-ml_pasleep_scale_weekly_3_s012_41284804_60.pkl
6968,54.0,48.39058140283524,abcd-ml,pasleep,scale,weekly,3,s012,41284804,60,out/abcd-ml_pasleep_scale_weekly_3_s012_41284804_60.pkl
6969,34.0,44.60456498510605,abcd-ml,pasleep,scale,weekly,3,s012,41284804,60,out/abcd-ml_pasleep_scale_weekly_3_s012_41284804_60.pkl
6970,54.0,48.2000392826024,abcd-ml,pasleep,scale,weekly,3,s012,41284804,60,out/abcd-ml_pasleep_scale_weekly_3_s012_41284804_60.pkl
6971,34.0,44.53072906895555,abcd-ml,pasleep,scale,weekly,3,s012,41284804,60,out/abcd-ml_pasleep_scale_weekly_3_s012_41284804_60.pkl
6972,54.0,48.34245525318539,abcd-ml,pasleep,scale,weekly,3,s012,41284804,60,out/abcd-ml_pasleep_scale_weekly_3_s012_41284804_60.pkl
6973,34.0,44.37272931779734,abcd-ml,pasleep,scale,weekly,3,s012,41284804,60,out/abcd-ml_pasleep_scale_weekly_3_s012_41284804_60.pkl
6974,57.0,48.490851403432174,abcd-ml,pasleep,scale,weekly,3,s012,41284804,60,out/abcd-ml_pasleep_scale_weekly_3_s012_41284804_60.pkl
6975,57.0,44.74983843667356,abcd-ml,pasleep,scale,weekly,3,s012,41284804,60,out/abcd-ml_pasleep_scale_weekly_3_s012_41284804_60.pkl
6976,57.0,48.25677909350135,abcd-ml,pasleep,scale,weekly,3,s012,41284804,60,out/abcd-ml_pasleep_scale_weekly_3_s012_41284804_60.pkl
6977,57.0,44.609734406291544,abcd-ml,pasleep,scale,weekly,3,s012,41284804,60,out/abcd-ml_pasleep_scale_weekly_3_s012_41284804_60.pkl
6978,57.0,48.34426236980781,abcd-ml,pasleep,scale,weekly,3,s012,41284804,60,out/abcd-ml_pasleep_scale_weekly_3_s012_41284804_60.pkl
6979,57.0,44.5135081893264,abcd-ml,pasleep,scale,weekly,3,s012,41284804,60,out/abcd-ml_pasleep_scale_weekly_3_s012_41284804_60.pkl
6980,57.0,48.5235578243682,abcd-ml,pasleep,scale,weekly,3,s012,41284804,60,out/abcd-ml_pasleep_scale_weekly_3_s012_41284804_60.pkl
6981,57.0,44.77052932763071,abcd-ml,pasleep,scale,weekly,3,s012,41284804,60,out/abcd-ml_pasleep_scale_weekly_3_s012_41284804_60.pkl
6982,57.0,48.673433448986586,abcd-ml,pasleep,scale,weekly,3,s012,41284804,60,out/abcd-ml_pasleep_scale_weekly_3_s012_41284804_60.pkl
6983,57.0,44.60498108692521,abcd-ml,pasleep,scale,weekly,3,s012,41284804,60,out/abcd-ml_pasleep_scale_weekly_3_s012_41284804_60.pkl
6984,44.0,47.451094750621664,abcd-ml,pasleep,scale,weekly,3,s012,41284804,60,out/abcd-ml_pasleep_scale_weekly_3_s012_41284804_60.pkl
6985,34.0,44.431861505739526,abcd-ml,pasleep,scale,weekly,3,s012,41284804,60,out/abcd-ml_pasleep_scale_weekly_3_s012_41284804_60.pkl
6986,44.0,47.60765093176574,abcd-ml,pasleep,scale,weekly,3,s012,41284804,60,out/abcd-ml_pasleep_scale_weekly_3_s012_41284804_60.pkl
6987,34.0,44.25891848068733,abcd-ml,pasleep,scale,weekly,3,s012,41284804,60,out/abcd-ml_pasleep_scale_weekly_3_s012_41284804_60.pkl
6988,44.0,47.653637956017306,abcd-ml,pasleep,scale,weekly,3,s012,41284804,60,out/abcd-ml_pasleep_scale_weekly_3_s012_41284804_60.pkl
6989,34.0,44.236506030297036,abcd-ml,pasleep,scale,weekly,3,s012,41284804,60,out/abcd-ml_pasleep_scale_weekly_3_s012_41284804_60.pkl
6990,44.0,47.45994504294218,abcd-ml,pasleep,scale,weekly,3,s012,41284804,60,out/abcd-ml_pasleep_scale_weekly_3_s012_41284804_60.pkl
6991,34.0,44.4507310181822,abcd-ml,pasleep,scale,weekly,3,s012,41284804,60,out/abcd-ml_pasleep_scale_weekly_3_s012_41284804_60.pkl
6992,44.0,47.389011325822935,abcd-ml,pasleep,scale,weekly,3,s012,41284804,60,out/abcd-ml_pasleep_scale_weekly_3_s012_41284804_60.pkl
6993,34.0,44.23470758590298,abcd-ml,pasleep,scale,weekly,3,s012,41284804,60,out/abcd-ml_pasleep_scale_weekly_3_s012_41284804_60.pkl
6994,44.0,47.28115313726041,abcd-ml,pasleep,scale,weekly,3,s012,41284804,60,out/abcd-ml_pasleep_scale_weekly_3_s012_41284804_60.pkl
6995,34.0,44.35366067131184,abcd-ml,pasleep,scale,weekly,3,s012,41284804,60,out/abcd-ml_pasleep_scale_weekly_3_s012_41284804_60.pkl
6996,46.0,48.62684116524869,abcd-ml,pasleep,scale,weekly,3,s012,41284804,60,out/abcd-ml_pasleep_scale_weekly_3_s012_41284804_60.pkl
6997,34.0,44.66862529443701,abcd-ml,pasleep,scale,weekly,3,s012,41284804,60,out/abcd-ml_pasleep_scale_weekly_3_s012_41284804_60.pkl
6998,46.0,48.710956078777905,abcd-ml,pasleep,scale,weekly,3,s012,41284804,60,out/abcd-ml_pasleep_scale_weekly_3_s012_41284804_60.pkl
6999,34.0,44.575144093255275,abcd-ml,pasleep,scale,weekly,3,s012,41284804,60,out/abcd-ml_pasleep_scale_weekly_3_s012_41284804_60.pkl
7000,46.0,48.721479057175294,abcd-ml,pasleep,scale,weekly,3,s012,41284804,60,out/abcd-ml_pasleep_scale_weekly_3_s012_41284804_60.pkl
7001,34.0,44.49289199306647,abcd-ml,pasleep,scale,weekly,3,s012,41284804,60,out/abcd-ml_pasleep_scale_weekly_3_s012_41284804_60.pkl
7002,46.0,48.61261725309269,abcd-ml,pasleep,scale,weekly,3,s012,41284804,60,out/abcd-ml_pasleep_scale_weekly_3_s012_41284804_60.pkl
7003,34.0,44.61365173363298,abcd-ml,pasleep,scale,weekly,3,s012,41284804,60,out/abcd-ml_pasleep_scale_weekly_3_s012_41284804_60.pkl
7004,46.0,48.779241694532516,abcd-ml,pasleep,scale,weekly,3,s012,41284804,60,out/abcd-ml_pasleep_scale_weekly_3_s012_41284804_60.pkl
7005,34.0,44.58078186118584,abcd-ml,pasleep,scale,weekly,3,s012,41284804,60,out/abcd-ml_pasleep_scale_weekly_3_s012_41284804_60.pkl
7006,46.0,48.816143878135684,abcd-ml,pasleep,scale,weekly,3,s012,41284804,60,out/abcd-ml_pasleep_scale_weekly_3_s012_41284804_60.pkl
7007,34.0,44.539975966499426,abcd-ml,pasleep,scale,weekly,3,s012,41284804,60,out/abcd-ml_pasleep_scale_weekly_3_s012_41284804_60.pkl
7008,40.0,48.131105115212435,abcd-ml,pasleep,scale,weekly,3,s012,41284804,60,out/abcd-ml_pasleep_scale_weekly_3_s012_41284804_60.pkl
7009,40.0,44.411948225329716,abcd-ml,pasleep,scale,weekly,3,s012,41284804,60,out/abcd-ml_pasleep_scale_weekly_3_s012_41284804_60.pkl
7010,40.0,48.049735367053174,abcd-ml,pasleep,scale,weekly,3,s012,41284804,60,out/abcd-ml_pasleep_scale_weekly_3_s012_41284804_60.pkl
7011,40.0,44.502047756792976,abcd-ml,pasleep,scale,weekly,3,s012,41284804,60,out/abcd-ml_pasleep_scale_weekly_3_s012_41284804_60.pkl
7012,40.0,47.873291204917855,abcd-ml,pasleep,scale,weekly,3,s012,41284804,60,out/abcd-ml_pasleep_scale_weekly_3_s012_41284804_60.pkl
7013,40.0,44.355945922073815,abcd-ml,pasleep,scale,weekly,3,s012,41284804,60,out/abcd-ml_pasleep_scale_weekly_3_s012_41284804_60.pkl
7014,40.0,47.80973236952488,abcd-ml,pasleep,scale,weekly,3,s012,41284804,60,out/abcd-ml_pasleep_scale_weekly_3_s012_41284804_60.pkl
7015,40.0,44.42622579850129,abcd-ml,pasleep,scale,weekly,3,s012,41284804,60,out/abcd-ml_pasleep_scale_weekly_3_s012_41284804_60.pkl
7016,40.0,47.881118203794394,abcd-ml,pasleep,scale,weekly,3,s012,41284804,60,out/abcd-ml_pasleep_scale_weekly_3_s012_41284804_60.pkl
7017,40.0,44.24657681756522,abcd-ml,pasleep,scale,weekly,3,s012,41284804,60,out/abcd-ml_pasleep_scale_weekly_3_s012_41284804_60.pkl
7018,40.0,47.81182559932912,abcd-ml,pasleep,scale,weekly,3,s012,41284804,60,out/abcd-ml_pasleep_scale_weekly_3_s012_41284804_60.pkl
7019,40.0,44.32318698762101,abcd-ml,pasleep,scale,weekly,3,s012,41284804,60,out/abcd-ml_pasleep_scale_weekly_3_s012_41284804_60.pkl
7020,41.0,47.42784477353417,abcd-ml,pasleep,scale,weekly,3,s012,41284804,60,out/abcd-ml_pasleep_scale_weekly_3_s012_41284804_60.pkl
7021,50.0,44.331889110902225,abcd-ml,pasleep,scale,weekly,3,s012,41284804,60,out/abcd-ml_pasleep_scale_weekly_3_s012_41284804_60.pkl
7022,41.0,47.76249982361663,abcd-ml,pasleep,scale,weekly,3,s012,41284804,60,out/abcd-ml_pasleep_scale_weekly_3_s012_41284804_60.pkl
7023,50.0,44.21281960278115,abcd-ml,pasleep,scale,weekly,3,s012,41284804,60,out/abcd-ml_pasleep_scale_weekly_3_s012_41284804_60.pkl
7024,41.0,47.71574543853788,abcd-ml,pasleep,scale,weekly,3,s012,41284804,60,out/abcd-ml_pasleep_scale_weekly_3_s012_41284804_60.pkl
7025,50.0,44.26502163085663,abcd-ml,pasleep,scale,weekly,3,s012,41284804,60,out/abcd-ml_pasleep_scale_weekly_3_s012_41284804_60.pkl
7026,41.0,47.73016061397765,abcd-ml,pasleep,scale,weekly,3,s012,41284804,60,out/abcd-ml_pasleep_scale_weekly_3_s012_41284804_60.pkl
7027,50.0,44.2829961042318,abcd-ml,pasleep,scale,weekly,3,s012,41284804,60,out/abcd-ml_pasleep_scale_weekly_3_s012_41284804_60.pkl
7028,41.0,47.675047190843536,abcd-ml,pasleep,scale,weekly,3,s012,41284804,60,out/abcd-ml_pasleep_scale_weekly_3_s012_41284804_60.pkl
7029,50.0,44.34444500906193,abcd-ml,pasleep,scale,weekly,3,s012,41284804,60,out/abcd-ml_pasleep_scale_weekly_3_s012_41284804_60.pkl
7030,34.0,47.40080121094256,abcd-ml,pasleep,scale,weekly,3,s012,41284804,60,out/abcd-ml_pasleep_scale_weekly_3_s012_41284804_60.pkl
7031,48.0,44.192322458685084,abcd-ml,pasleep,scale,weekly,3,s012,41284804,60,out/abcd-ml_pasleep_scale_weekly_3_s012_41284804_60.pkl
7032,34.0,47.47446388395839,abcd-ml,pasleep,scale,weekly,3,s012,41284804,60,out/abcd-ml_pasleep_scale_weekly_3_s012_41284804_60.pkl
7033,48.0,44.29693935265564,abcd-ml,pasleep,scale,weekly,3,s012,41284804,60,out/abcd-ml_pasleep_scale_weekly_3_s012_41284804_60.pkl
7034,34.0,47.352174512423986,abcd-ml,pasleep,scale,weekly,3,s012,41284804,60,out/abcd-ml_pasleep_scale_weekly_3_s012_41284804_60.pkl
7035,48.0,44.43240385268794,abcd-ml,pasleep,scale,weekly,3,s012,41284804,60,out/abcd-ml_pasleep_scale_weekly_3_s012_41284804_60.pkl
7036,34.0,47.14746849146545,abcd-ml,pasleep,scale,weekly,3,s012,41284804,60,out/abcd-ml_pasleep_scale_weekly_3_s012_41284804_60.pkl
7037,48.0,44.25848891824086,abcd-ml,pasleep,scale,weekly,3,s012,41284804,60,out/abcd-ml_pasleep_scale_weekly_3_s012_41284804_60.pkl
7038,34.0,47.05719056641059,abcd-ml,pasleep,scale,weekly,3,s012,41284804,60,out/abcd-ml_pasleep_scale_weekly_3_s012_41284804_60.pkl
7039,48.0,44.35845432983004,abcd-ml,pasleep,scale,weekly,3,s012,41284804,60,out/abcd-ml_pasleep_scale_weekly_3_s012_41284804_60.pkl
7040,52.0,48.44487360095852,abcd-ml,pasleep,scale,weekly,3,s012,41284804,60,out/abcd-ml_pasleep_scale_weekly_3_s012_41284804_60.pkl
7041,54.0,44.66833785633551,abcd-ml,pasleep,scale,weekly,3,s012,41284804,60,out/abcd-ml_pasleep_scale_weekly_3_s012_41284804_60.pkl
7042,52.0,48.5444282333856,abcd-ml,pasleep,scale,weekly,3,s012,41284804,60,out/abcd-ml_pasleep_scale_weekly_3_s012_41284804_60.pkl
7043,54.0,44.55861528140629,abcd-ml,pasleep,scale,weekly,3,s012,41284804,60,out/abcd-ml_pasleep_scale_weekly_3_s012_41284804_60.pkl
7044,52.0,48.44041652137227,abcd-ml,pasleep,scale,weekly,3,s012,41284804,60,out/abcd-ml_pasleep_scale_weekly_3_s012_41284804_60.pkl
7045,54.0,44.5343170793576,abcd-ml,pasleep,scale,weekly,3,s012,41284804,60,out/abcd-ml_pasleep_scale_weekly_3_s012_41284804_60.pkl
7046,52.0,48.3409142869767,abcd-ml,pasleep,scale,weekly,3,s012,41284804,60,out/abcd-ml_pasleep_scale_weekly_3_s012_41284804_60.pkl
7047,54.0,44.6440301687626,abcd-ml,pasleep,scale,weekly,3,s012,41284804,60,out/abcd-ml_pasleep_scale_weekly_3_s012_41284804_60.pkl
7048,52.0,48.471208075191015,abcd-ml,pasleep,scale,weekly,3,s012,41284804,60,out/abcd-ml_pasleep_scale_weekly_3_s012_41284804_60.pkl
7049,54.0,44.702802853135225,abcd-ml,pasleep,scale,weekly,3,s012,41284804,60,out/abcd-ml_pasleep_scale_weekly_3_s012_41284804_60.pkl
7050,52.0,48.56695877723573,abcd-ml,pasleep,scale,weekly,3,s012,41284804,60,out/abcd-ml_pasleep_scale_weekly_3_s012_41284804_60.pkl
7051,54.0,44.597229747118625,abcd-ml,pasleep,scale,weekly,3,s012,41284804,60,out/abcd-ml_pasleep_scale_weekly_3_s012_41284804_60.pkl
7052,40.0,48.53448898165698,abcd-ml,pasleep,scale,weekly,3,s012,41284804,60,out/abcd-ml_pasleep_scale_weekly_3_s012_41284804_60.pkl
7053,40.0,44.81714603875674,abcd-ml,pasleep,scale,weekly,3,s012,41284804,60,out/abcd-ml_pasleep_scale_weekly_3_s012_41284804_60.pkl
7054,40.0,48.6252563267098,abcd-ml,pasleep,scale,weekly,3,s012,41284804,60,out/abcd-ml_pasleep_scale_weekly_3_s012_41284804_60.pkl
7055,40.0,44.716839019128614,abcd-ml,pasleep,scale,weekly,3,s012,41284804,60,out/abcd-ml_pasleep_scale_weekly_3_s012_41284804_60.pkl
7056,40.0,47.665880095218675,abcd-ml,pasleep,scale,weekly,3,s012,41284804,60,out/abcd-ml_pasleep_scale_weekly_3_s012_41284804_60.pkl
7057,40.0,44.140377321820026,abcd-ml,pasleep,scale,weekly,3,s012,41284804,60,out/abcd-ml_pasleep_scale_weekly_3_s012_41284804_60.pkl
7058,40.0,47.62824734820351,abcd-ml,pasleep,scale,weekly,3,s012,41284804,60,out/abcd-ml_pasleep_scale_weekly_3_s012_41284804_60.pkl
7059,40.0,44.182608041649026,abcd-ml,pasleep,scale,weekly,3,s012,41284804,60,out/abcd-ml_pasleep_scale_weekly_3_s012_41284804_60.pkl
7060,40.0,46.94054007872054,abcd-ml,pasleep,scale,weekly,3,s012,41284804,60,out/abcd-ml_pasleep_scale_weekly_3_s012_41284804_60.pkl
7061,40.0,44.17327390819422,abcd-ml,pasleep,scale,weekly,3,s012,41284804,60,out/abcd-ml_pasleep_scale_weekly_3_s012_41284804_60.pkl
7062,52.0,48.155092860263444,abcd-ml,pasleep,scale,weekly,3,s012,41284804,60,out/abcd-ml_pasleep_scale_weekly_3_s012_41284804_60.pkl
7063,34.0,44.46342253120331,abcd-ml,pasleep,scale,weekly,3,s012,41284804,60,out/abcd-ml_pasleep_scale_weekly_3_s012_41284804_60.pkl
7064,52.0,47.67586543630912,abcd-ml,pasleep,scale,weekly,3,s012,41284804,60,out/abcd-ml_pasleep_scale_weekly_3_s012_41284804_60.pkl
7065,34.0,44.262696062320835,abcd-ml,pasleep,scale,weekly,3,s012,41284804,60,out/abcd-ml_pasleep_scale_weekly_3_s012_41284804_60.pkl
7066,52.0,47.659473476321956,abcd-ml,pasleep,scale,weekly,3,s012,41284804,60,out/abcd-ml_pasleep_scale_weekly_3_s012_41284804_60.pkl
7067,34.0,44.2810148051847,abcd-ml,pasleep,scale,weekly,3,s012,41284804,60,out/abcd-ml_pasleep_scale_weekly_3_s012_41284804_60.pkl
7068,52.0,47.21742435284837,abcd-ml,pasleep,scale,weekly,3,s012,41284804,60,out/abcd-ml_pasleep_scale_weekly_3_s012_41284804_60.pkl
7069,34.0,44.20143431794893,abcd-ml,pasleep,scale,weekly,3,s012,41284804,60,out/abcd-ml_pasleep_scale_weekly_3_s012_41284804_60.pkl
7070,66.0,48.46589431308271,abcd-ml,pasleep,scale,weekly,3,s012,41284804,60,out/abcd-ml_pasleep_scale_weekly_3_s012_41284804_60.pkl
7071,56.0,44.469063347352076,abcd-ml,pasleep,scale,weekly,3,s012,41284804,60,out/abcd-ml_pasleep_scale_weekly_3_s012_41284804_60.pkl
7072,66.0,48.37356541523774,abcd-ml,pasleep,scale,weekly,3,s012,41284804,60,out/abcd-ml_pasleep_scale_weekly_3_s012_41284804_60.pkl
7073,56.0,44.570938669101366,abcd-ml,pasleep,scale,weekly,3,s012,41284804,60,out/abcd-ml_pasleep_scale_weekly_3_s012_41284804_60.pkl
7074,66.0,48.1101560990361,abcd-ml,pasleep,scale,weekly,3,s012,41284804,60,out/abcd-ml_pasleep_scale_weekly_3_s012_41284804_60.pkl
7075,56.0,44.425896890565646,abcd-ml,pasleep,scale,weekly,3,s012,41284804,60,out/abcd-ml_pasleep_scale_weekly_3_s012_41284804_60.pkl
7076,66.0,48.288838796058236,abcd-ml,pasleep,scale,weekly,3,s012,41284804,60,out/abcd-ml_pasleep_scale_weekly_3_s012_41284804_60.pkl
7077,56.0,44.22819034860434,abcd-ml,pasleep,scale,weekly,3,s012,41284804,60,out/abcd-ml_pasleep_scale_weekly_3_s012_41284804_60.pkl
7078,66.0,48.40127340285029,abcd-ml,pasleep,scale,weekly,3,s012,41284804,60,out/abcd-ml_pasleep_scale_weekly_3_s012_41284804_60.pkl
7079,56.0,44.125596082139296,abcd-ml,pasleep,scale,weekly,3,s012,41284804,60,out/abcd-ml_pasleep_scale_weekly_3_s012_41284804_60.pkl
7080,66.0,48.11269298714942,abcd-ml,pasleep,scale,weekly,3,s012,41284804,60,out/abcd-ml_pasleep_scale_weekly_3_s012_41284804_60.pkl
7081,56.0,44.44530331439384,abcd-ml,pasleep,scale,weekly,3,s012,41284804,60,out/abcd-ml_pasleep_scale_weekly_3_s012_41284804_60.pkl
7082,34.0,47.90504193073036,abcd-ml,pasleep,scale,weekly,3,s012,41284804,60,out/abcd-ml_pasleep_scale_weekly_3_s012_41284804_60.pkl
7083,48.0,44.2739902448447,abcd-ml,pasleep,scale,weekly,3,s012,41284804,60,out/abcd-ml_pasleep_scale_weekly_3_s012_41284804_60.pkl
7084,34.0,47.636198664944125,abcd-ml,pasleep,scale,weekly,3,s012,41284804,60,out/abcd-ml_pasleep_scale_weekly_3_s012_41284804_60.pkl
7085,48.0,44.57188282749097,abcd-ml,pasleep,scale,weekly,3,s012,41284804,60,out/abcd-ml_pasleep_scale_weekly_3_s012_41284804_60.pkl
7086,34.0,47.81366688708207,abcd-ml,pasleep,scale,weekly,3,s012,41284804,60,out/abcd-ml_pasleep_scale_weekly_3_s012_41284804_60.pkl
7087,48.0,44.38238143586875,abcd-ml,pasleep,scale,weekly,3,s012,41284804,60,out/abcd-ml_pasleep_scale_weekly_3_s012_41284804_60.pkl
7088,34.0,47.908600152476296,abcd-ml,pasleep,scale,weekly,3,s012,41284804,60,out/abcd-ml_pasleep_scale_weekly_3_s012_41284804_60.pkl
7089,48.0,44.277632297033286,abcd-ml,pasleep,scale,weekly,3,s012,41284804,60,out/abcd-ml_pasleep_scale_weekly_3_s012_41284804_60.pkl
7090,34.0,47.50498744176507,abcd-ml,pasleep,scale,weekly,3,s012,41284804,60,out/abcd-ml_pasleep_scale_weekly_3_s012_41284804_60.pkl
7091,48.0,44.31549842436776,abcd-ml,pasleep,scale,weekly,3,s012,41284804,60,out/abcd-ml_pasleep_scale_weekly_3_s012_41284804_60.pkl
7092,60.0,47.841679442027115,abcd-ml,pasleep,scale,weekly,3,s012,41284804,60,out/abcd-ml_pasleep_scale_weekly_3_s012_41284804_60.pkl
7093,40.0,44.580555663825805,abcd-ml,pasleep,scale,weekly,3,s012,41284804,60,out/abcd-ml_pasleep_scale_weekly_3_s012_41284804_60.pkl
7094,60.0,48.02331883787083,abcd-ml,pasleep,scale,weekly,3,s012,41284804,60,out/abcd-ml_pasleep_scale_weekly_3_s012_41284804_60.pkl
7095,40.0,44.379961956494526,abcd-ml,pasleep,scale,weekly,3,s012,41284804,60,out/abcd-ml_pasleep_scale_weekly_3_s012_41284804_60.pkl
7096,60.0,47.532753286905894,abcd-ml,pasleep,scale,weekly,3,s012,41284804,60,out/abcd-ml_pasleep_scale_weekly_3_s012_41284804_60.pkl
7097,40.0,44.482693732781016,abcd-ml,pasleep,scale,weekly,3,s012,41284804,60,out/abcd-ml_pasleep_scale_weekly_3_s012_41284804_60.pkl
7098,60.0,47.70628703842301,abcd-ml,pasleep,scale,weekly,3,s012,41284804,60,out/abcd-ml_pasleep_scale_weekly_3_s012_41284804_60.pkl
7099,40.0,44.29106026602461,abcd-ml,pasleep,scale,weekly,3,s012,41284804,60,out/abcd-ml_pasleep_scale_weekly_3_s012_41284804_60.pkl
7100,60.0,46.96460177123654,abcd-ml,pasleep,scale,weekly,3,s012,41284804,60,out/abcd-ml_pasleep_scale_weekly_3_s012_41284804_60.pkl
7101,40.0,44.49957062552768,abcd-ml,pasleep,scale,weekly,3,s012,41284804,60,out/abcd-ml_pasleep_scale_weekly_3_s012_41284804_60.pkl
7102,60.0,47.1282881469336,abcd-ml,pasleep,scale,weekly,3,s012,41284804,60,out/abcd-ml_pasleep_scale_weekly_3_s012_41284804_60.pkl
7103,40.0,44.318833548580116,abcd-ml,pasleep,scale,weekly,3,s012,41284804,60,out/abcd-ml_pasleep_scale_weekly_3_s012_41284804_60.pkl
7104,48.0,47.95616162067743,abcd-ml,pasleep,scale,weekly,3,s012,41284804,60,out/abcd-ml_pasleep_scale_weekly_3_s012_41284804_60.pkl
7105,44.0,44.63715877213323,abcd-ml,pasleep,scale,weekly,3,s012,41284804,60,out/abcd-ml_pasleep_scale_weekly_3_s012_41284804_60.pkl
7106,48.0,48.039392201062256,abcd-ml,pasleep,scale,weekly,3,s012,41284804,60,out/abcd-ml_pasleep_scale_weekly_3_s012_41284804_60.pkl
7107,44.0,44.54448721360157,abcd-ml,pasleep,scale,weekly,3,s012,41284804,60,out/abcd-ml_pasleep_scale_weekly_3_s012_41284804_60.pkl
7108,48.0,47.951531391071015,abcd-ml,pasleep,scale,weekly,3,s012,41284804,60,out/abcd-ml_pasleep_scale_weekly_3_s012_41284804_60.pkl
7109,44.0,44.43574626118814,abcd-ml,pasleep,scale,weekly,3,s012,41284804,60,out/abcd-ml_pasleep_scale_weekly_3_s012_41284804_60.pkl
7110,48.0,47.78662076162587,abcd-ml,pasleep,scale,weekly,3,s012,41284804,60,out/abcd-ml_pasleep_scale_weekly_3_s012_41284804_60.pkl
7111,44.0,44.61917140233916,abcd-ml,pasleep,scale,weekly,3,s012,41284804,60,out/abcd-ml_pasleep_scale_weekly_3_s012_41284804_60.pkl
7112,64.0,47.98012601840906,abcd-ml,pasleep,scale,weekly,3,s012,41284804,60,out/abcd-ml_pasleep_scale_weekly_3_s012_41284804_60.pkl
7113,44.0,44.27482485782623,abcd-ml,pasleep,scale,weekly,3,s012,41284804,60,out/abcd-ml_pasleep_scale_weekly_3_s012_41284804_60.pkl
7114,64.0,48.05292405172693,abcd-ml,pasleep,scale,weekly,3,s012,41284804,60,out/abcd-ml_pasleep_scale_weekly_3_s012_41284804_60.pkl
7115,44.0,44.218540902605895,abcd-ml,pasleep,scale,weekly,3,s012,41284804,60,out/abcd-ml_pasleep_scale_weekly_3_s012_41284804_60.pkl
7116,64.0,47.90383615260968,abcd-ml,pasleep,scale,weekly,3,s012,41284804,60,out/abcd-ml_pasleep_scale_weekly_3_s012_41284804_60.pkl
7117,44.0,44.38334857694211,abcd-ml,pasleep,scale,weekly,3,s012,41284804,60,out/abcd-ml_pasleep_scale_weekly_3_s012_41284804_60.pkl
7118,64.0,47.87435287092251,abcd-ml,pasleep,scale,weekly,3,s012,41284804,60,out/abcd-ml_pasleep_scale_weekly_3_s012_41284804_60.pkl
7119,44.0,44.21172898813568,abcd-ml,pasleep,scale,weekly,3,s012,41284804,60,out/abcd-ml_pasleep_scale_weekly_3_s012_41284804_60.pkl
7120,34.0,47.21520460210942,abcd-ml,pasleep,scale,weekly,3,s012,41284804,60,out/abcd-ml_pasleep_scale_weekly_3_s012_41284804_60.pkl
7121,40.0,44.458538313623656,abcd-ml,pasleep,scale,weekly,3,s012,41284804,60,out/abcd-ml_pasleep_scale_weekly_3_s012_41284804_60.pkl
7122,34.0,47.33704695405785,abcd-ml,pasleep,scale,weekly,3,s012,41284804,60,out/abcd-ml_pasleep_scale_weekly_3_s012_41284804_60.pkl
7123,40.0,44.32389864584337,abcd-ml,pasleep,scale,weekly,3,s012,41284804,60,out/abcd-ml_pasleep_scale_weekly_3_s012_41284804_60.pkl
7124,34.0,46.87399286558795,abcd-ml,pasleep,scale,weekly,3,s012,41284804,60,out/abcd-ml_pasleep_scale_weekly_3_s012_41284804_60.pkl
7125,40.0,44.23006146320766,abcd-ml,pasleep,scale,weekly,3,s012,41284804,60,out/abcd-ml_pasleep_scale_weekly_3_s012_41284804_60.pkl
7126,34.0,46.76412964608571,abcd-ml,pasleep,scale,weekly,3,s012,41284804,60,out/abcd-ml_pasleep_scale_weekly_3_s012_41284804_60.pkl
7127,40.0,44.29510467255827,abcd-ml,pasleep,scale,weekly,3,s012,41284804,60,out/abcd-ml_pasleep_scale_weekly_3_s012_41284804_60.pkl
7128,39.0,48.03427272469023,abcd-ml,pasleep,scale,weekly,3,s012,41284804,60,out/abcd-ml_pasleep_scale_weekly_3_s012_41284804_60.pkl
7129,44.0,44.68150412844149,abcd-ml,pasleep,scale,weekly,3,s012,41284804,60,out/abcd-ml_pasleep_scale_weekly_3_s012_41284804_60.pkl
7130,39.0,48.10302100278078,abcd-ml,pasleep,scale,weekly,3,s012,41284804,60,out/abcd-ml_pasleep_scale_weekly_3_s012_41284804_60.pkl
7131,44.0,44.60489159408409,abcd-ml,pasleep,scale,weekly,3,s012,41284804,60,out/abcd-ml_pasleep_scale_weekly_3_s012_41284804_60.pkl
7132,39.0,48.336756914328674,abcd-ml,pasleep,scale,weekly,3,s012,41284804,60,out/abcd-ml_pasleep_scale_weekly_3_s012_41284804_60.pkl
7133,44.0,44.61901820780464,abcd-ml,pasleep,scale,weekly,3,s012,41284804,60,out/abcd-ml_pasleep_scale_weekly_3_s012_41284804_60.pkl
7134,39.0,48.26231391115714,abcd-ml,pasleep,scale,weekly,3,s012,41284804,60,out/abcd-ml_pasleep_scale_weekly_3_s012_41284804_60.pkl
7135,44.0,44.7020063185873,abcd-ml,pasleep,scale,weekly,3,s012,41284804,60,out/abcd-ml_pasleep_scale_weekly_3_s012_41284804_60.pkl
7136,39.0,48.09228334550768,abcd-ml,pasleep,scale,weekly,3,s012,41284804,60,out/abcd-ml_pasleep_scale_weekly_3_s012_41284804_60.pkl
7137,44.0,44.53916520019712,abcd-ml,pasleep,scale,weekly,3,s012,41284804,60,out/abcd-ml_pasleep_scale_weekly_3_s012_41284804_60.pkl
7138,39.0,48.14276487697896,abcd-ml,pasleep,scale,weekly,3,s012,41284804,60,out/abcd-ml_pasleep_scale_weekly_3_s012_41284804_60.pkl
7139,44.0,44.48346381492209,abcd-ml,pasleep,scale,weekly,3,s012,41284804,60,out/abcd-ml_pasleep_scale_weekly_3_s012_41284804_60.pkl
7140,50.0,46.71382496435521,abcd-ml,pasleep,scale,weekly,3,s012,41284804,60,out/abcd-ml_pasleep_scale_weekly_3_s012_41284804_60.pkl
7141,34.0,43.79552991820164,abcd-ml,pasleep,scale,weekly,3,s012,41284804,60,out/abcd-ml_pasleep_scale_weekly_3_s012_41284804_60.pkl
7142,50.0,46.88663675977911,abcd-ml,pasleep,scale,weekly,3,s012,41284804,60,out/abcd-ml_pasleep_scale_weekly_3_s012_41284804_60.pkl
7143,34.0,43.808406199095465,abcd-ml,pasleep,scale,weekly,3,s012,41284804,60,out/abcd-ml_pasleep_scale_weekly_3_s012_41284804_60.pkl
7144,50.0,46.71769827217401,abcd-ml,pasleep,scale,weekly,3,s012,41284804,60,out/abcd-ml_pasleep_scale_weekly_3_s012_41284804_60.pkl
7145,34.0,43.99543811121961,abcd-ml,pasleep,scale,weekly,3,s012,41284804,60,out/abcd-ml_pasleep_scale_weekly_3_s012_41284804_60.pkl
7146,50.0,46.773419349785605,abcd-ml,pasleep,scale,weekly,3,s012,41284804,60,out/abcd-ml_pasleep_scale_weekly_3_s012_41284804_60.pkl
7147,34.0,44.1831013656403,abcd-ml,pasleep,scale,weekly,3,s012,41284804,60,out/abcd-ml_pasleep_scale_weekly_3_s012_41284804_60.pkl
7148,50.0,46.76254672883427,abcd-ml,pasleep,scale,weekly,3,s012,41284804,60,out/abcd-ml_pasleep_scale_weekly_3_s012_41284804_60.pkl
7149,34.0,44.19457568818315,abcd-ml,pasleep,scale,weekly,3,s012,41284804,60,out/abcd-ml_pasleep_scale_weekly_3_s012_41284804_60.pkl
7150,62.0,47.636791223660886,abcd-ml,pasleep,scale,weekly,3,s012,41284804,60,out/abcd-ml_pasleep_scale_weekly_3_s012_41284804_60.pkl
7151,52.0,44.1842333329796,abcd-ml,pasleep,scale,weekly,3,s012,41284804,60,out/abcd-ml_pasleep_scale_weekly_3_s012_41284804_60.pkl
7152,62.0,47.516780008009235,abcd-ml,pasleep,scale,weekly,3,s012,41284804,60,out/abcd-ml_pasleep_scale_weekly_3_s012_41284804_60.pkl
7153,52.0,44.31694336155533,abcd-ml,pasleep,scale,weekly,3,s012,41284804,60,out/abcd-ml_pasleep_scale_weekly_3_s012_41284804_60.pkl
7154,62.0,47.982051751549974,abcd-ml,pasleep,scale,weekly,3,s012,41284804,60,out/abcd-ml_pasleep_scale_weekly_3_s012_41284804_60.pkl
7155,52.0,44.250869497360384,abcd-ml,pasleep,scale,weekly,3,s012,41284804,60,out/abcd-ml_pasleep_scale_weekly_3_s012_41284804_60.pkl
7156,62.0,47.75543520089177,abcd-ml,pasleep,scale,weekly,3,s012,41284804,60,out/abcd-ml_pasleep_scale_weekly_3_s012_41284804_60.pkl
7157,52.0,44.46332103173863,abcd-ml,pasleep,scale,weekly,3,s012,41284804,60,out/abcd-ml_pasleep_scale_weekly_3_s012_41284804_60.pkl
7158,62.0,47.634074653146826,abcd-ml,pasleep,scale,weekly,3,s012,41284804,60,out/abcd-ml_pasleep_scale_weekly_3_s012_41284804_60.pkl
7159,52.0,44.59869338970147,abcd-ml,pasleep,scale,weekly,3,s012,41284804,60,out/abcd-ml_pasleep_scale_weekly_3_s012_41284804_60.pkl
7160,62.0,47.69198290727073,abcd-ml,pasleep,scale,weekly,3,s012,41284804,60,out/abcd-ml_pasleep_scale_weekly_3_s012_41284804_60.pkl
7161,52.0,44.223040211750444,abcd-ml,pasleep,scale,weekly,3,s012,41284804,60,out/abcd-ml_pasleep_scale_weekly_3_s012_41284804_60.pkl
7162,62.0,47.75949382622004,abcd-ml,pasleep,scale,weekly,3,s012,41284804,60,out/abcd-ml_pasleep_scale_weekly_3_s012_41284804_60.pkl
7163,52.0,44.14870818011211,abcd-ml,pasleep,scale,weekly,3,s012,41284804,60,out/abcd-ml_pasleep_scale_weekly_3_s012_41284804_60.pkl
7164,55.0,48.98024082641798,abcd-ml,pasleep,scale,weekly,3,s012,41284804,60,out/abcd-ml_pasleep_scale_weekly_3_s012_41284804_60.pkl
7165,34.0,44.20205110051359,abcd-ml,pasleep,scale,weekly,3,s012,41284804,60,out/abcd-ml_pasleep_scale_weekly_3_s012_41284804_60.pkl
7166,55.0,48.64675918900437,abcd-ml,pasleep,scale,weekly,3,s012,41284804,60,out/abcd-ml_pasleep_scale_weekly_3_s012_41284804_60.pkl
7167,34.0,44.57134832687599,abcd-ml,pasleep,scale,weekly,3,s012,41284804,60,out/abcd-ml_pasleep_scale_weekly_3_s012_41284804_60.pkl
7168,55.0,47.88327096159529,abcd-ml,pasleep,scale,weekly,3,s012,41284804,60,out/abcd-ml_pasleep_scale_weekly_3_s012_41284804_60.pkl
7169,34.0,44.11400639303127,abcd-ml,pasleep,scale,weekly,3,s012,41284804,60,out/abcd-ml_pasleep_scale_weekly_3_s012_41284804_60.pkl
7170,55.0,47.64208320979542,abcd-ml,pasleep,scale,weekly,3,s012,41284804,60,out/abcd-ml_pasleep_scale_weekly_3_s012_41284804_60.pkl
7171,34.0,44.380775333609435,abcd-ml,pasleep,scale,weekly,3,s012,41284804,60,out/abcd-ml_pasleep_scale_weekly_3_s012_41284804_60.pkl
7172,55.0,48.15784106464161,abcd-ml,pasleep,scale,weekly,3,s012,41284804,60,out/abcd-ml_pasleep_scale_weekly_3_s012_41284804_60.pkl
7173,34.0,44.4301580840292,abcd-ml,pasleep,scale,weekly,3,s012,41284804,60,out/abcd-ml_pasleep_scale_weekly_3_s012_41284804_60.pkl
7174,55.0,48.336896944317616,abcd-ml,pasleep,scale,weekly,3,s012,41284804,60,out/abcd-ml_pasleep_scale_weekly_3_s012_41284804_60.pkl
7175,34.0,44.23242063683979,abcd-ml,pasleep,scale,weekly,3,s012,41284804,60,out/abcd-ml_pasleep_scale_weekly_3_s012_41284804_60.pkl
7176,45.0,47.23369386184459,abcd-ml,pasleep,scale,weekly,3,s012,41284804,60,out/abcd-ml_pasleep_scale_weekly_3_s012_41284804_60.pkl
7177,40.0,44.49998525460068,abcd-ml,pasleep,scale,weekly,3,s012,41284804,60,out/abcd-ml_pasleep_scale_weekly_3_s012_41284804_60.pkl
7178,45.0,47.442987461438285,abcd-ml,pasleep,scale,weekly,3,s012,41284804,60,out/abcd-ml_pasleep_scale_weekly_3_s012_41284804_60.pkl
7179,40.0,44.26823003363667,abcd-ml,pasleep,scale,weekly,3,s012,41284804,60,out/abcd-ml_pasleep_scale_weekly_3_s012_41284804_60.pkl
7180,45.0,47.93210226955476,abcd-ml,pasleep,scale,weekly,3,s012,41284804,60,out/abcd-ml_pasleep_scale_weekly_3_s012_41284804_60.pkl
7181,40.0,44.401046346822184,abcd-ml,pasleep,scale,weekly,3,s012,41284804,60,out/abcd-ml_pasleep_scale_weekly_3_s012_41284804_60.pkl
7182,45.0,47.86453478189684,abcd-ml,pasleep,scale,weekly,3,s012,41284804,60,out/abcd-ml_pasleep_scale_weekly_3_s012_41284804_60.pkl
7183,40.0,44.4754715749453,abcd-ml,pasleep,scale,weekly,3,s012,41284804,60,out/abcd-ml_pasleep_scale_weekly_3_s012_41284804_60.pkl
7184,45.0,48.03314157735724,abcd-ml,pasleep,scale,weekly,3,s012,41284804,60,out/abcd-ml_pasleep_scale_weekly_3_s012_41284804_60.pkl
7185,40.0,44.50316122883123,abcd-ml,pasleep,scale,weekly,3,s012,41284804,60,out/abcd-ml_pasleep_scale_weekly_3_s012_41284804_60.pkl
7186,45.0,47.9548685298333,abcd-ml,pasleep,scale,weekly,3,s012,41284804,60,out/abcd-ml_pasleep_scale_weekly_3_s012_41284804_60.pkl
7187,40.0,44.58952737623349,abcd-ml,pasleep,scale,weekly,3,s012,41284804,60,out/abcd-ml_pasleep_scale_weekly_3_s012_41284804_60.pkl
7188,65.0,47.560047199304094,abcd-ml,pasleep,scale,weekly,3,s012,41284804,60,out/abcd-ml_pasleep_scale_weekly_3_s012_41284804_60.pkl
7189,63.0,44.07080666650704,abcd-ml,pasleep,scale,weekly,3,s012,41284804,60,out/abcd-ml_pasleep_scale_weekly_3_s012_41284804_60.pkl
7190,65.0,47.40517741645754,abcd-ml,pasleep,scale,weekly,3,s012,41284804,60,out/abcd-ml_pasleep_scale_weekly_3_s012_41284804_60.pkl
7191,63.0,44.38671409764401,abcd-ml,pasleep,scale,weekly,3,s012,41284804,60,out/abcd-ml_pasleep_scale_weekly_3_s012_41284804_60.pkl
7192,65.0,47.530917527184414,abcd-ml,pasleep,scale,weekly,3,s012,41284804,60,out/abcd-ml_pasleep_scale_weekly_3_s012_41284804_60.pkl
7193,63.0,44.246118573329284,abcd-ml,pasleep,scale,weekly,3,s012,41284804,60,out/abcd-ml_pasleep_scale_weekly_3_s012_41284804_60.pkl
7194,65.0,47.81060349948563,abcd-ml,pasleep,scale,weekly,3,s012,41284804,60,out/abcd-ml_pasleep_scale_weekly_3_s012_41284804_60.pkl
7195,63.0,43.87742900491732,abcd-ml,pasleep,scale,weekly,3,s012,41284804,60,out/abcd-ml_pasleep_scale_weekly_3_s012_41284804_60.pkl
7196,65.0,47.514699250203975,abcd-ml,pasleep,scale,weekly,3,s012,41284804,60,out/abcd-ml_pasleep_scale_weekly_3_s012_41284804_60.pkl
7197,63.0,44.20498953797594,abcd-ml,pasleep,scale,weekly,3,s012,41284804,60,out/abcd-ml_pasleep_scale_weekly_3_s012_41284804_60.pkl
7198,64.0,48.340611150585616,abcd-ml,pasleep,scale,weekly,3,s012,41284804,60,out/abcd-ml_pasleep_scale_weekly_3_s012_41284804_60.pkl
7199,54.0,44.38266785830366,abcd-ml,pasleep,scale,weekly,3,s012,41284804,60,out/abcd-ml_pasleep_scale_weekly_3_s012_41284804_60.pkl
7200,64.0,48.26596615615469,abcd-ml,pasleep,scale,weekly,3,s012,41284804,60,out/abcd-ml_pasleep_scale_weekly_3_s012_41284804_60.pkl
7201,54.0,44.465192720202424,abcd-ml,pasleep,scale,weekly,3,s012,41284804,60,out/abcd-ml_pasleep_scale_weekly_3_s012_41284804_60.pkl
7202,64.0,48.27011163412624,abcd-ml,pasleep,scale,weekly,3,s012,41284804,60,out/abcd-ml_pasleep_scale_weekly_3_s012_41284804_60.pkl
7203,54.0,44.41607979759738,abcd-ml,pasleep,scale,weekly,3,s012,41284804,60,out/abcd-ml_pasleep_scale_weekly_3_s012_41284804_60.pkl
7204,64.0,48.22727831205393,abcd-ml,pasleep,scale,weekly,3,s012,41284804,60,out/abcd-ml_pasleep_scale_weekly_3_s012_41284804_60.pkl
7205,54.0,44.463238078598444,abcd-ml,pasleep,scale,weekly,3,s012,41284804,60,out/abcd-ml_pasleep_scale_weekly_3_s012_41284804_60.pkl
7206,64.0,48.079103885599835,abcd-ml,pasleep,scale,weekly,3,s012,41284804,60,out/abcd-ml_pasleep_scale_weekly_3_s012_41284804_60.pkl
7207,54.0,44.22458364972947,abcd-ml,pasleep,scale,weekly,3,s012,41284804,60,out/abcd-ml_pasleep_scale_weekly_3_s012_41284804_60.pkl
7208,64.0,47.9369493696338,abcd-ml,pasleep,scale,weekly,3,s012,41284804,60,out/abcd-ml_pasleep_scale_weekly_3_s012_41284804_60.pkl
7209,54.0,44.381991012453994,abcd-ml,pasleep,scale,weekly,3,s012,41284804,60,out/abcd-ml_pasleep_scale_weekly_3_s012_41284804_60.pkl
7210,50.0,47.49451187499101,abcd-ml,pasleep,scale,weekly,3,s012,41284804,60,out/abcd-ml_pasleep_scale_weekly_3_s012_41284804_60.pkl
7211,47.0,44.580753538665434,abcd-ml,pasleep,scale,weekly,3,s012,41284804,60,out/abcd-ml_pasleep_scale_weekly_3_s012_41284804_60.pkl
7212,50.0,47.69010829557266,abcd-ml,pasleep,scale,weekly,3,s012,41284804,60,out/abcd-ml_pasleep_scale_weekly_3_s012_41284804_60.pkl
7213,47.0,44.364300163314155,abcd-ml,pasleep,scale,weekly,3,s012,41284804,60,out/abcd-ml_pasleep_scale_weekly_3_s012_41284804_60.pkl
7214,50.0,47.083825846681094,abcd-ml,pasleep,scale,weekly,3,s012,41284804,60,out/abcd-ml_pasleep_scale_weekly_3_s012_41284804_60.pkl
7215,47.0,44.16161060040615,abcd-ml,pasleep,scale,weekly,3,s012,41284804,60,out/abcd-ml_pasleep_scale_weekly_3_s012_41284804_60.pkl
7216,50.0,47.02423082726756,abcd-ml,pasleep,scale,weekly,3,s012,41284804,60,out/abcd-ml_pasleep_scale_weekly_3_s012_41284804_60.pkl
7217,47.0,44.22709012153928,abcd-ml,pasleep,scale,weekly,3,s012,41284804,60,out/abcd-ml_pasleep_scale_weekly_3_s012_41284804_60.pkl
7218,50.0,47.984636460727955,abcd-ml,pasleep,scale,weekly,3,s012,41284804,60,out/abcd-ml_pasleep_scale_weekly_3_s012_41284804_60.pkl
7219,47.0,44.57447440804647,abcd-ml,pasleep,scale,weekly,3,s012,41284804,60,out/abcd-ml_pasleep_scale_weekly_3_s012_41284804_60.pkl
7220,50.0,48.102594017571235,abcd-ml,pasleep,scale,weekly,3,s012,41284804,60,out/abcd-ml_pasleep_scale_weekly_3_s012_41284804_60.pkl
7221,47.0,44.444148692697404,abcd-ml,pasleep,scale,weekly,3,s012,41284804,60,out/abcd-ml_pasleep_scale_weekly_3_s012_41284804_60.pkl
7222,34.0,46.60017289688302,abcd-ml,pasleep,scale,weekly,3,s012,41284804,60,out/abcd-ml_pasleep_scale_weekly_3_s012_41284804_60.pkl
7223,44.0,43.93411394943331,abcd-ml,pasleep,scale,weekly,3,s012,41284804,60,out/abcd-ml_pasleep_scale_weekly_3_s012_41284804_60.pkl
7224,34.0,46.494506136168,abcd-ml,pasleep,scale,weekly,3,s012,41284804,60,out/abcd-ml_pasleep_scale_weekly_3_s012_41284804_60.pkl
7225,44.0,44.05105552021051,abcd-ml,pasleep,scale,weekly,3,s012,41284804,60,out/abcd-ml_pasleep_scale_weekly_3_s012_41284804_60.pkl
7226,34.0,46.49725304171423,abcd-ml,pasleep,scale,weekly,3,s012,41284804,60,out/abcd-ml_pasleep_scale_weekly_3_s012_41284804_60.pkl
7227,44.0,43.73267044132695,abcd-ml,pasleep,scale,weekly,3,s012,41284804,60,out/abcd-ml_pasleep_scale_weekly_3_s012_41284804_60.pkl
7228,34.0,46.34870316559248,abcd-ml,pasleep,scale,weekly,3,s012,41284804,60,out/abcd-ml_pasleep_scale_weekly_3_s012_41284804_60.pkl
7229,44.0,43.89719650946758,abcd-ml,pasleep,scale,weekly,3,s012,41284804,60,out/abcd-ml_pasleep_scale_weekly_3_s012_41284804_60.pkl
7230,34.0,48.01059041202007,abcd-ml,pasleep,scale,weekly,3,s012,41284804,60,out/abcd-ml_pasleep_scale_weekly_3_s012_41284804_60.pkl
7231,44.0,44.21905345779548,abcd-ml,pasleep,scale,weekly,3,s012,41284804,60,out/abcd-ml_pasleep_scale_weekly_3_s012_41284804_60.pkl
7232,34.0,46.975842103369494,abcd-ml,pasleep,scale,weekly,3,s012,41284804,60,out/abcd-ml_pasleep_scale_weekly_3_s012_41284804_60.pkl
7233,44.0,43.952431861096656,abcd-ml,pasleep,scale,weekly,3,s012,41284804,60,out/abcd-ml_pasleep_scale_weekly_3_s012_41284804_60.pkl
7234,34.0,46.81594804789942,abcd-ml,pasleep,scale,weekly,3,s012,41284804,60,out/abcd-ml_pasleep_scale_weekly_3_s012_41284804_60.pkl
7235,44.0,44.12951158419756,abcd-ml,pasleep,scale,weekly,3,s012,41284804,60,out/abcd-ml_pasleep_scale_weekly_3_s012_41284804_60.pkl
7236,34.0,47.52586409953561,abcd-ml,pasleep,scale,weekly,3,s012,41284804,60,out/abcd-ml_pasleep_scale_weekly_3_s012_41284804_60.pkl
7237,34.0,44.23025225551033,abcd-ml,pasleep,scale,weekly,3,s012,41284804,60,out/abcd-ml_pasleep_scale_weekly_3_s012_41284804_60.pkl
7238,34.0,47.46553531113132,abcd-ml,pasleep,scale,weekly,3,s012,41284804,60,out/abcd-ml_pasleep_scale_weekly_3_s012_41284804_60.pkl
7239,34.0,44.29681894206652,abcd-ml,pasleep,scale,weekly,3,s012,41284804,60,out/abcd-ml_pasleep_scale_weekly_3_s012_41284804_60.pkl
7240,34.0,47.67939151142751,abcd-ml,pasleep,scale,weekly,3,s012,41284804,60,out/abcd-ml_pasleep_scale_weekly_3_s012_41284804_60.pkl
7241,34.0,44.26730838212332,abcd-ml,pasleep,scale,weekly,3,s012,41284804,60,out/abcd-ml_pasleep_scale_weekly_3_s012_41284804_60.pkl
7242,34.0,47.74784605980757,abcd-ml,pasleep,scale,weekly,3,s012,41284804,60,out/abcd-ml_pasleep_scale_weekly_3_s012_41284804_60.pkl
7243,34.0,44.19177591348116,abcd-ml,pasleep,scale,weekly,3,s012,41284804,60,out/abcd-ml_pasleep_scale_weekly_3_s012_41284804_60.pkl
7244,34.0,47.636711006117096,abcd-ml,pasleep,scale,weekly,3,s012,41284804,60,out/abcd-ml_pasleep_scale_weekly_3_s012_41284804_60.pkl
7245,34.0,44.33240498130062,abcd-ml,pasleep,scale,weekly,3,s012,41284804,60,out/abcd-ml_pasleep_scale_weekly_3_s012_41284804_60.pkl
7246,52.0,47.99550562279591,abcd-ml,pasleep,scale,weekly,3,s012,41284804,60,out/abcd-ml_pasleep_scale_weekly_3_s012_41284804_60.pkl
7247,61.0,44.261869717827494,abcd-ml,pasleep,scale,weekly,3,s012,41284804,60,out/abcd-ml_pasleep_scale_weekly_3_s012_41284804_60.pkl
7248,52.0,48.03609879233278,abcd-ml,pasleep,scale,weekly,3,s012,41284804,60,out/abcd-ml_pasleep_scale_weekly_3_s012_41284804_60.pkl
7249,61.0,44.19103895241151,abcd-ml,pasleep,scale,weekly,3,s012,41284804,60,out/abcd-ml_pasleep_scale_weekly_3_s012_41284804_60.pkl
7250,52.0,47.82144736636145,abcd-ml,pasleep,scale,weekly,3,s012,41284804,60,out/abcd-ml_pasleep_scale_weekly_3_s012_41284804_60.pkl
7251,61.0,44.45441029135209,abcd-ml,pasleep,scale,weekly,3,s012,41284804,60,out/abcd-ml_pasleep_scale_weekly_3_s012_41284804_60.pkl
7252,52.0,47.71639304687383,abcd-ml,pasleep,scale,weekly,3,s012,41284804,60,out/abcd-ml_pasleep_scale_weekly_3_s012_41284804_60.pkl
7253,61.0,44.40164372508042,abcd-ml,pasleep,scale,weekly,3,s012,41284804,60,out/abcd-ml_pasleep_scale_weekly_3_s012_41284804_60.pkl
7254,52.0,47.61508061920682,abcd-ml,pasleep,scale,weekly,3,s012,41284804,60,out/abcd-ml_pasleep_scale_weekly_3_s012_41284804_60.pkl
7255,61.0,44.51494025828548,abcd-ml,pasleep,scale,weekly,3,s012,41284804,60,out/abcd-ml_pasleep_scale_weekly_3_s012_41284804_60.pkl
7256,52.0,48.63991877585993,abcd-ml,pasleep,scale,weekly,3,s012,41284804,60,out/abcd-ml_pasleep_scale_weekly_3_s012_41284804_60.pkl
7257,61.0,44.29377296876993,abcd-ml,pasleep,scale,weekly,3,s012,41284804,60,out/abcd-ml_pasleep_scale_weekly_3_s012_41284804_60.pkl
7258,52.0,48.48655777449394,abcd-ml,pasleep,scale,weekly,3,s012,41284804,60,out/abcd-ml_pasleep_scale_weekly_3_s012_41284804_60.pkl
7259,61.0,44.46324497029899,abcd-ml,pasleep,scale,weekly,3,s012,41284804,60,out/abcd-ml_pasleep_scale_weekly_3_s012_41284804_60.pkl
7260,65.0,48.161389771847496,abcd-ml,pasleep,scale,weekly,3,s012,41284804,60,out/abcd-ml_pasleep_scale_weekly_3_s012_41284804_60.pkl
7261,48.0,44.396852080789216,abcd-ml,pasleep,scale,weekly,3,s012,41284804,60,out/abcd-ml_pasleep_scale_weekly_3_s012_41284804_60.pkl
7262,65.0,48.10286846260463,abcd-ml,pasleep,scale,weekly,3,s012,41284804,60,out/abcd-ml_pasleep_scale_weekly_3_s012_41284804_60.pkl
7263,48.0,44.46148366837274,abcd-ml,pasleep,scale,weekly,3,s012,41284804,60,out/abcd-ml_pasleep_scale_weekly_3_s012_41284804_60.pkl
7264,65.0,48.09745843025494,abcd-ml,pasleep,scale,weekly,3,s012,41284804,60,out/abcd-ml_pasleep_scale_weekly_3_s012_41284804_60.pkl
7265,48.0,44.12255219777765,abcd-ml,pasleep,scale,weekly,3,s012,41284804,60,out/abcd-ml_pasleep_scale_weekly_3_s012_41284804_60.pkl
7266,65.0,48.138394350077604,abcd-ml,pasleep,scale,weekly,3,s012,41284804,60,out/abcd-ml_pasleep_scale_weekly_3_s012_41284804_60.pkl
7267,48.0,44.02680783340643,abcd-ml,pasleep,scale,weekly,3,s012,41284804,60,out/abcd-ml_pasleep_scale_weekly_3_s012_41284804_60.pkl
7268,65.0,47.90297645572099,abcd-ml,pasleep,scale,weekly,3,s012,41284804,60,out/abcd-ml_pasleep_scale_weekly_3_s012_41284804_60.pkl
7269,48.0,44.287835161564885,abcd-ml,pasleep,scale,weekly,3,s012,41284804,60,out/abcd-ml_pasleep_scale_weekly_3_s012_41284804_60.pkl
7270,65.0,47.8019519979742,abcd-ml,pasleep,scale,weekly,3,s012,41284804,60,out/abcd-ml_pasleep_scale_weekly_3_s012_41284804_60.pkl
7271,48.0,44.388626308518184,abcd-ml,pasleep,scale,weekly,3,s012,41284804,60,out/abcd-ml_pasleep_scale_weekly_3_s012_41284804_60.pkl
